{"3496": {"51.4969329257,9.38788075": [["567329767", 51.49701, 9.3880399], ["567329767", 51.4968, 9.3873199], ["567329767", 51.4968, 9.3873199]], "51.4969374519,9.38785669394": [["567329767", 51.49701, 9.3880399], ["567329767", 51.4968, 9.3873199], ["567329767", 51.4968, 9.3873199]], "51.4966355357,9.38613329083": [["62007637", 51.49658, 9.3862299], ["567329767", 51.4966899, 9.38671], ["62007648", 51.49658, 9.3862299], ["567329767", 51.4966899, 9.38671]], "51.4971158188,9.38802047633": [["567329767", 51.4968, 9.3873199]], "51.4969324227,9.3878772296": [["567329767", 51.49701, 9.3880399], ["567329767", 51.4968, 9.3873199], ["567329767", 51.4968, 9.3873199]], "51.4972675312,9.38445162959": [["62007648", 51.4962899, 9.38491]], "51.4969306625,9.38787245192": [["567329767", 51.49701, 9.3880399], ["567329767", 51.4968, 9.3873199], ["567329767", 51.4968, 9.3873199]], "51.4969599992,9.38792869449": [["567329767", 51.49701, 9.3880399], ["567329767", 51.4968, 9.3873199], ["567329767", 51.4968, 9.3873199]], "51.4969302434,9.38771596178": [["567329767", 51.49701, 9.3880399], ["567329767", 51.4968, 9.3873199], ["567329767", 51.4968, 9.3873199]], "51.4969324227,9.38787823543": [["567329767", 51.49701, 9.3880399], ["567329767", 51.4968, 9.3873199], ["567329767", 51.4968, 9.3873199]], "51.4969490189,9.38781813718": [["567329767", 51.49701, 9.3880399], ["567329767", 51.4968, 9.3873199], ["567329767", 51.4968, 9.3873199]], "51.4972617477,9.38775703311": [["567329767", 51.49701, 9.3880399], ["567329767", 51.4968, 9.3873199]], "51.4966936223,9.38618022949": [["62007637", 51.49658, 9.3862299], ["567329767", 51.4966899, 9.38671], ["62007648", 51.49658, 9.3862299], ["567329767", 51.4966899, 9.38671]], "51.4969411399,9.38785174862": [["567329767", 51.49701, 9.3880399], ["567329767", 51.4968, 9.3873199], ["567329767", 51.4968, 9.3873199]], "51.4969322551,9.38787639141": [["567329767", 51.49701, 9.3880399], ["567329767", 51.4968, 9.3873199], ["567329767", 51.4968, 9.3873199]], "51.4968682174,9.38602223061": [["567329767", 51.4966899, 9.38671], ["567329767", 51.49658, 9.3862299]], "51.4966822229,9.38615726307": [["62007637", 51.49658, 9.3862299], ["567329767", 51.4966899, 9.38671], ["62007648", 51.49658, 9.3862299], ["567329767", 51.4966899, 9.38671]], "51.4969345182,9.38786323182": [["567329767", 51.49701, 9.3880399], ["567329767", 51.4968, 9.3873199], ["567329767", 51.4968, 9.3873199]], "51.4969323389,9.38787907362": [["567329767", 51.49701, 9.3880399], ["567329767", 51.4968, 9.3873199], ["567329767", 51.4968, 9.3873199]], "51.4964812249,9.38579717651": [["567329767", 51.4966899, 9.38671], ["62007648", 51.49658, 9.3862299]], "51.4975834452,9.38428876922": [], "51.4969323389,9.38787857071": [["567329767", 51.49701, 9.3880399], ["567329767", 51.4968, 9.3873199], ["567329767", 51.4968, 9.3873199]], "51.4969574846,9.38779382966": [["567329767", 51.49701, 9.3880399], ["567329767", 51.4968, 9.3873199], ["567329767", 51.4968, 9.3873199]], "51.4969309978,9.38786951825": [["567329767", 51.49701, 9.3880399], ["567329767", 51.4968, 9.3873199], ["567329767", 51.4968, 9.3873199]], "51.4969325904,9.38787957653": [["567329767", 51.49701, 9.3880399], ["567329767", 51.4968, 9.3873199], ["567329767", 51.4968, 9.3873199]], "51.4969324227,9.38786742277": [["567329767", 51.49701, 9.3880399], ["567329767", 51.4968, 9.3873199], ["567329767", 51.4968, 9.3873199]], "51.4969306625,9.38787815161": [["567329767", 51.4968, 9.3873199], ["567329767", 51.49701, 9.3880399], ["567329767", 51.4968, 9.3873199]], "51.4965076279,9.38486502506": [["62007648", 51.4962899, 9.38491]], "51.4963205438,9.38492327929": [["62007648", 51.4962899, 9.38491]], "51.497685872,9.38425892964": [], "51.4969339315,9.3878653273": [["567329767", 51.49701, 9.3880399], ["567329767", 51.4968, 9.3873199], ["567329767", 51.4968, 9.3873199]], "51.4969316684,9.38787479885": [["567329767", 51.49701, 9.3880399], ["567329767", 51.4968, 9.3873199], ["567329767", 51.4968, 9.3873199]], "51.4969319198,9.38787555322": [["567329767", 51.49701, 9.3880399], ["567329767", 51.4968, 9.3873199], ["567329767", 51.4968, 9.3873199]], "51.4963823184,9.38523927703": [["62007648", 51.49658, 9.3862299]], "51.4966841508,9.38654559664": [["567329767", 51.4968, 9.3873199], ["567329767", 51.4966899, 9.38671], ["62007648", 51.49658, 9.3862299]], "51.496931836,9.3878688477": [["567329767", 51.49701, 9.3880399], ["567329767", 51.4968, 9.3873199], ["567329767", 51.4968, 9.3873199]], "51.4969498571,9.38735646196": [["567329767", 51.4966899, 9.38671], ["567329767", 51.49701, 9.3880399], ["567329767", 51.4968, 9.3873199]], "51.4969322551,9.38787689433": [["567329767", 51.49701, 9.3880399], ["567329767", 51.4968, 9.3873199], ["567329767", 51.4968, 9.3873199]], "51.4969362784,9.38785945997": [["567329767", 51.49701, 9.3880399], ["567329767", 51.4968, 9.3873199], ["567329767", 51.4968, 9.3873199]], "51.4969357755,9.38786029816": [["567329767", 51.49701, 9.3880399], ["567329767", 51.4968, 9.3873199], ["567329767", 51.4968, 9.3873199]], "51.496944325,9.38784018159": [["567329767", 51.49701, 9.3880399], ["567329767", 51.4968, 9.3873199], ["567329767", 51.4968, 9.3873199]], "51.4969323389,9.38787781633": [["567329767", 51.49701, 9.3880399], ["567329767", 51.4968, 9.3873199], ["567329767", 51.4968, 9.3873199]], "51.4967492782,9.38683996908": [["567329767", 51.4966899, 9.38671], ["567329767", 51.49658, 9.3862299], ["62007648", 51.49658, 9.3862299], ["567329767", 51.4968, 9.3873199]], "51.4967048541,9.38642229885": [["567329767", 51.4966899, 9.38671], ["567329767", 51.49658, 9.3862299], ["567329767", 51.4968, 9.3873199], ["62007637", 51.49658, 9.3862299]], "51.4969329257,9.38788024709": [["567329767", 51.49701, 9.3880399], ["567329767", 51.4968, 9.3873199], ["567329767", 51.4968, 9.3873199]], "51.4976861235,9.38426261768": [], "51.4969305787,9.38787002116": [["567329767", 51.49701, 9.3880399], ["567329767", 51.4968, 9.3873199], ["567329767", 51.4968, 9.3873199]], "51.4967702329,9.38704147004": [["567329767", 51.4966899, 9.38671], ["62007648", 51.49658, 9.3862299], ["567329767", 51.4968, 9.3873199], ["567329767", 51.49701, 9.3880399]], "51.4971753303,9.38742351718": [["567329767", 51.4966899, 9.38671], ["567329767", 51.49701, 9.3880399], ["567329767", 51.4968, 9.3873199]], "51.4969303273,9.38787102699": [["567329767", 51.49701, 9.3880399], ["567329767", 51.4968, 9.3873199], ["567329767", 51.4968, 9.3873199]], "51.4969311655,9.38787396066": [["567329767", 51.49701, 9.3880399], ["567329767", 51.4968, 9.3873199], ["567329767", 51.4968, 9.3873199]], "51.4969321713,9.38787605613": [["567329767", 51.49701, 9.3880399], ["567329767", 51.4968, 9.3873199], ["567329767", 51.4968, 9.3873199]], "51.4969329257,9.38788058236": [["567329767", 51.49701, 9.3880399], ["567329767", 51.4968, 9.3873199], ["567329767", 51.4968, 9.3873199]], "51.4977094252,9.38424132764": [], "51.4969328418,9.38787982799": [["567329767", 51.49701, 9.3880399], ["567329767", 51.4968, 9.3873199], ["567329767", 51.4968, 9.3873199]], "51.496931836,9.38787521794": [["567329767", 51.49701, 9.3880399], ["567329767", 51.4968, 9.3873199], ["567329767", 51.4968, 9.3873199]], "51.4969329257,9.38788091764": [["567329767", 51.49701, 9.3880399], ["567329767", 51.4968, 9.3873199], ["567329767", 51.4968, 9.3873199]], "51.4977281168,9.38423856162": [], "51.4969243761,9.38465313055": [["62007648", 51.4962899, 9.38491]], "51.4969521202,9.38780522905": [["567329767", 51.49701, 9.3880399], ["567329767", 51.4968, 9.3873199], ["567329767", 51.4968, 9.3873199]], "51.4969308302,9.38787337393": [["567329767", 51.49701, 9.3880399], ["567329767", 51.4968, 9.3873199], ["567329767", 51.4968, 9.3873199]], "51.4969385415,9.38785543665": [["567329767", 51.49701, 9.3880399], ["567329767", 51.4968, 9.3873199], ["567329767", 51.4968, 9.3873199]], "51.4968639426,9.38729401678": [["567329767", 51.4966899, 9.38671], ["567329767", 51.4968, 9.3873199], ["567329767", 51.4966899, 9.38671], ["567329767", 51.49701, 9.3880399]]}}