{"15438": {"52.1024602186,9.38745612279": [], "52.1024557762,9.38745536841": [], "52.1014138218,9.37948686071": [["586485080", 52.1014199, 9.3794999], ["586485080", 52.1014199, 9.3794999]], "52.1021734737,9.38274113461": [], "52.1028954908,9.38788544387": [["51940092", 52.1027999, 9.3878999], ["743497517", 52.1027999, 9.3878999], ["762997981", 52.1027999, 9.3878999]], "52.1014065295,9.37950932421": [["586485080", 52.1014199, 9.3794999], ["586485080", 52.1014199, 9.3794999]], "52.1024587937,9.38745629042": [], "52.1030951478,9.3881511502": [], "52.1024664212,9.38746961765": [], "52.102460973,9.38745578751": [], "52.1029207204,9.38739778474": [["762997981", 52.10289, 9.3873199]], "52.1024561953,9.38745595515": [], "52.1019993816,9.3819562532": [], "52.1014055237,9.379506642": [["586485080", 52.1014199, 9.3794999], ["586485080", 52.1014199, 9.3794999]], "52.1024539322,9.38745293766": [], "52.1024352405,9.37838522717": [["51940276", 52.1024999, 9.3783199]], "52.1017805301,9.37875646167": [["51938472", 52.10173, 9.3787]], "52.1024611406,9.3874552846": [], "52.1024541836,9.38745453022": [], "52.1026596241,9.38746802509": [], "52.1024673432,9.3875328172": [], "52.1014127322,9.37947948463": [["586485080", 52.1014199, 9.3794999], ["586485080", 52.1014199, 9.3794999]], "52.1014026739,9.37948459759": [["586485080", 52.1014199, 9.3794999], ["586485080", 52.1014199, 9.3794999]], "52.1023534331,9.38367663883": [], "52.1028737817,9.3878565263": [["743497517", 52.1027999, 9.3878999], ["51940092", 52.1027999, 9.3878999], ["762997981", 52.1027999, 9.3878999]], "52.1017162409,9.38071807846": [], "52.101634685,9.38037081622": [], "52.101430418,9.37948912382": [["586485080", 52.1014199, 9.3794999]], "52.1024590451,9.38745612279": [], "52.1024594642,9.38745595515": [], "52.1032701619,9.37813402154": [], "52.1024542674,9.38745419495": [], "52.1025075763,9.38752586022": [], "52.101858817,9.38136725686": [["792584004", 52.1018199, 9.38132]], "52.1027269308,9.38569433056": [], "52.102537835,9.38468062319": [], "52.1021975297,9.37852872536": [["51938472", 52.10216, 9.37846]], "52.1014060266,9.37950882129": [["586485080", 52.1014199, 9.3794999], ["586485080", 52.1014199, 9.3794999]], "52.1028784756,9.38785183243": [["743497517", 52.1027999, 9.3878999], ["51940092", 52.1027999, 9.3878999], ["762997981", 52.1027999, 9.3878999]], "52.1027927287,9.38772476278": [["762997981", 52.10285, 9.38769]], "52.1014421526,9.37913616188": [], "52.1024532616,9.38745059073": [], "52.1024541836,9.3874535244": [], "52.102456782,9.3874566257": [], "52.1029341314,9.38797538169": [["51940092", 52.10298, 9.38802]], "52.1024575364,9.38745654188": [], "52.1029182896,9.38794487156": [["51940092", 52.10298, 9.38802]], "52.1027451195,9.38748713583": [], "52.1024545189,9.38745453022": [], "52.1015171707,9.37985667028": [], "52.1014097985,9.37949675135": [["586485080", 52.1014199, 9.3794999], ["586485080", 52.1014199, 9.3794999]], "52.1027561836,9.38748981804": [], "52.1024606377,9.38745578751": [], "52.1024540998,9.38745478168": [], "52.1034007519,9.37848564237": [], "52.1028786432,9.3878741283": [["51940092", 52.1027999, 9.3878999], ["743497517", 52.1027999, 9.3878999], ["762997981", 52.1027999, 9.3878999]], "52.1028888691,9.38660292886": [], "52.1016054321,9.38024718314": [], "52.1029226482,9.3780457601": [["51940294", 52.1029699, 9.3781199]], "52.1036152449,9.37852612697": [], "52.1031470317,9.38806775026": [], "52.1014065295,9.37950261869": [["586485080", 52.1014199, 9.3794999], ["586485080", 52.1014199, 9.3794999]]}}