{"14930": {"51.9777556881,8.61546716653": [], "51.9851071201,8.615163574": [], "51.9965214282,8.61908714287": [], "51.9867341314,8.6150869634": [["76181664", 51.9867999, 8.6151799]], "51.9915015902,8.61685688607": [], "52.019434534,8.63398673013": [], "51.9715092424,8.61253484152": [["51579642", 51.9714299, 8.6124499], ["51579635", 51.9714299, 8.6124499]], "51.9647747185,8.59559048899": [], "51.9927506614,8.6174436193": [], "52.0420692768,8.65004494786": [], "51.9727801904,8.61388709396": [], "51.9883504976,8.61549122259": [], "52.0612581354,8.66025343537": [["76184379", 52.0612399, 8.6603]], "51.9641267974,8.59331362881": [], "51.9663832895,8.60114668496": [], "51.9702878315,8.61045168713": [], "51.9949497376,8.61840125173": [["75422723", 51.9950099, 8.61844]], "51.9896154944,8.61603998579": [], "52.0632909983,8.66083388217": [], "51.9670204818,8.60299103893": [], "51.9744754303,8.61487942748": [], "51.9685871433,8.60665468499": [], "52.0145414304,8.63175655715": [["75410662", 52.0145399, 8.6318099]], "51.9977801386,8.61963347532": [], "51.9677335303,8.60474998131": [], "51.9693981763,8.60847339034": [], "51.9795555342,8.61569699831": [], "52.015737528,8.63240799867": [], "52.017877344,8.63339195028": [], "52.0561042707,8.65868727677": [], "51.9655552413,8.5983074829": [["792749304", 51.96557, 8.59836]], "51.9811848924,8.61589145847": [["76181664", 51.98123, 8.61598]], "51.9763028529,8.61526248045": []}, "14929": {"51.8953820318,8.4567642957": [], "51.9436335471,8.54376945645": [["75410554", 51.9435699, 8.5437099]], "51.9395732693,8.53787739761": [], "51.8945082184,8.45450562425": [["75411979", 51.89447, 8.45442], ["76186104", 51.8945299, 8.45458], ["75410521", 51.89444, 8.4544999], ["75410519", 51.89444, 8.4544999]], "51.942679435,8.54203775525": [], "51.8962242454,8.45918473788": [], "51.941165328,8.5397654213": [], "51.8936094269,8.45239254646": [], "51.9037974626,8.4954188671": []}, "18862": {"52.2757848166,8.89797728509": [["61147123", 52.2757499, 8.89792], ["61147124", 52.2757499, 8.89792], ["61147156", 52.2757499, 8.89792]], "52.2769901343,8.90224417672": [], "52.2769425251,8.90227309428": [], "52.275784146,8.89797359705": [["61147123", 52.2757499, 8.89792], ["61147124", 52.2757499, 8.89792], ["61147156", 52.2757499, 8.89792]], "52.276041219,8.89853325672": [], "52.2771304473,8.90341009945": [["763650420", 52.2771399, 8.90342], ["763650420", 52.27716, 8.90337], ["61149527", 52.27708, 8.9035], ["61149539", 52.2772299, 8.9034699]], "52.2757843975,8.89797183685": [["61147123", 52.2757499, 8.89792], ["61147124", 52.2757499, 8.89792], ["61147156", 52.2757499, 8.89792]], "52.2771212272,8.90291581862": [["763650420", 52.2771399, 8.90284]], "52.276880499,8.90212339349": [], "52.276978232,8.90223646536": [], "52.2767148726,8.90139115043": [], "52.2771586943,8.90313693322": [["763650420", 52.2771699, 8.9030499], ["763650420", 52.27718, 8.9031799]], "52.2764235176,8.900129674": [], "52.2758677974,8.89805356041": [], "52.2757894266,8.89794006944": [["61147124", 52.2757499, 8.89792], ["61147156", 52.2757499, 8.89792], ["61147123", 52.2757499, 8.89792]], "52.2757838946,8.89797049575": [["61147123", 52.2757499, 8.89792], ["61147124", 52.2757499, 8.89792], ["61147156", 52.2757499, 8.89792]], "52.27705786,8.90266519971": [["763650420", 52.2770999, 8.9026]], "52.2757821344,8.89796261676": [["61147123", 52.2757499, 8.89792], ["61147124", 52.2757499, 8.89792], ["61147156", 52.2757499, 8.89792]], "52.2770039644,8.90228985809": [], "52.2769940738,8.90224987641": []}}