{"25612": {"53.4329689946,10.2183629852": [], "53.4276468214,10.2128739282": [], "53.4277846199,10.2149828989": [["780279793", 53.42783, 10.2150299], ["51684000", 53.42783, 10.2150299], ["51683871", 53.42783, 10.2150299]], "53.4288204554,10.2150645386": [], "53.4313049354,10.2170188632": [], "53.4338126332,10.2190421708": [], "53.4321384318,10.2176839672": [["51683564", 53.4322, 10.2177]], "53.4276875574,10.2116218396": [], "53.4287829883,10.2052574605": [["51683871", 53.4287999, 10.20532]], "53.4346373286,10.219710879": [], "53.4277663473,10.2148482855": [], "53.4278186504,10.2103684936": [], "53.4277773276,10.2149345353": [["51683871", 53.42783, 10.2150299], ["780279793", 53.42783, 10.2150299], ["51684000", 53.42783, 10.2150299]], "53.4296381939,10.2156568877": [], "53.4285113309,10.2049497608": [["773477794", 53.42851, 10.2049799]], "53.428072622,10.2091453224": [], "53.4283536673,10.2078948263": [], "53.4277768247,10.2149376366": [["51683871", 53.42783, 10.2150299], ["780279793", 53.42783, 10.2150299], ["51684000", 53.42783, 10.2150299]], "53.4287676495,10.2056653239": [], "53.4304653201,10.2163368277": [], "53.4285802301,10.2066426538": [], "53.4276960231,10.2140340675": [], "53.4356294945,10.2205114346": [], "53.4364611469,10.2211936377": [], "53.4281404316,10.2150486968": [], "53.4281548485,10.2045495249": [["773477793", 53.4281699, 10.2045599]], "53.4372879378,10.2218739968": []}}