{"17764": {"52.3582372628,9.86175323837": [], "52.3581908271,9.86172641627": []}, "17760": {"52.3578781821,9.86153849401": [], "52.3579687905,9.86150865443": [], "52.3581526894,9.86147772521": [["586503799", 52.35807, 9.86156], ["586503804", 52.35807, 9.86156], ["60098783", 52.35807, 9.86156]], "52.3579033278,9.86147956923": [], "52.3581271246,9.86145132221": [], "52.3580085207,9.86175214872": [], "52.3580370191,9.86157629639": [["586503799", 52.35807, 9.86156], ["60098783", 52.35807, 9.86156], ["586503804", 52.35807, 9.86156]], "52.3580091912,9.86157353036": [["586503799", 52.35807, 9.86156], ["60098783", 52.35807, 9.86156], ["586503804", 52.35807, 9.86156]], "52.3578602448,9.86157269217": [], "52.3581420444,9.86143799499": [], "52.3578975443,9.86145417206": [], "52.3579183314,9.86142123118": [], "52.3579115421,9.86143229529": [], "52.3579368554,9.86135358922": [["60098783", 52.3578899, 9.86129]], "52.3579815309,9.86163899302": [["586503799", 52.35807, 9.86156], ["586503804", 52.35807, 9.86156], ["60098783", 52.35807, 9.86156]]}, "17757": {"52.3653936479,9.8916845955": [["783515131", 52.36536, 9.89174]], "52.3605996184,9.86951278523": [["792574570", 52.3605399, 9.86953], ["792574570", 52.3605399, 9.86953]], "52.3795066774,9.89725923166": [], "52.367923893,9.89309476689": [["554712370", 52.3679999, 9.8931799]], "52.3608688451,9.87132838927": [], "52.3598366976,9.87806978635": [], "52.3771972954,9.89647887647": [], "52.3598975502,9.88428412937": [["51926727", 52.35986, 9.8843499]], "52.3607871216,9.87033463083": [], "52.3692600522,9.89369583316": [], "52.3623861372,9.88910766318": [["722645858", 52.36229, 9.88905]], "52.3609488923,9.87226531841": [["792574571", 52.3609099, 9.8723299], ["792574570", 52.36092, 9.8721699]], "52.3819122836,9.89800354466": [], "52.3601163179,9.87437504344": [], "52.3843779881,9.89862615243": [["554745489", 52.3844099, 9.89867]], "52.3642598279,9.89084992558": [], "52.3601101991,9.88541694358": [["67952375", 52.3600799, 9.8854299]], "52.3831381369,9.89833387546": [], "52.3605965171,9.86951337196": [["792574570", 52.3605399, 9.86953], ["792574570", 52.3605399, 9.86953]], "52.3602803517,9.88661454991": [["67952375", 52.3602799, 9.8866099]], "52.3606160469,9.87295808271": [], "52.3783415928,9.89686553366": [], "52.3604186531,9.8691845499": [], "52.3632576875,9.89002062008": [["554745492", 52.36319, 9.8901199]], "52.3597428203,9.86774738878": [["724027935", 52.3597199, 9.8677399]], "52.3806996737,9.89764203317": [], "52.3605938349,9.86950666644": [["792574570", 52.3605399, 9.86953], ["792574570", 52.3605399, 9.86953]], "52.3608428612,9.88746355288": [], "52.3594227992,9.88130327314": [], "52.3594522197,9.86666612327": [], "52.3591818195,9.86555434763": [], "52.3606359959,9.8696324788": [["792574570", 52.3606099, 9.8697]], "52.3719500564,9.89474382252": [], "52.3758386727,9.89602164365": [], "52.366627967,9.89243703894": [["572247179", 52.36653, 9.89243]], "52.3706047609,9.8942672275": [["554745490", 52.37064, 9.89427]], "52.3732717987,9.89519946277": [], "52.3605975229,9.8695117794": [["792574570", 52.3605399, 9.86953], ["792574570", 52.3605399, 9.86953]], "52.3600497656,9.87593407743": [], "52.3600658588,9.86856244504": [], "52.3746025935,9.89565359429": [], "52.3594312649,9.88346655853": [["51926730", 52.3594599, 9.88355], ["51926730", 52.35938, 9.88342]], "52.3592781276,9.88253859803": [], "52.3596012499,9.87977877259": [], "52.3601744883,9.87343048677": [], "52.3615707457,9.88823133521": []}, "17758": {"52.3582207505,9.86167704687": [], "52.3582234327,9.86166547984": [], "52.3582270369,9.86159993336": [], "52.3582236841,9.86163295805": [], "52.3582298867,9.86165408045": [], "52.358206585,9.86168341711": [], "52.3582025617,9.86165709794": []}}