{"36676": {"50.7613706309,9.59854781628": [], "50.7617692742,9.59719455801": [], "50.7617262751,9.59735884331": [["567285777", 50.7617, 9.59744]], "50.7616773248,9.59752036259": [["567285777", 50.7617, 9.59744]], "50.7615446392,9.59797482938": [], "50.7621409278,9.59619862027": [], "50.7620041352,9.59654219449": [], "50.7613706309,9.59854798391": [], "50.7613681164,9.59854521789": [], "50.761643881,9.59764072672": [], "50.7617997844,9.59704762325": [], "50.7615726348,9.59788053297": [], "50.7613686193,9.59854756482": [], "50.7620864455,9.59634329192": [["567285777", 50.76206, 9.59633]], "50.7618988585,9.59679306485": [], "50.761610521,9.59775337949": [], "50.7613696251,9.59854781628": [], "50.7617809251,9.59711425938": [], "50.7617804222,9.59711224772": [], "50.7615019754,9.59810919128": [], "50.7621402573,9.5961996261": [], "50.7613704633,9.59854781628": [], "50.7613792643,9.59848168306": [], "50.7614586409,9.59823793732": [["771991207", 50.76147, 9.5982099]], "50.7617815956,9.59711492993": [], "50.7619539276,9.59666742012": [], "50.7618441246,9.59691736847": [], "50.7614136301,9.59836752154": [], "50.7617859542,9.59712062962": []}, "779937": {"50.6800534297,10.9144815523": [], "50.6799793337,10.9150456544": [], "50.6782285217,10.9062293172": [["586833665", 50.6781999, 10.9062]], "50.6797008868,10.9074185416": [], "50.6783534959,10.9299435653": [], "50.680849459,10.9103661217": [["565435869", 50.68088, 10.91037]], "50.6804974191,10.9307793248": [["536891409", 50.6804999, 10.9308699], ["536891409", 50.6804999, 10.9308699]], "50.6769905984,10.9241849463": [], "50.6788304262,10.9301740676": [], "50.679219095,10.9200586192": [["536891468", 50.6791899, 10.92008], ["548032509", 50.6791899, 10.92008]], "50.6805932242,10.9118389897": [], "50.6775495876,10.9295485262": [], "50.6813249644,10.9097686596": [["536891480", 50.68141, 10.90968], ["586833670", 50.68141, 10.90968]], "50.6769741699,10.9287381638": [], "50.6791740842,10.9072019532": [["536891516", 50.67926, 10.90722]], "50.6807551626,10.9112986922": [], "50.6777996197,10.9218907356": [], "50.6782162841,10.9212083649": [["536891416", 50.67812, 10.92123]], "50.6805870216,10.9305843618": [["536891409", 50.68065, 10.93049]], "50.6803610455,10.931087276": [["536891409", 50.68038, 10.93115]], "50.6809210405,10.9090946708": [["586833666", 50.6808999, 10.90906]], "50.6802694313,10.9077392332": [["536891517", 50.68029, 10.90777]], "50.679698959,10.9195433836": [], "50.6774301454,10.9294576664": [], "50.6812802888,10.909539666": [["586833666", 50.68124, 10.90952]], "50.6801954191,10.9189298283": [["536891461", 50.6802399, 10.91894], ["586820055", 50.6802399, 10.91894], ["548091806", 50.6802399, 10.91894]], "50.6814954523,10.9289291874": [], "50.6772003975,10.9291761182": [], "50.6767817214,10.9279762488": [], "50.6811581645,10.9286073223": [], "50.6799695268,10.9183781315": [], "50.677472055,10.9225975815": [], "50.679847151,10.9164470248": [], "50.6797918305,10.9171234444": [], "50.6802377477,10.9134351555": [], "50.6799329817,10.9155110177": [], "50.6804181263,10.9126289841": [], "50.6778780743,10.9297169186": [], "50.6798685249,10.9306712821": [], "50.6801423617,10.931084929": [], "50.681255227,10.9286099207": [], "50.6801886298,10.9189329296": [["536891461", 50.6802399, 10.91894], ["548091806", 50.6802399, 10.91894], ["586820055", 50.6802399, 10.91894]], "50.6808295939,10.9107067622": [], "50.6786797196,10.9067767393": [["536891516", 50.6787599, 10.90683]], "50.6801344827,10.9139621258": [], "50.6771996431,10.9233278967": [], "50.6767746806,10.9271178581": [], "50.6787594315,10.9205723461": [], "50.6793245394,10.9303968586": [], "50.6808149256,10.9299190901": [["536891409", 50.68084, 10.9298199]], "50.6800498255,10.9191137273": [], "50.6798975263,10.9159304481": [], "50.6798270345,10.9178482275": [["586820056", 50.67986, 10.91792]], "50.6801602989,10.9187232982": [], "50.6801788229,10.9189360309": [["536891461", 50.6802399, 10.91894], ["548091806", 50.6802399, 10.91894], ["586820055", 50.6802399, 10.91894]], "50.6768723298,10.9250921197": [], "50.6806210522,10.9083945304": [["586833667", 50.6806699, 10.9084799]], "50.680186199,10.9189319238": [["536891461", 50.6802399, 10.91894], ["548091806", 50.6802399, 10.91894], ["586820055", 50.6802399, 10.91894]], "50.6768211164,10.9260055795": [], "50.6810924504,10.9100110643": [], "50.6809986569,10.9291491285": [["536891409", 50.6809899, 10.9291599]]}, "36675": {"50.7599632256,9.60357192904": [], "50.7598951645,9.60386093706": [], "50.76048458,9.60181717761": [], "50.759876892,9.60383906029": [], "50.7602605317,9.60250742733": [], "50.7598168775,9.60427793674": [], "50.7601828314,9.60277556442": [["67193248", 50.76025, 9.60275]], "50.7601444423,9.60291135125": [["61950177", 50.76019, 9.6029699]], "50.7603957318,9.60207525641": [], "50.7609858178,9.59996611811": [], "50.760891689,9.60031069815": [["771991206", 50.76088, 9.6004099]], "50.7605843246,9.60149187595": [], "50.7598876208,9.60385305807": [], "50.7605741825,9.60154443048": [], "50.7605852466,9.60149263032": [], "50.7598955836,9.60386177525": [], "50.7604399882,9.6019479353": [], "50.7609859854,9.59996678866": [], "50.7600355614,9.60332022049": [], "50.7598214876,9.60435538553": [], "50.7607867476,9.6006980259": [], "50.7606237195,9.6013485454": [], "50.7603564207,9.60220802575": [], "50.7605863363,9.60148039274": [], "50.7598782331,9.60383973084": [], "50.7605859172,9.60149304941": [], "50.7609865721,9.59996762685": [], "50.7609336823,9.60015085526": [], "50.760806445,9.6006081719": [], "50.7601005211,9.60305769928": [["61950177", 50.76019, 9.6029699]], "50.7599061448,9.60372976027": [], "50.7598939911,9.60385808721": [], "50.7598964218,9.60386269726": [], "50.7598953322,9.60386143997": [], "50.7608466782,9.60047565401": [["771991206", 50.76088, 9.6004099]], "50.7598758861,9.6038382221": [], "50.760737462,9.60091997869": [], "50.7598732878,9.60383151658": [], "50.7599957474,9.60345969535": [], "50.7609863207,9.59996603429": [], "50.7603133377,9.60234708153": [], "50.7605291717,9.60168306716": [], "50.759875467,9.60383771919": [], "50.7598333899,9.60437072441": [], "50.7598035503,9.60433074273": [], "50.7607046887,9.60105911829": [], "50.760064479,9.60318753496": [], "50.7598969247,9.60387443192": [], "50.7609854825,9.59997408092": [], "50.7598783169,9.6038399823": [], "50.7598709408,9.60382564925": [], "50.760219628,9.60263935849": [], "50.7598344795,9.60437122732": [], "50.7598854415,9.60378399119": [], "50.7607531361,9.60083272308": [], "50.7606662996,9.6012018621": [], "50.7598747965,9.60383595899": [], "50.7609918527,9.59992848337": [], "50.7598784845,9.60384031758": [], "50.7598479744,9.60416117683": [], "50.7598762214,9.60402161814": [], "50.7599279378,9.60366614163": []}, "36674": {"50.7595034782,9.60544293746": [], "50.7596495748,9.6049467288": [], "50.7596396841,9.60497849621": [], "50.7595620677,9.60523154587": [], "50.7596155442,9.60507497191": []}}