{"17764": {"52.3584032245,9.86115359701": [], "52.3582359217,9.86193101853": [["586503804", 52.35819, 9.86202], ["586503805", 52.35819, 9.86202]], "52.358044982,9.86172792502": [], "52.3608072381,9.84610682353": [], "52.3598558921,9.84932212159": [], "52.359273266,9.85301233828": [["51918371", 52.35927, 9.8530699]], "52.3602520209,9.84670151956": [], "52.3580175731,9.86169624142": [], "52.3584048171,9.86208532937": [["586503805", 52.35846, 9.86214], ["586503800", 52.35846, 9.86214], ["586503802", 52.35846, 9.86214]], "52.3580586445,9.86156506464": [["586503799", 52.35807, 9.86156], ["60098783", 52.35807, 9.86156], ["586503804", 52.35807, 9.86156]], "52.3616306763,9.84744675457": [], "52.3613498826,9.84701332636": [], "52.3588323779,9.85591758974": [["51918407", 52.35885, 9.85583]], "52.3584213294,9.86207694747": [["586503805", 52.35846, 9.86214], ["586503800", 52.35846, 9.86214], ["586503802", 52.35846, 9.86214]], "52.3580825329,9.86160974018": [["586503804", 52.35807, 9.86156], ["60098783", 52.35807, 9.86156], ["586503799", 52.35807, 9.86156]], "52.3583821859,9.86030702479": [["586503801", 52.35836, 9.86034]], "52.3605375923,9.84570482746": [["51918163", 52.36052, 9.84564]], "52.3594470229,9.8521157261": [], "52.35871654,9.85690103844": [], "52.3580776714,9.86160177737": [["586503804", 52.35807, 9.86156], ["60098783", 52.35807, 9.86156], ["586503799", 52.35807, 9.86156]], "52.3582535237,9.86201944761": [["586503805", 52.35819, 9.86202]], "52.3589854315,9.85492978245": [], "52.3623872269,9.84808696434": [], "52.3584584612,9.86185222864": [["586503802", 52.35843, 9.8618899]], "52.3601314891,9.84761212952": [], "52.3599797767,9.84848116525": [], "52.3603740614,9.84585922211": [], "52.3582727183,9.86194082536": [["586503805", 52.35819, 9.86202], ["586503804", 52.35819, 9.86202]], "52.3585162964,9.85871706158": [], "52.3578914255,9.86188793555": [], "52.3579587322,9.86180528998": [], "52.3620766774,9.84820338897": [["51918163", 52.36214, 9.8482699], ["51917876", 52.36214, 9.8482699]], "52.3580657691,9.86158987507": [["586503799", 52.35807, 9.86156], ["586503804", 52.35807, 9.86156], ["60098783", 52.35807, 9.86156]], "52.3580490891,9.86161803827": [["586503799", 52.35807, 9.86156], ["586503804", 52.35807, 9.86156], ["60098783", 52.35807, 9.86156]], "52.3580700438,9.86159222201": [["586503804", 52.35807, 9.86156], ["586503799", 52.35807, 9.86156], ["60098783", 52.35807, 9.86156]], "52.3620804492,9.84823632985": [["51918163", 52.36214, 9.8482699], ["51917876", 52.36214, 9.8482699]], "52.3579400405,9.8618714232": [], "52.359119961,9.85396552831": [["51918371", 52.3591299, 9.85393]], "52.3610632215,9.84654368833": [], "52.3596659582,9.85080513172": [], "52.3580564652,9.86160856672": [["586503799", 52.35807, 9.86156], ["586503804", 52.35807, 9.86156], ["60098783", 52.35807, 9.86156]], "52.358608162,9.85787652433": [], "52.3595790379,9.85136537813": [], "52.3584452178,9.859485263": [["554758941", 52.35842, 9.85945], ["722829095", 52.35842, 9.85945]], "52.3597407248,9.85012066551": [], "52.358064428,9.86191383563": [], "52.3622018192,9.84822384082": [], "52.361910129,9.84788018279": [["51918163", 52.36198, 9.8478499]]}}