{"73354": {"52.2062951513,8.79144807346": [], "52.206350388,8.79273218103": [], "52.2083010245,8.8064946793": [], "52.2063127533,8.79136182368": [], "52.2063210513,8.79073309712": [], "52.2085975762,8.80729322322": [], "52.2090196889,8.80801884457": [], "52.2083797306,8.80670732819": [["772957110", 52.20838, 8.8067999], ["74604964", 52.20838, 8.8067999], ["74604962", 52.20838, 8.8067999]], "52.2080559377,8.80507973023": [["772957109", 52.2080544, 8.8050884], ["772957109", 52.2080544, 8.8050884]], "52.2060574405,8.79640228115": [], "52.2084632982,8.80696222186": [], "52.2062981687,8.79144622944": [], "52.2083811555,8.80670732819": [["772957110", 52.20838, 8.8067999], ["74604964", 52.20838, 8.8067999], ["74604962", 52.20838, 8.8067999]], "52.2081749607,8.805864444": [], "52.2091045976,8.80818882957": [], "52.2093057632,8.80849015899": [["74604964", 52.20923, 8.80846], ["74603247", 52.20923, 8.80846], ["74603246", 52.20923, 8.80846]], "52.2062969953,8.79144706763": [], "52.2084038705,8.80682819523": [["74604964", 52.20838, 8.8067999], ["772957110", 52.20838, 8.8067999], ["74604962", 52.20838, 8.8067999]], "52.2075031511,8.8025661651": [["74605079", 52.20747, 8.8025399]], "52.2059201449,8.79864653572": [], "52.208102541,8.8054143358": [], "52.2094686236,8.80882132798": [], "52.2083829995,8.80670749582": [["772957110", 52.20838, 8.8067999], ["74604964", 52.20838, 8.8067999], ["74604962", 52.20838, 8.8067999]], "52.2090207785,8.80804943852": [], "52.2084950656,8.80703439005": [["74604964", 52.20852, 8.80712], ["74604964", 52.20852, 8.80712]], "52.2080316301,8.80489868112": [], "52.2063137591,8.79176784307": [], "52.2080497351,8.80504234694": [["772957109", 52.2080544, 8.8050884], ["772957109", 52.2080544, 8.8050884]], "52.2080496512,8.80504427478": [["772957109", 52.2080544, 8.8050884], ["772957109", 52.2080544, 8.8050884]], "52.2062913794,8.7914552819": [], "52.2083834186,8.80671252497": [["772957110", 52.20838, 8.8067999], ["74604964", 52.20838, 8.8067999], ["74604962", 52.20838, 8.8067999]], "52.2080550995,8.80504553206": [["772957109", 52.2080544, 8.8050884], ["772957109", 52.2080544, 8.8050884]], "52.2087976523,8.80766563118": [], "52.2093426436,8.8085641712": [], "52.2070445772,8.80164482631": [], "52.2080555186,8.8050461188": [["772957109", 52.2080544, 8.8050884], ["772957109", 52.2080544, 8.8050884]], "52.2079550195,8.80435268395": [["772957112", 52.2079699, 8.80437], ["61362407", 52.2079699, 8.80437]], "52.2090164199,8.80802186206": [], "52.2085260786,8.80712793209": [["74604964", 52.20852, 8.80712], ["74604964", 52.20852, 8.80712]], "52.2080544289,8.80504536442": [["772957109", 52.2080544, 8.8050884], ["772957109", 52.2080544, 8.8050884]], "52.2090212815,8.8080167491": [], "52.2080513276,8.80504502915": [["772957109", 52.2080544, 8.8050884], ["772957109", 52.2080544, 8.8050884]], "52.2059093323,8.79753056914": [["587010382", 52.2059399, 8.7976199]], "52.2062961571,8.79144748673": [], "52.2078193165,8.80347442813": [["772957111", 52.2078, 8.8033899]], "52.2065120749,8.8005820848": [["74617675", 52.2065299, 8.8006399], ["772952246", 52.2065299, 8.8006399]], "52.208383251,8.80670892075": [["772957110", 52.20838, 8.8067999], ["74604964", 52.20838, 8.8067999], ["74604962", 52.20838, 8.8067999]], "52.206292972,8.79145218059": [], "52.2080553509,8.80504603498": [["772957109", 52.2080544, 8.8050884], ["772957109", 52.2080544, 8.8050884]], "52.2063291818,8.78990052268": [], "52.2061462887,8.79967868328": [["772952243", 52.20618, 8.79977]], "52.2083779704,8.80672157742": [["772957110", 52.20838, 8.8067999], ["74604964", 52.20838, 8.8067999], ["74604962", 52.20838, 8.8067999]], "52.2080533393,8.80504519679": [["772957109", 52.2080544, 8.8050884], ["772957109", 52.2080544, 8.8050884]], "52.2097551171,8.80933245644": [], "52.2089888435,8.80796972662": [], "52.206293894,8.79144933075": [], "52.2092176694,8.80834976211": [], "52.2090453375,8.80809889175": [], "52.2063771263,8.79412307404": [["587010387", 52.20641, 8.7940999], ["74607935", 52.20641, 8.7940999]], "52.2080552671,8.80504578352": [["772957109", 52.2080544, 8.8050884], ["772957109", 52.2080544, 8.8050884]], "52.2062980849,8.79503913224": [["74607935", 52.20632, 8.7949899]], "52.2096721362,8.80919457413": [["74831880", 52.20959, 8.80916], ["809247756", 52.20959, 8.80916], ["74603247", 52.20959, 8.80916]]}, "73353": {"52.2039565165,8.75794476829": [], "52.2031789273,8.75400912948": [], "52.2052266262,8.7636768166": [], "52.2043811437,8.75987838954": [], "52.202376863,8.74129026197": [], "52.2031945176,8.69653567672": [], "52.2071260493,8.72525777668": [["792862285", 52.20703, 8.7253299]], "52.2022367176,8.74609543942": [["51517742", 52.2022599, 8.74609], ["61375680", 52.2023299, 8.74612]], "52.205622755,8.76559099182": [], "52.2044974845,8.69852378033": [], "52.2080556862,8.70904642157": [["587026397", 52.20812, 8.70898]], "52.2048096266,8.76177705824": [], "52.2065600194,8.70312913321": [], "52.2062156908,8.76912622713": [], "52.2026504483,8.73926033266": [], "52.207352696,8.7057394255": [], "52.202318944,8.74768146314": [], "52.2022403218,8.74369737692": [], "52.2028257977,8.75204072334": [["75410494", 52.2028499, 8.75197]], "52.2064469475,8.77082389779": [], "52.2060109209,8.76776232384": [], "52.2067508753,8.77433918416": [], "52.2054271214,8.73031759635": [], "52.2035511676,8.75598424114": [], "52.2056162171,8.70071363635": [], "52.2045549843,8.73265346512": [], "52.2037584521,8.73491037637": [], "52.206625063,8.77254252322": [], "52.2025002446,8.74966562726": [["61375679", 52.2025899, 8.74967]], "52.2031027358,8.73711758293": [], "52.2063070536,8.72785717249": []}, "86188": {"51.5504132397,9.92115042172": [["51832497", 51.5504599, 9.92117]], "51.5550069418,9.91935501806": [], "51.5361152217,9.92348117754": [["51831920", 51.5360799, 9.92342], ["554730357", 51.5360199, 9.9235799], ["554730358", 51.5360799, 9.92342], ["554730358", 51.5360199, 9.9235799]], "51.5496031288,9.92142031901": [["762371899", 51.54959, 9.92152], ["762371898", 51.54959, 9.92152]], "51.5452407673,9.92650436237": [["792545935", 51.5453399, 9.92651]], "51.5360818617,9.92341797799": [["554730358", 51.5360799, 9.92342], ["51831920", 51.5360799, 9.92342]], "51.5361108631,9.92347313091": [["51831920", 51.5360799, 9.92342], ["554730358", 51.5360799, 9.92342]], "51.5545864217,9.91969373077": [], "51.5478636324,9.92345519364": [], "51.5388135239,9.92687375285": [], "51.5493331477,9.92173505947": [["792545860", 51.5493, 9.92168], ["554730379", 51.5493, 9.92168], ["51832486", 51.5493, 9.92168]], "51.5376704,9.9251030758": [], "51.5496783983,9.92140154354": [], "51.5463390481,9.92531027645": [], "51.5496191382,9.92141738534": [], "51.5458771214,9.92600522004": [["792545936", 51.54588, 9.9260399]], "51.5549323428,9.91968861781": [["51948010", 51.5548899, 9.91978]], "51.5490240231,9.92216647603": [], "51.5397413168,9.92743492126": [["51831930", 51.53984, 9.9275]], "51.5412610397,9.92743408307": [["51832480", 51.5411999, 9.9274799], ["51832479", 51.5411999, 9.9274799]], "51.5408265218,9.92741975002": [], "51.5343842749,9.9231449794": [], "51.5429153759,9.9271805305": [["792545935", 51.54295, 9.9272499]], "51.5349195432,9.92226932198": [], "51.5355720744,9.92310198024": [], "51.5380629245,9.92568369024": [["51831932", 51.53814, 9.92562]], "51.5361167304,9.92347111925": [["51831920", 51.5360799, 9.92342], ["554730358", 51.5360799, 9.92342]], "51.5345576964,9.92263318039": [], "51.5525176842,9.920415245": [["762371900", 51.552507, 9.9204119]], "51.5402562171,9.92744942196": [], "51.5349145979,9.92230603471": [], "51.5520492196,9.92056913674": [["762371900", 51.55199, 9.9206]], "51.535860328,9.92331622168": [], "51.5361540299,9.92354714312": [], "51.5359609947,9.9233669322": [], "51.5392745286,9.92721204646": [["51831930", 51.53929, 9.92724]], "51.5345635638,9.92220092565": [["554730355", 51.53458, 9.9221999], ["554730354", 51.53458, 9.9221999]], "51.5536721237,9.91996605881": [["762371901", 51.55369, 9.92001]], "51.536138691,9.92349743843": [["51831920", 51.5360799, 9.92342], ["554730358", 51.5360799, 9.92342]], "51.5468417946,9.92466478609": [], "51.5473401826,9.92404041812": [], "51.5350211319,9.92242514156": [], "51.5445562173,9.92677601986": [["792545935", 51.5446099, 9.9268199]], "51.5424166527,9.92735512555": [["792545935", 51.5425099, 9.92743]], "51.5347400866,9.92214719765": [], "51.5508482605,9.92099032737": [["762371896", 51.5508267, 9.9210238]], "51.5366159566,9.92405022494": [], "51.5352575853,9.92274214514": [], "51.554124495,9.9198070541": [["762371901", 51.55409, 9.91988]], "51.5499708429,9.92130481638": [["762371899", 51.550025, 9.9213449]], "51.5419361182,9.92744095623": [], "51.538360063,9.92642129771": [["51831929", 51.5384, 9.92644], ["51831931", 51.5384, 9.92644]], "51.5511971992,9.92086526938": [["762371896", 51.5512387, 9.9208741]], "51.537124319,9.9245890975": [], "51.5415809769,9.92744422518": [["51832951", 51.54164, 9.92749]], "51.5349198785,9.92227233946": [], "51.5439484455,9.92690719664": [], "51.5483880881,9.92283476517": [], "51.5496156178,9.92145585828": [["762371898", 51.54956, 9.92153], ["762371899", 51.54959, 9.92152], ["762371898", 51.54959, 9.92152], ["762371898", 51.54956, 9.92153]], "51.5434185416,9.92701683193": [], "51.5516177192,9.92072378285": [["762371897", 51.5515527, 9.9207596]], "51.553190751,9.92016496137": []}, "86189": {"51.5584160294,9.90586442873": [], "51.5584076475,9.90402284078": [], "51.5574861411,9.89828123711": [], "51.5578360856,9.90019734018": [], "51.5581819229,9.90209005773": []}}