{"94989": {"52.3676493857,9.71971509978": [["51927738", 52.36756, 9.7197699], ["51927738", 52.3676299, 9.71979], ["51927742", 52.3676999, 9.71962]], "52.3665959481,9.71978249028": [["51917251", 52.36669, 9.71978], ["51917251", 52.3665, 9.71975], ["51917251", 52.36659, 9.7197699], ["51917576", 52.3665, 9.71975]], "52.3671545181,9.71944805235": [], "52.3637727555,9.7170594614": [["51930146", 52.36381, 9.7171099], ["51930146", 52.36381, 9.7171099]], "52.3676472902,9.71971149556": [["51927738", 52.36756, 9.7197699], ["51927738", 52.3676299, 9.71979], ["51927742", 52.3676999, 9.71962]], "52.3666519392,9.71976312809": [["51917251", 52.36659, 9.7197699], ["51917251", 52.36669, 9.71978]], "52.3655568436,9.71902728081": [], "52.3665721435,9.71938719973": [], "52.3645178229,9.71790234558": [], "52.3650688492,9.71851129085": [], "52.3665815312,9.71945693716": [], "52.3664317466,9.7197103221": [["724156161", 52.3664199, 9.7196999], ["51917251", 52.3665, 9.71975], ["51917576", 52.36636, 9.7197699], ["51927882", 52.3665, 9.71975]], "52.3667878937,9.71947361715": [], "52.3665823694,9.71946313977": [["51927740", 52.3665, 9.71956], ["51927752", 52.3665, 9.71956]], "52.3676479608,9.71970126964": [["51927738", 52.36756, 9.7197699], ["51927742", 52.3676999, 9.71962], ["51927738", 52.3676299, 9.71979]], "52.3638986517,9.7172096651": [["51930146", 52.36381, 9.7171099], ["51930146", 52.3639499, 9.7172399]], "52.3676485475,9.7197134234": [["51927738", 52.36756, 9.7197699], ["51927738", 52.3676299, 9.71979], ["51927742", 52.3676999, 9.71962]], "52.3675673269,9.7195147723": [], "52.3665892426,9.71942516975": [], "52.366588572,9.71947688609": [["51927740", 52.3665, 9.71956], ["51927752", 52.3665, 9.71956]], "52.3666058388,9.71961812116": [["51927739", 52.36669, 9.71961], ["51929272", 52.36669, 9.71961]], "52.3676477931,9.71967386082": [["51927742", 52.3676999, 9.71962], ["51927742", 52.3676299, 9.7195999], ["51927742", 52.36756, 9.71959], ["51927738", 52.36756, 9.7197699]], "52.3666147236,9.71957319416": [["51927739", 52.36669, 9.71961], ["51929272", 52.36669, 9.71961]], "52.3666301463,9.71968282945": [["51929272", 52.36669, 9.71961], ["51927739", 52.36669, 9.71961], ["51917251", 52.36659, 9.7197699], ["51917251", 52.36669, 9.71978]], "52.3676323704,9.71956891939": [["51927742", 52.36756, 9.71959], ["51927742", 52.3676299, 9.7195999], ["51927742", 52.3676999, 9.71962]], "52.3660411499,9.71942475066": [["724156161", 52.36611, 9.71941]], "52.363755824,9.71704345196": [["51930146", 52.36381, 9.7171099], ["51930146", 52.36381, 9.7171099]], "52.3666088562,9.71951661631": [["51927739", 52.36669, 9.71961], ["51929272", 52.36669, 9.71961]], "52.3665823694,9.719467666": [["51927740", 52.3665, 9.71956], ["51927752", 52.3665, 9.71956]], "52.3665983789,9.71949867904": [["51927740", 52.3665, 9.71956], ["51927752", 52.3665, 9.71956]], "52.3665836267,9.71947009675": [["51927740", 52.3665, 9.71956], ["51927752", 52.3665, 9.71956]], "52.3666039947,9.71957026049": [["51927739", 52.36669, 9.71961], ["51929272", 52.36669, 9.71961]], "52.3676435184,9.71964812838": [["51927742", 52.3676999, 9.71962], ["51927742", 52.3676299, 9.7195999], ["51927742", 52.36756, 9.71959]], "52.3641679622,9.71751552075": [["51930146", 52.36416, 9.71745]]}, "94988": {"52.3677119985,9.71974711865": [["51927738", 52.3676299, 9.71979], ["51927738", 52.3676999, 9.71982], ["51927742", 52.36779, 9.7196599]], "52.3677141778,9.71974225715": [["51927738", 52.3676299, 9.71979], ["51927738", 52.3676999, 9.71982], ["51927742", 52.36779, 9.7196599]], "52.3718532454,9.71523421817": [], "52.3740321212,9.72782836296": [], "52.3689126223,9.71906265244": [["724157715", 52.36899, 9.7191399]], "52.3695363197,9.71830543131": [["724157716", 52.36959, 9.71834]], "52.3678461928,9.71975072287": [], "52.3712478206,9.71469459124": [["747345430", 52.3712699, 9.7147799], ["51925181", 52.3711499, 9.7146]], "52.3712440487,9.71468788572": [["747345430", 52.3712699, 9.7147799], ["51925181", 52.3711499, 9.7146]], "52.3695358168,9.71830132417": [["724157716", 52.36959, 9.71834]], "52.3740267567,9.72782836296": [], "52.3728778493,9.72413429059": [["749169671", 52.37281, 9.7241599]], "52.367711328,9.71974971704": [["51927738", 52.3676299, 9.71979], ["51927738", 52.3676999, 9.71982], ["51927742", 52.36779, 9.7196599]], "52.3706879932,9.71551291645": [["747245552", 52.3707199, 9.71544], ["747245552", 52.37066, 9.7155899]], "52.3711129557,9.71484487876": [["747345428", 52.37106, 9.7148099]], "52.3695331346,9.71829663031": [["724157716", 52.36959, 9.71834]], "52.3712393548,9.71464002505": [["51925181", 52.3711499, 9.7146]], "52.3712479882,9.71469752491": [["747345430", 52.3712699, 9.7147799], ["51925181", 52.3711499, 9.7146]], "52.3712467309,9.71462904476": [["51925181", 52.3711499, 9.7146]], "52.3712503351,9.7147014644": [["747345430", 52.37135, 9.7147], ["747345430", 52.3712699, 9.7147799]], "52.3712457251,9.7146270331": [["51925181", 52.3711499, 9.7146]], "52.3724876717,9.72379767336": [["51925109", 52.3724299, 9.72382], ["51925109", 52.3724, 9.7237299]], "52.3740332946,9.72782392055": [], "52.3739675805,9.72759962082": [], "52.3736822605,9.72672119737": [], "52.3729044199,9.71703154966": [], "52.3740321212,9.72782626748": [], "52.3714257684,9.71458378248": [["747231211", 52.37146, 9.7146099]], "52.3712426238,9.71463072114": [["51925181", 52.3711499, 9.7146]], "52.3712460604,9.71462644637": [["51925181", 52.3711499, 9.7146]], "52.3730919231,9.72487416118": [], "52.3735657521,9.71905569546": [], "52.3712402768,9.71463818103": [["51925181", 52.3711499, 9.7146]], "52.3740320373,9.72782702185": [], "52.3732134607,9.7212280333": [], "52.3712459765,9.71462761983": [["51925181", 52.3711499, 9.7146]], "52.3733576294,9.71800745465": [["51926867", 52.37332, 9.7179199], ["51916251", 52.37332, 9.7179199]], "52.3712467309,9.71462988295": [["51925181", 52.3711499, 9.7146]], "52.3712495808,9.71469903365": [["747345430", 52.3712699, 9.7147799], ["51925181", 52.3711499, 9.7146]], "52.3712421209,9.71463767812": [["51925181", 52.3711499, 9.7146]], "52.3734214995,9.72030878998": [["51926864", 52.37346, 9.7202599]], "52.3740308639,9.72782702185": [], "52.3695381638,9.71830266528": [["724157716", 52.36959, 9.71834]], "52.3728111293,9.72285244614": [], "52.3712397739,9.71466902643": [["51925181", 52.3711499, 9.7146]], "52.3712482397,9.71469727345": [["747345430", 52.3712699, 9.7147799], ["51925181", 52.3711499, 9.7146]], "52.3697622959,9.71785205416": [], "52.3677141778,9.71974276006": [["51927738", 52.3676299, 9.71979], ["51927738", 52.3676999, 9.71982], ["51927742", 52.36779, 9.7196599]], "52.3733711243,9.72579851747": [], "52.3703687266,9.71627315506": [], "52.3712376785,9.71464253962": [["51925181", 52.3711499, 9.7146]], "52.3693784885,9.71847197972": [], "52.3723831493,9.71604399383": [], "52.3700588476,9.71709533595": [], "52.3712498322,9.71470825374": [["747345430", 52.3712699, 9.7147799]], "52.3682754301,9.7195332963": [], "52.3724605981,9.72318453714": [], "52.3712373432,9.71464882605": [["51925181", 52.3711499, 9.7146]], "52.3712482397,9.71469769254": [["747345430", 52.3712699, 9.7147799], ["51925181", 52.3711499, 9.7146]], "52.3712385166,9.71464052796": [["51925181", 52.3711499, 9.7146]], "52.3729979619,9.72212146036": [], "52.3740185425,9.72783062607": []}}