{"3513646": {"51.9255906623,8.55112792924": [], "51.925555123,8.55089792982": [], "51.9324371684,8.54624672793": [], "51.9265383203,8.54920042679": [["51582380", 51.92655, 8.54914], ["51582416", 51.92655, 8.54914], ["51582379", 51.92655, 8.54914]], "51.9309509732,8.54818529449": [["76218321", 51.93088, 8.54823]], "51.9254681189,8.55101644993": [], "51.9254902471,8.55092282407": [], "51.9253386185,8.55118308216": [], "51.9255703781,8.55065552518": [], "51.9265858456,8.54919598438": [["51582379", 51.92655, 8.54914], ["51582380", 51.92655, 8.54914], ["51582416", 51.92655, 8.54914]], "51.9253285602,8.55085317045": [], "51.9254759979,8.55094294064": [], "51.9263767172,8.5494330246": [], "51.9252914283,8.55084981769": [], "51.9255133811,8.55083012022": [], "51.9254657719,8.55101477355": [], "51.925482871,8.55104997754": [], "51.9252991397,8.55083305389": [], "51.9252490997,8.55157309212": [], "51.925513465,8.55086909607": [], "51.9268448465,8.54921048507": [], "51.9254687894,8.55101552792": [], "51.9253790192,8.55131685734": [], "51.9259060733,8.55009033345": [], "51.9255958591,8.55112625286": [], "51.9298090227,8.54975866154": [], "51.9262708537,8.54958976619": [], "51.9253777619,8.5510185454": [], "51.9254826196,8.55080245994": [], "51.9330763724,8.5454283189": [["51582076", 51.93308, 8.54538]], "51.925614886,8.55107068084": [], "51.9255777542,8.55112809688": [], "51.9255044963,8.55086725205": [], "51.9253446534,8.55113161728": [], "51.925525032,8.55087052099": [], "51.925270725,8.55110982433": [], "51.9255758263,8.55106858537": [], "51.9255862199,8.55110052042": [], "51.9253868982,8.55127612129": [], "51.925302241,8.55091393925": [], "51.9253443182,8.55093992315": [], "51.9264932256,8.54927762412": [], "51.9252871536,8.55150452815": [], "51.9261848554,8.54971691966": [], "51.9256052468,8.55100974441": [], "51.9303693529,8.54897554033": [["76218322", 51.93033, 8.5489999]], "51.9268967304,8.54932012036": [], "51.9255567994,8.55092072859": [], "51.9255614933,8.55091092177": [], "51.9288605265,8.55109423399": [["76218320", 51.92881, 8.55118]], "51.9255077653,8.55087202974": [], "51.9255893212,8.5509599559": [], "51.9255458191,8.5508507397": [], "51.9254617486,8.55099842884": [], "51.9255934283,8.55112667195": [], "51.9293077849,8.55048151687": [["51582247", 51.9292499, 8.5505699]], "51.925756624,8.55026124045": [["51582416", 51.9258, 8.5501799]], "51.9266093988,8.54917226359": [["51582379", 51.92655, 8.54914], ["51582416", 51.92655, 8.54914], ["51582380", 51.92655, 8.54914]], "51.9252951164,8.55112717487": [], "51.925538443,8.55079156347": [], "51.925516231,8.55088267475": [], "51.9260408543,8.54989914224": [], "51.9253479224,8.55119498447": [], "51.925496785,8.55092005804": [], "51.9255556259,8.55105785653": [], "51.9266842492,8.54921928607": [], "51.9256340805,8.55047321878": [], "51.9269815553,8.54947979562": [], "51.9255100284,8.5508384183": [], "51.9252743293,8.5508093331": [], "51.9254771713,8.55093229562": [], "51.9316775165,8.54722598568": [], "51.9255182426,8.55086473748": [], "51.9255292229,8.55089692399": []}}