{"65243": {"53.0284481216,8.65586064756": [["51888917", 53.0283999, 8.6558799], ["769168697", 53.0283999, 8.6558799], ["51863984", 53.0283999, 8.6558799]], "53.0255793314,8.65171009675": [], "53.0290786922,8.65696328692": [["769168698", 53.02913, 8.65695]], "53.0285553262,8.65615803748": [], "53.0284351297,8.65585234948": [["51888917", 53.0283999, 8.6558799], ["769168697", 53.0283999, 8.6558799], ["51863984", 53.0283999, 8.6558799]], "53.028439153,8.65584723651": [["51888917", 53.0283999, 8.6558799], ["769168697", 53.0283999, 8.6558799], ["51863984", 53.0283999, 8.6558799]], "53.0283473711,8.65575704724": [], "53.0239763763,8.64938504063": [], "53.0283243209,8.65573483519": [], "53.0251193326,8.65103552118": [], "53.0284383986,8.65584815852": [["51888917", 53.0283999, 8.6558799], ["769168697", 53.0283999, 8.6558799], ["51863984", 53.0283999, 8.6558799]], "53.0288445856,8.65879582241": [], "53.028441919,8.65585075691": [["51888917", 53.0283999, 8.6558799], ["769168697", 53.0283999, 8.6558799], ["51863984", 53.0283999, 8.6558799]], "53.0284465291,8.65586207248": [["51888917", 53.0283999, 8.6558799], ["769168697", 53.0283999, 8.6558799], ["51863984", 53.0283999, 8.6558799]], "53.0288664624,8.65665902384": [["769168697", 53.0289499, 8.65674], ["769168697", 53.02885, 8.65658]], "53.0293657724,8.65716076456": [], "53.0265083816,8.65306234919": [], "53.0283906218,8.65580163896": [["51863984", 53.0283999, 8.6558799], ["769168697", 53.0283999, 8.6558799], ["51888917", 53.0283999, 8.6558799]], "53.0284377281,8.65584882908": [["51888917", 53.0283999, 8.6558799], ["769168697", 53.0283999, 8.6558799], ["51863984", 53.0283999, 8.6558799]], "53.0292150658,8.65743233822": [["554712149", 53.02929, 8.65737], ["51864088", 53.02923, 8.65734], ["51864088", 53.0291499, 8.65747], ["51864088", 53.0291499, 8.65747]], "53.0278073251,8.65495054051": [], "53.0284333695,8.65584824234": [["51888917", 53.0283999, 8.6558799], ["769168697", 53.0283999, 8.6558799], ["51863984", 53.0283999, 8.6558799]], "53.0284352973,8.65585092455": [["51888917", 53.0283999, 8.6558799], ["769168697", 53.0283999, 8.6558799], ["51863984", 53.0283999, 8.6558799]], "53.0292386189,8.65739411674": [["554712149", 53.02929, 8.65737], ["554712149", 53.02923, 8.65734], ["51864088", 53.02923, 8.65734], ["51864088", 53.0291499, 8.65747]], "53.023278499,8.64829086699": [], "53.0284395721,8.65585972555": [["51888917", 53.0283999, 8.6558799], ["769168697", 53.0283999, 8.6558799], ["51863984", 53.0283999, 8.6558799]], "53.0284322798,8.65584991872": [["51888917", 53.0283999, 8.6558799], ["769168697", 53.0283999, 8.6558799], ["51863984", 53.0283999, 8.6558799]], "53.028921783,8.6584883742": [], "53.0260373186,8.65238048136": [], "53.0284359679,8.65584916435": [["51888917", 53.0283999, 8.6558799], ["769168697", 53.0283999, 8.6558799], ["51863984", 53.0283999, 8.6558799]], "53.0284366384,8.65584832616": [["51888917", 53.0283999, 8.6558799], ["769168697", 53.0283999, 8.6558799], ["51863984", 53.0283999, 8.6558799]], "53.0284351297,8.65585251711": [["51888917", 53.0283999, 8.6558799], ["769168697", 53.0283999, 8.6558799], ["51863984", 53.0283999, 8.6558799]], "53.0284478702,8.65585989319": [["51888917", 53.0283999, 8.6558799], ["769168697", 53.0283999, 8.6558799], ["51863984", 53.0283999, 8.6558799]], "53.0288502853,8.65661694668": [["769168697", 53.02885, 8.65658]], "53.0243654642,8.64995408803": [], "53.0274079274,8.65435274318": [], "53.0291381199,8.65724567324": [["554712149", 53.02923, 8.65734], ["769168699", 53.0291899, 8.6572599]], "53.0284276698,8.65583592094": [["51888917", 53.0283999, 8.6558799], ["51863984", 53.0283999, 8.6558799], ["769168697", 53.0283999, 8.6558799]], "53.0284274183,8.65600842051": [], "53.0290106311,8.65777255967": [["51864088", 53.0290599, 8.6578]], "53.023036262,8.64782433026": [], "53.0284351297,8.65584966727": [["51888917", 53.0283999, 8.6558799], ["769168697", 53.0283999, 8.6558799], ["51863984", 53.0283999, 8.6558799]], "53.0284141749,8.65581672639": [["51888917", 53.0283999, 8.6558799], ["51863984", 53.0283999, 8.6558799], ["769168697", 53.0283999, 8.6558799]], "53.0247544684,8.65049589425": [], "53.0284352973,8.65585176274": [["51888917", 53.0283999, 8.6558799], ["769168697", 53.0283999, 8.6558799], ["51863984", 53.0283999, 8.6558799]], "53.0284417514,8.65586358123": [["51888917", 53.0283999, 8.6558799], ["769168697", 53.0283999, 8.6558799], ["51863984", 53.0283999, 8.6558799]], "53.0269839708,8.65373063833": [], "53.0290234555,8.65688315593": [["769168698", 53.0290499, 8.6568599], ["769168697", 53.0290499, 8.6568599]], "53.0284401588,8.65586165339": [["51888917", 53.0283999, 8.6558799], ["769168697", 53.0283999, 8.6558799], ["51863984", 53.0283999, 8.6558799]], "53.0284370575,8.65585494787": [["51888917", 53.0283999, 8.6558799], ["769168697", 53.0283999, 8.6558799], ["51863984", 53.0283999, 8.6558799]], "53.0290853977,8.65696378984": [["769168698", 53.02913, 8.65695], ["769168698", 53.02913, 8.65695]], "53.0284472834,8.65585888736": [["51888917", 53.0283999, 8.6558799], ["769168697", 53.0283999, 8.6558799], ["51863984", 53.0283999, 8.6558799]], "53.028311329,8.65577179939": [], "53.0290601682,8.65785872564": [["51864088", 53.0290599, 8.6578]], "53.0284471996,8.65586006083": [["51888917", 53.0283999, 8.6558799], ["769168697", 53.0283999, 8.6558799], ["51863984", 53.0283999, 8.6558799]], "53.0282393284,8.65564657375": [], "53.0284355488,8.65584949963": [["51888917", 53.0283999, 8.6558799], ["769168697", 53.0283999, 8.6558799], ["51863984", 53.0283999, 8.6558799]], "53.0288840644,8.65845803171": [], "53.028672589,8.65638309158": [], "53.0235849414,8.6488053482": [["51863990", 53.02365, 8.6488]], "53.0284401588,8.65586198866": [["51888917", 53.0283999, 8.6558799], ["769168697", 53.0283999, 8.6558799], ["51863984", 53.0283999, 8.6558799]], "53.029078776,8.65679732524": [["769168697", 53.0290499, 8.6568599]]}, "65244": {"53.0238374881,8.63864413463": [], "53.0224289931,8.64058001898": [], "53.0241766199,8.63815211691": [], "53.0229624175,8.63983511925": [], "53.0234062392,8.63922013901": [], "53.0245893449,8.63743194379": []}, "65242": {"53.0297402758,8.65865433589": [], "53.028036654,8.66084662266": [], "53.0293881521,8.6594929453": [["703737625", 53.0294099, 8.6595499]], "53.0284014344,8.66041411646": [["51864034", 53.0283299, 8.6603399]], "53.0289536342,8.65853925236": [], "53.0295503419,8.659158675": [], "53.0291021615,8.65776954219": [["51864088", 53.0290599, 8.6578]], "53.0294465739,8.66001505405": [], "53.0288627744,8.6590164341": [["51864036", 53.0288, 8.65911]], "53.0296106916,8.66059147753": [], "53.0296266172,8.65764565766": [], "53.0298720393,8.65801739506": [], "53.0292646866,8.65735656582": [["554712149", 53.02923, 8.65734], ["554712149", 53.02929, 8.65737], ["769168699", 53.0291899, 8.6572599], ["51864088", 53.02923, 8.65734]], "53.0289474316,8.6587689165": [], "53.028733274,8.6595775187": [], "53.0294171534,8.66056633182": [], "53.029225124,8.65740023553": [["554712149", 53.02929, 8.65737], ["51864088", 53.02923, 8.65734], ["51864088", 53.0291499, 8.65747], ["554712149", 53.02923, 8.65734]], "53.0296965223,8.66080789827": [], "53.0289619323,8.65880671889": [], "53.0289511196,8.65880504251": []}, "59510": {"52.971812021,10.5580377672": [["80679571", 52.9718399, 10.55802], ["80679545", 52.9718399, 10.55802]], "52.964485148,10.5677600205": [], "52.9646987189,10.5639515352": [], "52.9713950213,10.5594998226": [["80679571", 52.9714, 10.55958], ["80679571", 52.9714099, 10.5594299]], "52.9712241981,10.5598677881": [], "52.9665547237,10.5628828425": [], "52.9644074477,10.5709176511": [], "52.9644696414,10.5698450189": [["80677994", 52.9644899, 10.56992]], "52.9675931577,10.5609523226": [["749394468", 52.9675099, 10.56092]], "52.9639838263,10.5741092283": [], "52.9657550901,10.5631158594": [], "52.9707054421,10.5599551275": [["80679554", 52.97078, 10.55996]], "52.9674735479,10.5611916259": [], "52.9694877192,10.5603627395": [], "52.9644728266,10.5664950237": [], "52.967060823,10.5625883862": [], "52.9646974616,10.5639392976": [], "52.9674914852,10.5617924407": [["540620207", 52.96756, 10.56181]], "52.9652649164,10.5635728408": [], "52.9674728774,10.5614318512": [], "52.9700382426,10.5601434689": [["80679552", 52.9699999, 10.5601799]], "52.9644853994,10.5687327404": [], "52.9641832318,10.5729775876": [], "52.9646978807,10.5639436562": [], "52.9680782184,10.5608823337": [], "52.9643192701,10.5719517265": [], "52.9646888282,10.5640770961": [], "52.96896955,10.5606146995": [["80679552", 52.9688899, 10.56066]], "52.9645136464,10.5668030586": [["51962898", 52.96453, 10.56676], ["51962898", 52.96457, 10.56679], ["51962898", 52.96461, 10.5668399], ["80679574", 52.96447, 10.56673]], "52.9645710625,10.5671350658": [["80681036", 52.96464, 10.56716]], "52.9644911829,10.5674581882": [], "52.9673600569,10.5624695309": [], "52.9647013173,10.5638370384": [], "52.9645306617,10.5657373834": [], "52.9675015435,10.5622447282": [], "52.9646122176,10.5648118537": [["715226809", 52.96463, 10.56483]], "52.9661667254,10.5630353931": [["781878318", 52.9660999, 10.5629999], ["781878318", 52.96624, 10.5630699]], "52.9714755714,10.558776632": [["80679571", 52.97149, 10.55882]], "52.9686301667,10.560741853": [], "52.9648307338,10.5636802968": [["749394456", 52.96477, 10.5635899], ["715226809", 52.96477, 10.5635899]]}, "59511": {"52.9631911498,10.5794582237": [["80678007", 52.96313, 10.5793799], ["80678007", 52.96313, 10.5793799]], "52.9568143655,10.6088946294": [], "52.961571347,10.5866848491": [["51962971", 52.9615708, 10.5866707]], "52.9568128567,10.6088994909": [], "52.9631522577,10.5794594809": [["80678007", 52.96313, 10.5793799]], "52.9578081239,10.6010406185": [["80689697", 52.9578599, 10.60099]], "52.9568841867,10.6089822203": [["80688044", 52.95693, 10.6089899]], "52.9581153207,10.600133026": [], "52.9618259892,10.5853687227": [["554736632", 52.961811, 10.5854489]], "52.9625042528,10.581750758": [["80688067", 52.9625199, 10.58172]], "52.9631944187,10.5794585589": [["80678007", 52.96313, 10.5793799], ["80678007", 52.96313, 10.5793799]], "52.9622803722,10.5829102267": [], "52.9560133908,10.6068014167": [["80709927", 52.956, 10.60687]], "52.9613126814,10.5879318248": [], "52.9567095917,10.6086890213": [], "52.9568125214,10.6088988204": [], "52.9579127301,10.6008112896": [], "52.9620544799,10.5840810947": [], "52.9597076308,10.5942533724": [["554736630", 52.95971, 10.5942899]], "52.9568126891,10.6088990718": [], "52.9568127729,10.6088965572": [], "52.9606365971,10.5906920694": [], "52.956928527,10.6090410613": [["80688044", 52.95693, 10.6089899]], "52.9570267629,10.6028188393": [], "52.9560383689,10.6052609906": [], "52.9570677504,10.6026933622": [["80689697", 52.95715, 10.60263]], "52.9585179873,10.5987688713": [], "52.9590971768,10.5965731479": [], "52.9559512809,10.6065505464": [["80688048", 52.95601, 10.6064599], ["80689072", 52.95601, 10.6064599]], "52.9566393513,10.6033276208": [["80689697", 52.95666, 10.6033799]], "52.9568146169,10.6089015864": [], "52.9563968629,10.6082052179": [], "52.955979025,10.6062432658": [], "52.9593974166,10.5954392441": [], "52.9561371915,10.6074649282": [["80688046", 52.95617, 10.60737]], "52.956813192,10.6089003291": [], "52.9587638285,10.5977034476": [], "52.9564597271,10.6035773177": [["80688048", 52.95649, 10.60358]], "52.9567869566,10.6088331901": [], "52.9582472518,10.5998316966": [], "52.9561313242,10.6045316812": [], "52.9627153929,10.5806315225": [["80688067", 52.9627499, 10.58055]], "52.9575003404,10.6017831713": [["80689697", 52.95754, 10.60172]], "52.9631966818,10.5794578884": [["80678007", 52.96313, 10.5793799], ["80678007", 52.96313, 10.5793799]], "52.9568151198,10.6089022569": [], "52.9568125214,10.6088977307": [], "52.962893676,10.5797199905": [["80678007", 52.9629099, 10.5796799]], "52.9583960306,10.5991178937": [], "52.9610152915,10.5892465264": [["51962966", 52.96102, 10.58924]], "52.9562172387,10.6040200498": [["80688048", 52.95624, 10.60412]], "52.9588012956,10.5976869352": [], "52.9568146169,10.6088957191": [], "52.9574320279,10.6018880289": [], "52.9601192661,10.592679251": [], "52.9567877948,10.6088367943": []}}