{"94978": {"52.3978852574,9.67086813413": [["51924296", 52.39782, 9.6707899], ["51924297", 52.39782, 9.6707899], ["51924319", 52.39782, 9.6707899]], "52.3980242293,9.67067359015": [], "52.397938231,9.67083636671": [], "52.3979360517,9.67082672752": [], "52.3974570259,9.67102889903": [["51924319", 52.39738, 9.6711]], "52.3979524802,9.67080409639": [], "52.3978973273,9.67086109333": [["51924296", 52.39782, 9.6707899], ["51924297", 52.39782, 9.6707899], ["51924319", 52.39782, 9.6707899]], "52.3979477864,9.67081524432": [], "52.3979053739,9.67086092569": [["51924296", 52.39782, 9.6707899], ["51924297", 52.39782, 9.6707899], ["51924319", 52.39782, 9.6707899]], "52.3978878558,9.67087098397": [["51924296", 52.39782, 9.6707899], ["51924297", 52.39782, 9.6707899], ["51924319", 52.39782, 9.6707899]], "52.3979568388,9.67080577277": [], "52.397897495,9.67086377554": [["51924296", 52.39782, 9.6707899], ["51924297", 52.39782, 9.6707899], ["51924319", 52.39782, 9.6707899]], "52.3981817253,9.6705619432": [], "52.3978989199,9.67086452991": [["51924296", 52.39782, 9.6707899], ["51924297", 52.39782, 9.6707899], ["51924319", 52.39782, 9.6707899]], "52.3979513906,9.67080434784": [], "52.3978840839,9.67087349854": [["51924296", 52.39782, 9.6707899], ["51924297", 52.39782, 9.6707899], ["51924319", 52.39782, 9.6707899]], "52.3978961539,9.67085262761": [["51924296", 52.39782, 9.6707899], ["51924297", 52.39782, 9.6707899], ["51924319", 52.39782, 9.6707899]], "52.3978866823,9.67086193152": [["51924296", 52.39782, 9.6707899], ["51924297", 52.39782, 9.6707899], ["51924319", 52.39782, 9.6707899]], "52.3979134206,9.67084902339": [["51924296", 52.39782, 9.6707899], ["51924297", 52.39782, 9.6707899], ["51924319", 52.39782, 9.6707899]], "52.3979518935,9.67080342583": [], "52.3978971597,9.67086394317": [["51924296", 52.39782, 9.6707899], ["51924297", 52.39782, 9.6707899], ["51924319", 52.39782, 9.6707899]], "52.3979552463,9.6708041802": [], "52.397915097,9.67084474862": [["51924297", 52.39782, 9.6707899], ["51924319", 52.39782, 9.6707899], ["51924296", 52.39782, 9.6707899]], "52.3981910292,9.67054115608": [], "52.3979553301,9.67080644332": [], "52.397906296,9.67085078359": [["51924296", 52.39782, 9.6707899], ["51924297", 52.39782, 9.6707899], ["51924319", 52.39782, 9.6707899]], "52.3979557492,9.6708050184": [], "52.3979518935,9.67081113718": [], "52.3979553301,9.67080334201": [], "52.3980326951,9.67068373226": [], "52.3978991713,9.67086402699": [["51924296", 52.39782, 9.6707899], ["51924297", 52.39782, 9.6707899], ["51924319", 52.39782, 9.6707899]], "52.397953067,9.67080526985": [], "52.3982163426,9.67056797817": [], "52.3978976626,9.67085547745": [["51924296", 52.39782, 9.6707899], ["51924297", 52.39782, 9.6707899], ["51924319", 52.39782, 9.6707899]], "52.3973715305,9.6714846231": [["51924317", 52.39739, 9.67157], ["51924317", 52.39738, 9.67143]], "52.3978921305,9.67085463926": [["51924296", 52.39782, 9.6707899], ["51924297", 52.39782, 9.6707899], ["51924319", 52.39782, 9.6707899]], "52.3976797331,9.67274936847": [], "52.3975094967,9.67206389643": [], "52.3979110736,9.67085044831": [["51924296", 52.39782, 9.6707899], ["51924297", 52.39782, 9.6707899], ["51924319", 52.39782, 9.6707899]], "52.3977346346,9.67083997093": [["51924297", 52.39782, 9.6707899]], "52.3979012668,9.6708151605": [["51924297", 52.39782, 9.6707899], ["51924319", 52.39782, 9.6707899], ["51924296", 52.39782, 9.6707899]], "52.397955833,9.67080853879": [], "52.3979552463,9.67080602422": [], "52.3973823432,9.67112042941": [["51924319", 52.39738, 9.6711]], "52.3978864308,9.67086327262": [["51924296", 52.39782, 9.6707899], ["51924297", 52.39782, 9.6707899], ["51924319", 52.39782, 9.6707899]], "52.3981820606,9.67057082802": [], "52.3979541566,9.67080862261": [], "52.3979140911,9.67084852047": [["51924296", 52.39782, 9.6707899], ["51924297", 52.39782, 9.6707899], ["51924319", 52.39782, 9.6707899]], "52.3979078885,9.67085162178": [["51924296", 52.39782, 9.6707899], ["51924297", 52.39782, 9.6707899], ["51924319", 52.39782, 9.6707899]], "52.3979569227,9.67080728151": [], "52.3979559168,9.67080694623": [], "52.397921551,9.67084265314": [], "52.39795072,9.67080753297": [], "52.3978978302,9.67086402699": [["51924296", 52.39782, 9.6707899], ["51924297", 52.39782, 9.6707899], ["51924319", 52.39782, 9.6707899]]}, "94977": {"52.3900403827,9.70645065419": [], "52.3927682731,9.68612956814": [["723698199", 52.39285, 9.68606]], "52.3923298996,9.69195758924": [], "52.3918793723,9.69719544053": [], "52.3934973311,9.68412662856": [], "52.3922759201,9.69286794774": [], "52.3933210596,9.68483766541": [["51913287", 52.3933699, 9.6847999]], "52.3912231531,9.70230052248": [], "52.3913440201,9.70130986534": [], "52.3926665168,9.68832897954": [["51913443", 52.3927399, 9.68831]], "52.3925412912,9.68941343017": [["51913443", 52.3926399, 9.68932]], "52.3921551369,9.69490433112": [], "52.3920305818,9.69603639096": [], "52.3922806978,9.69282905571": [], "52.3909071553,9.70433556475": [], "52.3943168297,9.68121182173": [], "52.393687265,9.68337879516": [], "52.3922760878,9.69286627136": [], "52.3926519323,9.68648814596": [["51924462", 52.39266, 9.68646]], "52.3894482851,9.70747425221": [["51913974", 52.38937, 9.7073899], ["51914116", 52.38937, 9.7073899], ["51913975", 52.38937, 9.7073899]], "52.3896226287,9.70775253139": [], "52.3922761716,9.69286736101": [], "52.3922761716,9.69286652282": [], "52.3910486419,9.70333845355": [], "52.3893690761,9.70733787864": [["51913974", 52.38937, 9.7073899], ["51913975", 52.38937, 9.7073899], ["51914116", 52.38937, 9.7073899]], "52.3926084302,9.68674488366": [], "52.3926596437,9.68645688146": [["51924462", 52.39266, 9.68646]], "52.3915662244,9.69956492074": [], "52.3907719553,9.70526712947": [["51913773", 52.39079, 9.70533]], "52.3922782671,9.69286057167": [], "52.3922256287,9.69391216524": [], "52.3941262253,9.68190567568": [], "52.3922763392,9.69286568463": [], "52.3945184983,9.68052165583": [], "52.3914337903,9.70051006414": [], "52.3926483281,9.68648898415": [["51924462", 52.39266, 9.68646]], "52.3923029937,9.69255521894": [], "52.3922747467,9.69287423417": [], "52.3904833663,9.70592142083": [["51913975", 52.39056, 9.7059399]], "52.3922576476,9.69318679534": [], "52.3925826978,9.68740319833": [["51924463", 52.3926, 9.6874299]], "52.391715087,9.69841391779": [], "52.3924540356,9.6899733413": [], "52.3923981283,9.69096123241": [["51913465", 52.39249, 9.69096]], "52.3922774289,9.69286459498": [], "52.3926455621,9.6864887327": [["51924462", 52.39266, 9.68646]], "52.3930845223,9.68551492319": [["723698199", 52.39315, 9.68542]], "52.3895763606,9.70694535412": [], "52.3893703334,9.70719186589": [], "52.3922759201,9.6928660199": [], "52.3922740761,9.6928541176": [], "52.3925935943,9.68914177269": [], "52.3939222936,9.68261235394": []}}