{"93044": {"53.4259633999,9.95986534283": [], "53.4239038825,9.96338314377": [["51684227", 53.4238099, 9.96341]], "53.4238043893,9.96340359561": [["51684227", 53.4238099, 9.96341]], "53.4239460435,9.96346193366": [], "53.4247353673,9.96287654154": [], "53.4237577859,9.96413072571": [], "53.4296681173,9.94552901946": [], "53.4238122683,9.96416701935": [], "53.4240577742,9.96377432719": [], "53.4344687685,9.93018829264": [["783493954", 53.43446, 9.93019]], "53.4332561586,9.93288969621": [], "53.4238921478,9.96388211846": [], "53.4239280224,9.96346855536": [], "53.4354457632,9.92782107554": [], "53.4243811481,9.9635365326": [], "53.4238624759,9.96341382153": [["51684227", 53.4238099, 9.96341], ["554735107", 53.4237999, 9.96351], ["51712171", 53.4237999, 9.96351]], "53.4239202272,9.96345749125": [], "53.4238801617,9.96342547238": [["51684227", 53.4238099, 9.96341], ["554735107", 53.4237999, 9.96351], ["51712171", 53.4237999, 9.96351]], "53.4359448217,9.92672698572": [], "53.4322002903,9.93588002399": [], "53.4238752164,9.96341432445": [["51684227", 53.4238099, 9.96341], ["554735107", 53.4237999, 9.96351], ["51712171", 53.4237999, 9.96351]], "53.423645217,9.96457102709": [], "53.4239080735,9.9634198565": [["51684227", 53.4238099, 9.96341]], "53.4238749649,9.96342471801": [["51684227", 53.4238099, 9.96341], ["554735107", 53.4237999, 9.96351], ["51712171", 53.4237999, 9.96351]], "53.4292160813,9.94761493988": [], "53.4327392466,9.9343117699": [], "53.4238912258,9.96346687898": [["51712171", 53.4237999, 9.96351], ["51684227", 53.4238099, 9.96341], ["554735107", 53.4237999, 9.96351]], "53.4284085687,9.95132845826": [], "53.4280032199,9.95304993354": [], "53.4238933213,9.963432597": [["51684227", 53.4238099, 9.96341], ["554735107", 53.4237999, 9.96351], ["51712171", 53.4237999, 9.96351]], "53.4254343342,9.96133075096": [], "53.4238922317,9.96341784485": [["51684227", 53.4238099, 9.96341], ["554735107", 53.4237999, 9.96351], ["51712171", 53.4237999, 9.96351]], "53.4246195294,9.96309489012": [], "53.4238927346,9.96343192644": [["51684227", 53.4238099, 9.96341], ["554735107", 53.4237999, 9.96351], ["51712171", 53.4237999, 9.96351]], "53.4242236521,9.96374079958": [], "53.4239014518,9.96342756785": [["51684227", 53.4238099, 9.96341]], "53.4237831831,9.96364977211": [], "53.4288022667,9.94953531772": [], "53.4265718423,9.9581498187": [], "53.4311112296,9.9395232182": [], "53.4235021379,9.96487696655": [], "53.4239027929,9.96340141632": [["51684227", 53.4238099, 9.96341]], "53.4270819649,9.95647142641": [], "53.423931459,9.96347735636": [], "53.4239213169,9.96345967054": [], "53.4349575173,9.92897056974": [["773662898", 53.43495, 9.92903]], "53.4239425231,9.96345673688": [], "53.427569624,9.95473947376": [], "53.4239283577,9.96401203796": [["554735107", 53.42385, 9.9639199]], "53.4239135217,9.96344516985": [], "53.4238775633,9.96341776103": [["51684227", 53.4238099, 9.96341], ["554735107", 53.4237999, 9.96351], ["51712171", 53.4237999, 9.96351]], "53.4316580649,9.93761792779": [], "53.430614518,9.94148751721": [], "53.4238687623,9.96363678016": [], "53.4238662478,9.96345472522": [["51684227", 53.4238099, 9.96341], ["554735107", 53.4237999, 9.96351], ["51712171", 53.4237999, 9.96351]], "53.4238957521,9.96336026117": [["51684227", 53.4238099, 9.96341]], "53.430137923,9.94345215149": [], "53.4244730975,9.9634603411": [], "53.4339487553,9.93136812933": [], "53.4238998592,9.96343142353": [["51684227", 53.4238099, 9.96341], ["554735107", 53.4237999, 9.96351], ["51712171", 53.4237999, 9.96351]], "53.4238655772,9.96342916042": [["51684227", 53.4238099, 9.96341], ["554735107", 53.4237999, 9.96351], ["51712171", 53.4237999, 9.96351]], "53.4250132274,9.96232417412": []}, "93043": {"53.419837486,9.97191583738": [["83734066", 53.4198599, 9.9718599], ["83734066", 53.4198599, 9.9718599]], "53.4199730214,9.97486576438": [["83734066", 53.4199699, 9.97487]], "53.4204709902,9.98112972826": [["51684508", 53.4205, 9.98104], ["51708471", 53.4205, 9.98104]], "53.4144431446,9.98234124854": [], "53.4100753348,9.98010981828": [["51685017", 53.41017, 9.98005], ["51685017", 53.41017, 9.98018]], "53.4125206713,9.97930683196": [], "53.4183357842,9.98174495995": [], "53.4105074219,9.98071691953": [["51685003", 53.41043, 9.9806599]], "53.4102289751,9.97962836176": [], "53.4134186246,9.97879595496": [], "53.4201542381,9.98121086508": [], "53.4101874847,9.97970622964": [["763755579", 53.4102, 9.97978]], "53.4129669238,9.98197328299": [["51684857", 53.41303, 9.98199], ["51684873", 53.4129392, 9.9819496], ["51684861", 53.41303, 9.98199]], "53.4204229619,9.98115872964": [["51684473", 53.4205199, 9.9812499], ["51708471", 53.4203299, 9.98107]], "53.4202449303,9.98120072298": [["540647095", 53.42028, 9.9812799]], "53.4109989367,9.98093149625": [], "53.4136535693,9.98219406232": [], "53.4202297591,9.98120013624": [["540647095", 53.42028, 9.9812799]], "53.4197228216,9.98133743182": [], "53.4101153165,9.98050712049": [["51685022", 53.41006, 9.9805199]], "53.410185976,9.97970907949": [["763755579", 53.4102, 9.97978]], "53.4101630934,9.97978074476": [["763755579", 53.4102, 9.97978]], "53.4102145582,9.97965258546": [], "53.4160967264,9.98228684999": [], "53.4152472205,9.98237209395": [], "53.4169257805,9.98210018501": [], "53.4202310164,9.981202567": [["540647095", 53.42028, 9.9812799]], "53.4102026559,9.97966549359": [], "53.4176604543,9.98191293329": [], "53.4205241315,9.98077349737": [], "53.4102442302,9.97959642671": [], "53.4116965625,9.97909761965": [], "53.4202025179,9.97797402553": [], "53.4122677892,9.98164362274": [["51684889", 53.4123263, 9.9816485]], "53.4202258196,9.98119653203": [["540647095", 53.42028, 9.9812799]], "53.4190192446,9.98156139627": [], "53.4110401757,9.97874608263": [["51684943", 53.41109, 9.97883]], "53.4104423784,9.9791960232": [["763755580", 53.41047, 9.9792499]], "53.4116050322,9.98126702383": [["51684936", 53.41162, 9.98124]], "53.4198659845,9.97330362909": [["83734066", 53.4198699, 9.9733999]], "53.4101923462,9.97969424352": [["763755579", 53.4102, 9.97978]], "53.4203439206,9.97940976173": [], "53.4200909548,9.97642857023": [], "53.4202271607,9.98119778931": [["540647095", 53.42028, 9.9812799]], "53.4202305973,9.98120223172": [["540647095", 53.42028, 9.9812799]]}}