{"3026204": {"51.4650173206,10.7927508373": [], "51.4655877929,10.7916189451": [], "51.4700147789,10.7834086195": [], "51.4834621176,10.7584163826": [], "51.4640164375,10.7947386894": [], "51.4866828639,10.7459273469": [["798012934", 51.48673, 10.74601]], "51.4804794174,10.7640221994": [], "51.4742707741,10.7755386829": [], "51.4753400534,10.7735751383": [], "51.466240827,10.7903892361": [], "51.4878362976,10.7500876207": [], "51.4794723317,10.7659175992": [], "51.4763784874,10.7716288604": [], "51.4679736178,10.7870838325": [], "51.4784471411,10.7677983306": [], "51.4860203583,10.7529874239": [["762798440", 51.4860599, 10.7528999]], "51.488240473,10.7497669291": [], "51.4732002374,10.7775111962": [], "51.486785626,10.751036033": [], "51.4876399934,10.7496040687": [], "51.4864019863,10.7448783517": [["798012934", 51.4864431, 10.7449384]], "51.4710817952,10.7814427279": [], "51.4774167538,10.769705968": [], "51.4843944367,10.7565901335": [], "51.4861841407,10.7440103218": [], "51.4671055879,10.7886958402": [], "51.4814920351,10.7621342596": [], "51.4871820901,10.7477393467": [], "51.4874352235,10.7487334404": [], "51.487343777,10.7483605295": [], "51.4875274245,10.7491579": [["77315885", 51.4875599, 10.74911], ["77315879", 51.4875599, 10.74911], ["77315896", 51.4874299, 10.7491]], "51.4644970559,10.7937626168": [], "51.4852598682,10.7547819894": [], "51.4689645264,10.7853262313": [], "51.482481854,10.7602666877": [], "51.4721441176,10.7794832904": [], "51.488540126,10.7488098834": [], "51.4880914427,10.74799072": [], "51.4869626518,10.7469266374": [["798012935", 51.4869699, 10.74693]], "51.4872871991,10.7495947648": [], "51.4876918774,10.7484802231": [["77316023", 51.48761, 10.74855]]}, "69656": {"51.7190163955,8.80772195756": [], "51.7177461181,8.79899396561": [["76158109", 51.71775, 8.7989899], ["51553256", 51.71775, 8.7989899], ["51553258", 51.71775, 8.7989899]], "51.7193338182,8.81045814604": [], "51.718450617,8.78451246768": [], "51.7181267403,8.80132715218": [], "51.717710495,8.7989287544": [["51553258", 51.71775, 8.7989899], ["51553256", 51.71775, 8.7989899], ["76158109", 51.71775, 8.7989899]], "51.7177138478,8.79555436783": [["587006713", 51.7177599, 8.7954799]], "51.7178581841,8.79023772664": [], "51.7185901757,8.78301805817": [], "51.7216122709,8.80914478563": [], "51.7183982302,8.779863948": [["51553095", 51.71841, 8.7799599], ["587006714", 51.71841, 8.7799599], ["51553094", 51.71841, 8.7799599]], "51.717933286,8.8002222497": [], "51.7189239431,8.80681813695": [], "51.7203595955,8.81065151654": [["587006703", 51.7204299, 8.81067]], "51.726546865,8.80105499178": [], "51.7177527398,8.79904299974": [["51553256", 51.71775, 8.7989899], ["51553258", 51.71775, 8.7989899], ["76158109", 51.71775, 8.7989899]], "51.7254710477,8.80287906155": [], "51.7176193837,8.79284516908": [], "51.7184586637,8.78052737564": [["587006714", 51.7184599, 8.78047]], "51.7184017505,8.77986168489": [["587006714", 51.71841, 8.7799599], ["51553095", 51.71841, 8.7799599], ["51553094", 51.71841, 8.7799599]], "51.7187241185,8.80444563925": [], "51.717812838,8.79882599227": [], "51.7264174484,8.7998469919": [], "51.7185670417,8.78113422543": [["587006714", 51.7185199, 8.78108], ["587006713", 51.71853, 8.78122]], "51.7225218751,8.80800803192": [], "51.7177161947,8.7989652995": [["51553258", 51.71775, 8.7989899], ["51553256", 51.71775, 8.7989899], ["76158109", 51.71775, 8.7989899]], "51.7177037895,8.79887645133": [], "51.7185811233,8.78196512349": [], "51.7247644532,8.80406862125": [], "51.7185821291,8.80315331742": [], "51.7232996318,8.80674244836": [["797952979", 51.72337, 8.80665]], "51.7187260464,8.80514075048": [], "51.718129674,8.78739936277": [], "51.7191281263,8.80878251977": [], "51.7197522428,8.81169112399": [], "51.7178140953,8.79944122396": [], "51.7179771233,8.78890232183": [], "51.7208999768,8.80997249857": [["797952979", 51.7209499, 8.8099899]], "51.71779247,8.79871912301": [], "51.7178139277,8.7987939734": [], "51.7176968325,8.79661342129": [["587006713", 51.7176999, 8.7965599]], "51.7188242823,8.80581339821": [], "51.7184097972,8.77985933796": [], "51.7177813221,8.79888055846": [], "51.717819795,8.79879833199": [], "51.7176747881,8.79409616813": [], "51.7195410188,8.81153957918": [], "51.7184008285,8.77985472791": [], "51.7176093254,8.79179944284": [], "51.719828099,8.81166421808": [], "51.7176922224,8.79731046036": [], "51.7260777298,8.80184414797": [], "51.718409881,8.78016117029": [], "51.7177244928,8.79464317113": [], "51.7177221458,8.79807572812": [], "51.7177019455,8.79888139665": [], "51.7182438355,8.78584343009": [], "51.7240390833,8.80537619814": [], "51.7184139881,8.78003502265": [["587006714", 51.71841, 8.7799599], ["51553095", 51.71841, 8.7799599], ["51553094", 51.71841, 8.7799599]], "51.7266676482,8.80045224912": [], "51.7201031931,8.811181169": [], "51.7192044854,8.80955323577": [["51553266", 51.71926, 8.80961], ["51553264", 51.71926, 8.80961]]}}