{"44433": {"51.8593778182,8.43841865659": [], "51.8593738787,8.43844363466": [], "51.8593952525,8.4380901698": [], "51.8593948334,8.43836878426": [], "51.8593405187,8.43824087642": [], "51.859461721,8.43807172962": [], "51.8593920674,8.43841505237": [], "51.859407071,8.43816703185": [], "51.8594207335,8.4381298162": [], "51.8593725376,8.43831279315": [], "51.8594095856,8.43809385784": [], "51.8593897205,8.43818647787": [], "51.8594221584,8.43811271712": [], "51.8593990244,8.43819544651": [], "51.8594351504,8.43800936826": [["75339926", 51.85945, 8.43793], ["736466276", 51.85945, 8.43793], ["74886788", 51.85945, 8.43793]], "51.8594083283,8.43795647845": [["74886788", 51.85945, 8.43793], ["736466276", 51.85945, 8.43793], ["75339926", 51.85945, 8.43793]], "51.8593940791,8.43806125224": [], "51.8594030477,8.43812378123": [], "51.8594711926,8.43810626306": [], "51.8593733758,8.43819737434": [], "51.8593988568,8.43799914233": [["736466276", 51.85945, 8.43793], ["74886788", 51.85945, 8.43793], ["75339926", 51.85945, 8.43793]], "51.8593828473,8.43819284812": [], "51.859326018,8.43821036629": [], "51.8594091665,8.43832595274": [], "51.8594611343,8.43808681704": [], "51.8594744615,8.43812612817": [], "51.8594021257,8.43812336214": [], "51.8593956716,8.43802344985": [["736466276", 51.85945, 8.43793], ["74886788", 51.85945, 8.43793], ["75339926", 51.85945, 8.43793]], "51.859444622,8.43803233467": [], "51.8594097532,8.43815722503": [], "51.8593405187,8.43827163801": [], "51.8594788201,8.43801733106": [["75339926", 51.85945, 8.43793], ["74886788", 51.85945, 8.43793], ["736466276", 51.85945, 8.43793]], "51.8594068196,8.43795756809": [["74886788", 51.85945, 8.43793], ["736466276", 51.85945, 8.43793], ["75339926", 51.85945, 8.43793]], "51.8594110943,8.43813048676": [], "51.8593334779,8.43826551922": [], "51.8594603799,8.43809042126": [], "51.8594190571,8.43813459389": [], "51.859370023,8.43821631745": [], "51.8594803289,8.43804482371": [], "51.8593520857,8.43828144483": [], "51.8593943305,8.43824347481": [], "51.8594067357,8.43794725835": [["74886788", 51.85945, 8.43793], ["736466276", 51.85945, 8.43793], ["75339926", 51.85945, 8.43793]], "51.859445041,8.43813207932": [], "51.8593528401,8.43814398162": [], "51.8595077377,8.43800995499": [["75339926", 51.85945, 8.43793], ["74886788", 51.85945, 8.43793], ["736466276", 51.85945, 8.43793]], "51.8594591226,8.43809352256": []}, "44645": {"51.930271117,8.58301017433": [], "51.9174803328,8.59106275253": [], "51.91748905,8.59106023796": [], "51.9174793269,8.59105269425": [], "51.9294376206,8.58280716464": [["51582277", 51.92951, 8.5827499]], "51.9387862924,8.57137751766": [], "51.9174846914,8.59106132761": [], "51.9170385227,8.59088136815": [], "51.9163469318,8.59088446945": [], "51.9228596706,8.58182522468": [["61377696", 51.9228899, 8.5818899]], "51.9252111297,8.58161827549": [], "51.9172067475,8.58982885256": [], "51.9174886309,8.59106032178": [], "51.9285738654,8.58254346997": [], "51.9372604508,8.57659173198": [["51581945", 51.93732, 8.57656]], "51.936475737,8.57877337374": [], "51.9174862839,8.5910599865": [], "51.9174795784,8.59105059877": [], "51.9269561581,8.58210694045": [], "51.9174888823,8.59106023796": [], "51.9174886309,8.59106023796": [], "51.9168450683,8.59113492072": [], "51.9174865354,8.59105981886": [], "51.9164905977,8.59136818908": [], "51.9236026425,8.58150302432": [["51582507", 51.9236699, 8.58154]], "51.9174835179,8.59106065705": [], "51.9174877927,8.59106007032": [], "51.9369630609,8.57772328891": [], "51.9278956857,8.58235445805": [], "51.9166667853,8.59138704836": [], "51.9172470644,8.59068523161": [["74989314", 51.91725, 8.5906599], ["74989314", 51.9173399, 8.59064], ["75338823", 51.9173399, 8.59064]], "51.9174818415,8.5910621658": [], "51.9174881279,8.59106023796": [], "51.9335910212,8.58151827939": [], "51.9174824283,8.59106015414": [], "51.9374645501,8.57516722754": [], "51.9310787972,8.58307203278": [["76218269", 51.93117, 8.58305]], "51.9221621286,8.58232822269": [], "51.9243876915,8.58142649755": [["51582507", 51.92431, 8.5814999]], "51.9342378527,8.58099156059": [], "51.9392077345,8.57060437091": [], "51.9378941227,8.57312757522": [["51581916", 51.93793, 8.5731899]], "51.9174859487,8.59106065705": [], "51.9163527992,8.59117347747": [], "51.9382601604,8.57216893695": [], "51.9174879603,8.59106023796": [], "51.9167103712,8.59044182114": [], "51.9173821807,8.59083677642": [["75338823", 51.9173799, 8.5907499]], "51.9358349405,8.57965338975": [], "51.9174860325,8.59106015414": [], "51.9350554235,8.58033198863": [], "51.9326373283,8.58228547499": [["76218274", 51.9326399, 8.58231]], "51.9260762259,8.58183612116": [["51582420", 51.92615, 8.5819]], "51.9174871221,8.5910599865": [], "51.917478824,8.59105462208": [], "51.9376149215,8.57421437278": [], "51.9174806681,8.59106308781": [], "51.9174854457,8.59106107615": [], "51.9174878765,8.5910599865": [], "51.9174881279,8.5910599865": [], "51.9174809195,8.59105805866": [], "51.9318733178,8.58281797729": [["51582120", 51.93187, 8.58283]]}, "44434": {"51.8593420275,8.44198306091": [], "51.8557622842,8.44694112428": [], "51.833275985,8.44473676756": [], "51.8593527563,8.4387635719": [], "51.85661464,8.44660995528": [], "51.8408737611,8.44342357479": [], "51.8340631295,8.44481589273": [["74889315", 51.83399, 8.4448]], "51.8497586623,8.44624442048": [["711406843", 51.8497499, 8.4462299]], "51.8482183199,8.44530874863": [], "51.8589737266,8.44739005901": [], "51.8385835737,8.44529542141": [["74888930", 51.8384999, 8.44529], ["74888930", 51.8386599, 8.44522]], "51.859390391,8.43830793165": [], "51.8573451228,8.44691287726": [], "51.8337266799,8.444861155": [["74889315", 51.83382, 8.44482]], "51.8474089634,8.4448461514": [], "51.8458764162,8.44392623752": [["74888444", 51.84596, 8.44385]], "51.8443325534,8.44333891757": [["74888444", 51.8442999, 8.4432399]], "51.8425350543,8.44324445352": [], "51.8333622348,8.444851432": [["74889315", 51.83343, 8.44489], ["74889305", 51.83333, 8.4449499], ["74889305", 51.83343, 8.44489], ["74889305", 51.83333, 8.4449499]], "51.8593229167,8.44294932671": [], "51.8359326292,8.4450100176": [], "51.8489934783,8.44578417018": [], "51.855085697,8.44702955335": [["74887137", 51.85518, 8.4470099], ["74887137", 51.8550399, 8.44699]], "51.8592558615,8.44612053595": [], "51.8543548789,8.44691019505": [], "51.837382447,8.44530195929": [], "51.8380367383,8.44547001645": [], "51.8333012983,8.4447664395": [], "51.8512662314,8.44707607292": [["75340161", 51.8512999, 8.44707]], "51.8366449233,8.44512443058": [], "51.8593535945,8.43828152865": [], "51.8402113393,8.4439538978": [["75011185", 51.8402299, 8.44404]], "51.8583651166,8.44725502655": [], "51.8554714322,8.44697632827": [], "51.8593793269,8.43948156573": [], "51.8395184912,8.44462059438": [], "51.8593150377,8.44394828193": [], "51.8536116555,8.44683542848": [["74887136", 51.8536299, 8.4468199]], "51.8391254637,8.44487976283": [], "51.8333473988,8.44481882639": [["74889315", 51.83343, 8.44489], ["736468591", 51.83343, 8.44489], ["74889305", 51.83343, 8.44489]], "51.8593866192,8.43828773126": [], "51.8333573733,8.44485889189": [["74889315", 51.83343, 8.44489], ["74889305", 51.83333, 8.4449499], ["74889305", 51.83343, 8.44489], ["74889305", 51.83333, 8.4449499]], "51.8417087663,8.44321377575": [["74888441", 51.8416099, 8.44318]], "51.8505023886,8.44668388367": [], "51.8593502417,8.44104554504": [], "51.8466386665,8.44437818974": [], "51.8342325278,8.44474556856": [["74889315", 51.83417, 8.4447499], ["74889316", 51.83427, 8.4447199], ["74889304", 51.83427, 8.4447199]], "51.8333612289,8.44484506175": [["74889315", 51.83343, 8.44489], ["74889305", 51.83343, 8.44489], ["736468591", 51.83343, 8.44489]], "51.8528005388,8.44700164162": [["74887136", 51.8528, 8.4470499]], "51.8520317506,8.44721529633": [], "51.8593771476,8.43826526776": [], "51.8433029205,8.44325518236": [], "51.8593765609,8.44019779935": [], "51.8592058215,8.44708235934": [], "51.8334188964,8.44489912502": [["74889305", 51.83343, 8.44489], ["74889305", 51.83333, 8.4449499]], "51.8592866231,8.44513448887": [], "51.845037723,8.44355424866": [], "51.8593229167,8.43841304071": [], "51.8333583791,8.4448457323": [["74889315", 51.83343, 8.44489], ["74889305", 51.83343, 8.44489], ["736468591", 51.83343, 8.44489]], "51.8333013821,8.44476853497": [], "51.835042974,8.44488705508": [], "51.8343353737,8.44469192438": [["74889316", 51.83427, 8.4447199], ["74889304", 51.83427, 8.4447199]]}}