{"44433": {"51.8594762217,8.4381337557": [], "51.8594534229,8.43807374127": [], "51.8595156167,8.43790803105": [["74886788", 51.85945, 8.43793], ["736466276", 51.85945, 8.43793], ["75339926", 51.85945, 8.43793]], "51.859405227,8.43820449896": [], "51.8594767246,8.4381522797": [], "51.8595015351,8.43813962303": [], "51.8594757188,8.43814247288": [], "51.8594850227,8.4379655309": [["75339926", 51.85945, 8.43793], ["74886788", 51.85945, 8.43793], ["736466276", 51.85945, 8.43793]], "51.8593775667,8.4382843785": [], "51.8594910577,8.43814557418": [], "51.8594833463,8.43801582232": [["75339926", 51.85945, 8.43793], ["74886788", 51.85945, 8.43793], ["736466276", 51.85945, 8.43793]], "51.859475635,8.43799662776": [["75339926", 51.85945, 8.43793], ["74886788", 51.85945, 8.43793], ["736466276", 51.85945, 8.43793]], "51.8593715318,8.43847624026": [], "51.8594036344,8.43834363855": [], "51.8594031315,8.43828446232": [], "51.8593829311,8.43845092691": [], "51.8594741262,8.43811313622": [], "51.8595148623,8.43791674823": [["74886788", 51.85945, 8.43793], ["736466276", 51.85945, 8.43793], ["75339926", 51.85945, 8.43793]], "51.8594831787,8.43804046512": []}, "65121": {"52.3286854383,9.78002096526": [["51921263", 52.32872, 9.78004], ["51921263", 52.3286099, 9.78007]], "52.3280533589,9.77971594781": [["51928326", 52.32806, 9.77971], ["51928326", 52.32796, 9.77965], ["51928326", 52.32796, 9.77965], ["51928326", 52.32813, 9.7797699]], "52.3303590529,9.77884322405": [], "52.3353181221,9.77328057401": [["722912424", 52.33535, 9.77321], ["51920658", 52.33535, 9.77321]], "52.331966199,9.77743523195": [], "52.335327426,9.77330974303": [["722912424", 52.33535, 9.77321], ["51920658", 52.33535, 9.77321]], "52.3297382891,9.77937924676": [], "52.3349228315,9.774624696": [], "52.3280520178,9.7797150258": [["51928326", 52.32806, 9.77971], ["51928326", 52.32796, 9.77965], ["51928326", 52.32796, 9.77965], ["51928326", 52.32813, 9.7797699]], "52.3353308626,9.77332558483": [], "52.3349591251,9.77196034044": [], "52.334459899,9.7702363506": [], "52.3284534272,9.78008626029": [["51921263", 52.3285099, 9.78011], ["51921263", 52.3285099, 9.78011]], "52.3305545188,9.77866712026": [["51929329", 52.33058, 9.7787199]], "52.3308113404,9.77843586355": [], "52.3352650646,9.77303397842": [], "52.3317214474,9.77764687501": [["51921034", 52.3318199, 9.7776699], ["51928308", 52.3318199, 9.7776699]], "52.335125925,9.77252469398": [["722912424", 52.33516, 9.77247]], "52.3352904618,9.77316364646": [["51920658", 52.33535, 9.77321], ["722912424", 52.33535, 9.77321]], "52.3300914187,9.77906978689": [], "52.3347176425,9.77107294835": [], "52.3353529908,9.77339884266": [], "52.3280847911,9.77973137051": [["51928326", 52.32813, 9.7797699], ["51928326", 52.32806, 9.77971], ["51928326", 52.32806, 9.77971], ["51928326", 52.32813, 9.7797699]], "52.3311096523,9.77817208506": [], "52.3344217613,9.77509936318": [], "52.3353326228,9.77333111688": [], "52.3284982704,9.78007192723": [["51921263", 52.3285099, 9.78011], ["51921263", 52.3285099, 9.78011]], "52.3354870174,9.77385154925": [], "52.3353201337,9.77421549149": [], "52.3339678813,9.76898535155": [], "52.3333073873,9.77610552683": [], "52.3352906294,9.77317051962": [["51920658", 52.33535, 9.77321], ["722912424", 52.33535, 9.77321]], "52.3282948416,9.77996882983": [["51928326", 52.32826, 9.7799599]], "52.3345757369,9.77058763616": [], "52.3348275293,9.77148776874": [], "52.3293815553,9.77970463224": [], "52.3323146347,9.77708436549": [], "52.3289909586,9.77996882983": [["784085442", 52.3289699, 9.78001], ["784085442", 52.3290599, 9.77999]], "52.3342806939,9.76984893903": [], "52.3280569632,9.77971997112": [["51928326", 52.32806, 9.77971], ["51928326", 52.32796, 9.77965], ["51928326", 52.32813, 9.7797699], ["51928326", 52.32806, 9.77971]], "52.3352875281,9.7731567733": [["51920658", 52.33535, 9.77321], ["722912424", 52.33535, 9.77321]], "52.3338621855,9.77561627515": [], "52.3354254942,9.7736377269": [], "52.3314192798,9.77790663019": [], "52.3328323849,9.7765400447": []}}