{"44433": {"51.8595015351,8.43813962303": [["75339926", 51.85945, 8.43793], ["74886788", 51.85945, 8.43793], ["736466276", 51.85945, 8.43793]], "51.8593775667,8.4382843785": [["75339926", 51.85945, 8.43793], ["736466276", 51.85945, 8.43793], ["74886788", 51.85945, 8.43793]], "51.8594757188,8.43814247288": [["75339926", 51.85945, 8.43793], ["736466276", 51.85945, 8.43793], ["74886788", 51.85945, 8.43793]], "51.8594850227,8.4379655309": [["75339926", 51.85945, 8.43793], ["74886788", 51.85945, 8.43793], ["736466276", 51.85945, 8.43793]], "51.8595156167,8.43790803105": [["74886788", 51.85945, 8.43793], ["736466276", 51.85945, 8.43793], ["75339926", 51.85945, 8.43793]], "51.8594741262,8.43811313622": [["75339926", 51.85945, 8.43793], ["736466276", 51.85945, 8.43793], ["74886788", 51.85945, 8.43793]], "51.8593829311,8.43845092691": [["75339926", 51.85945, 8.43793], ["736466276", 51.85945, 8.43793], ["74886788", 51.85945, 8.43793]], "51.8594831787,8.43804046512": [["75339926", 51.85945, 8.43793], ["74886788", 51.85945, 8.43793], ["736466276", 51.85945, 8.43793]], "51.8594036344,8.43834363855": [["75339926", 51.85945, 8.43793], ["736466276", 51.85945, 8.43793], ["74886788", 51.85945, 8.43793]], "51.8594833463,8.43801582232": [["75339926", 51.85945, 8.43793], ["74886788", 51.85945, 8.43793], ["736466276", 51.85945, 8.43793]], "51.8594534229,8.43807374127": [["75339926", 51.85945, 8.43793], ["736466276", 51.85945, 8.43793], ["74886788", 51.85945, 8.43793]], "51.8594762217,8.4381337557": [["75339926", 51.85945, 8.43793], ["736466276", 51.85945, 8.43793], ["74886788", 51.85945, 8.43793]], "51.8594031315,8.43828446232": [["75339926", 51.85945, 8.43793], ["736466276", 51.85945, 8.43793], ["74886788", 51.85945, 8.43793]], "51.8594767246,8.4381522797": [["75339926", 51.85945, 8.43793], ["736466276", 51.85945, 8.43793], ["74886788", 51.85945, 8.43793]], "51.8595148623,8.43791674823": [["74886788", 51.85945, 8.43793], ["736466276", 51.85945, 8.43793], ["75339926", 51.85945, 8.43793]], "51.8594910577,8.43814557418": [["75339926", 51.85945, 8.43793], ["74886788", 51.85945, 8.43793], ["736466276", 51.85945, 8.43793]], "51.859475635,8.43799662776": [["75339926", 51.85945, 8.43793], ["74886788", 51.85945, 8.43793], ["736466276", 51.85945, 8.43793]], "51.859405227,8.43820449896": [["75339926", 51.85945, 8.43793], ["736466276", 51.85945, 8.43793], ["74886788", 51.85945, 8.43793]], "51.8593715318,8.43847624026": [["75339926", 51.85945, 8.43793], ["736466276", 51.85945, 8.43793], ["74886788", 51.85945, 8.43793]]}, "65121": {"52.3280569632,9.77971997112": [["51928326", 52.32806, 9.77971], ["51928326", 52.32796, 9.77965], ["51928326", 52.32813, 9.7797699], ["51928326", 52.32806, 9.77971]], "52.3303590529,9.77884322405": [["51921142", 52.3304699, 9.7788], ["51929329", 52.33058, 9.7787199], ["51921208", 52.32967, 9.7794999], ["51921097", 52.33096, 9.7784199]], "52.3280520178,9.7797150258": [["51928326", 52.32806, 9.77971], ["51928326", 52.32796, 9.77965], ["51928326", 52.32779, 9.77955], ["51928326", 52.32796, 9.77965]], "52.3353308626,9.77332558483": [["722912424", 52.33535, 9.77321], ["722912424", 52.33516, 9.77247], ["51920658", 52.33564, 9.77423], ["51920658", 52.33535, 9.77321]], "52.3280533589,9.77971594781": [["51928326", 52.32806, 9.77971], ["51928326", 52.32796, 9.77965], ["51928326", 52.32779, 9.77955], ["51928326", 52.32796, 9.77965]], "52.3344217613,9.77509936318": [["51920862", 52.33355, 9.7760299]], "52.3314192798,9.77790663019": [["51921097", 52.33096, 9.7784199], ["51921034", 52.3318199, 9.7776699], ["51920987", 52.3323, 9.77722], ["51929329", 52.33058, 9.7787199]], "52.334459899,9.7702363506": [["51928680", 52.3344499, 9.76977], ["51928680", 52.3344199, 9.7696199], ["51920801", 52.33437, 9.7693899], ["51920736", 52.33452, 9.77]], "52.3348275293,9.77148776874": [["51920701", 52.33485, 9.77132], ["51928663", 52.33493, 9.7715999], ["722912424", 52.33516, 9.77247], ["749445224", 52.3345099, 9.7719499]], "52.3297382891,9.77937924676": [["51929329", 52.33058, 9.7787199], ["51921142", 52.3304699, 9.7788], ["784085442", 52.3292899, 9.7798599], ["51921208", 52.32967, 9.7794999]], "52.335327426,9.77330974303": [["722912424", 52.33535, 9.77321], ["722912424", 52.33516, 9.77247], ["51920658", 52.33564, 9.77423], ["51920658", 52.33535, 9.77321]], "52.3345757369,9.77058763616": [["51928680", 52.3344199, 9.7696199], ["51920701", 52.33485, 9.77132], ["51920736", 52.33452, 9.77], ["51920756", 52.3344499, 9.76977]], "52.3342806939,9.76984893903": [["51920737", 52.33452, 9.77], ["51920846", 52.33434, 9.76968], ["51920846", 52.33377, 9.7690699], ["51920737", 52.3346799, 9.7700199]], "52.3305545188,9.77866712026": [["51921208", 52.32967, 9.7794999], ["51921142", 52.3304699, 9.7788], ["51929329", 52.33058, 9.7787199], ["51921097", 52.33096, 9.7784199]], "52.3339678813,9.76898535155": [["51920846", 52.33377, 9.7690699], ["51920756", 52.3344499, 9.76977], ["51920801", 52.3341499, 9.7684699], ["51928680", 52.3344199, 9.7696199]], "52.3323146347,9.77708436549": [["51920987", 52.3323, 9.77722], ["51921034", 52.3318199, 9.7776699], ["51920940", 52.33288, 9.77667], ["51928308", 52.3318199, 9.7776699]], "52.331966199,9.77743523195": [["51921034", 52.3318199, 9.7776699], ["51920987", 52.3323, 9.77722], ["51920940", 52.33288, 9.77667], ["51928308", 52.3318199, 9.7776699]], "52.3289909586,9.77996882983": [["51921263", 52.3286099, 9.78007], ["784085442", 52.3289699, 9.78001], ["51921263", 52.32872, 9.78004], ["784085441", 52.32888, 9.78002]], "52.3311096523,9.77817208506": [["51921097", 52.33096, 9.7784199], ["51929329", 52.33058, 9.7787199], ["51921034", 52.3318199, 9.7776699], ["51921142", 52.3304699, 9.7788]], "52.3328323849,9.7765400447": [["51920939", 52.3329656, 9.7769278], ["51928665", 52.33288, 9.77667], ["51920862", 52.33355, 9.7760299], ["51920987", 52.3323, 9.77722]], "52.3353201337,9.77421549149": [["722912426", 52.33564, 9.77423], ["51920658", 52.33564, 9.77423]], "52.3317214474,9.77764687501": [["51921097", 52.33096, 9.7784199], ["51921034", 52.3318199, 9.7776699], ["51920987", 52.3323, 9.77722], ["51928308", 52.3318199, 9.7776699]], "52.3286854383,9.78002096526": [["51928326", 52.32779, 9.77955], ["51921263", 52.3285099, 9.78011], ["784085441", 52.32888, 9.78002], ["51921263", 52.32872, 9.78004]], "52.3293815553,9.77970463224": [["51921208", 52.32967, 9.7794999], ["51921263", 52.3285099, 9.78011], ["784085442", 52.3292899, 9.7798599], ["784085442", 52.3290599, 9.77999]], "52.3284982704,9.78007192723": [["51921263", 52.32872, 9.78004], ["51921263", 52.32888, 9.78002], ["784085441", 52.32888, 9.78002], ["784085441", 52.3289699, 9.78001]], "52.335125925,9.77252469398": [["51920658", 52.33535, 9.77321], ["722912424", 52.33516, 9.77247], ["51928663", 52.33493, 9.7715999], ["67949362", 52.33493, 9.7715999]], "52.3349591251,9.77196034044": [["51928663", 52.33493, 9.7715999], ["722912424", 52.33516, 9.77247], ["51920701", 52.33485, 9.77132], ["67949362", 52.33493, 9.7715999]], "52.3308113404,9.77843586355": [["51929329", 52.33058, 9.7787199], ["51921097", 52.33096, 9.7784199], ["51921142", 52.3304699, 9.7788]], "52.3284534272,9.78008626029": [["51921263", 52.32888, 9.78002], ["51921263", 52.32872, 9.78004], ["784085441", 52.3289699, 9.78001], ["784085441", 52.32888, 9.78002]], "52.3354254942,9.7736377269": [["51920658", 52.33535, 9.77321], ["722912426", 52.33564, 9.77423]], "52.3352906294,9.77317051962": [["51920658", 52.33535, 9.77321], ["722912424", 52.33535, 9.77321], ["722912424", 52.33516, 9.77247], ["51928663", 52.33516, 9.77247]], "52.3338621855,9.77561627515": [["51920862", 52.33355, 9.7760299]], "52.3352650646,9.77303397842": [["51920658", 52.33535, 9.77321], ["722912424", 52.33516, 9.77247]], "52.3353326228,9.77333111688": [["722912424", 52.33535, 9.77321], ["722912424", 52.33516, 9.77247], ["51920658", 52.33564, 9.77423], ["51920658", 52.33535, 9.77321]], "52.3354870174,9.77385154925": [["51920658", 52.33535, 9.77321], ["722912426", 52.33564, 9.77423]], "52.3349228315,9.774624696": [["722912426", 52.33564, 9.77423], ["51920658", 52.33564, 9.77423]], "52.3282948416,9.77996882983": [["51928326", 52.3282, 9.7798599], ["51921262", 52.32852, 9.7807], ["51928326", 52.32836, 9.78021], ["51928326", 52.32826, 9.7799599]], "52.3353529908,9.77339884266": [["722912424", 52.33535, 9.77321], ["722912424", 52.33516, 9.77247], ["51920658", 52.33564, 9.77423], ["51920658", 52.33535, 9.77321]], "52.3353181221,9.77328057401": [["722912424", 52.33535, 9.77321], ["722912424", 52.33516, 9.77247], ["51920658", 52.33564, 9.77423], ["51920658", 52.33535, 9.77321]], "52.3352904618,9.77316364646": [["51920658", 52.33535, 9.77321], ["722912424", 52.33535, 9.77321], ["722912424", 52.33516, 9.77247], ["51928663", 52.33516, 9.77247]], "52.3352875281,9.7731567733": [["51920658", 52.33535, 9.77321], ["722912424", 52.33535, 9.77321], ["722912424", 52.33516, 9.77247], ["51928663", 52.33516, 9.77247]], "52.3280847911,9.77973137051": [["51928326", 52.32813, 9.7797699], ["51928326", 52.32806, 9.77971], ["51928326", 52.32796, 9.77965], ["51928326", 52.32806, 9.77971]], "52.3300914187,9.77906978689": [["51921142", 52.3304699, 9.7788], ["784085442", 52.3292899, 9.7798599], ["51929329", 52.33058, 9.7787199], ["51921208", 52.32967, 9.7794999]], "52.3333073873,9.77610552683": [["51920862", 52.33355, 9.7760299], ["51920940", 52.33288, 9.77667], ["51920861", 52.33394, 9.7767], ["51928665", 52.33288, 9.77667]], "52.3347176425,9.77107294835": [["51920701", 52.33485, 9.77132], ["51928663", 52.33493, 9.7715999], ["749445224", 52.3345099, 9.7719499], ["67949362", 52.33493, 9.7715999]]}}