{"136125": {"51.704827426,8.7185366638": [], "51.7007258255,8.7398383487": [], "51.7095459346,8.72013819404": [["51550628", 51.7096199, 8.7201799], ["51550629", 51.70957, 8.7201499], ["51548547", 51.70957, 8.7201499]], "51.7034339346,8.74379469082": [["778320783", 51.7035199, 8.7437799], ["778320782", 51.7034, 8.7437]], "51.7007408291,8.7405879423": [], "51.7023861967,8.76165702939": [], "51.7030718364,8.72178507037": [], "51.7067314591,8.71694033034": [], "51.7089119274,8.71968666092": [["51548539", 51.70896, 8.7196599]], "51.7012780253,8.75657969154": [], "51.7022864521,8.76134161837": [], "51.7014993913,8.75771066174": [], "51.7079293169,8.71631638147": [["75420849", 51.7079312, 8.7163403], ["61369636", 51.7078899, 8.7163099]], "51.7011278216,8.75542374328": [["587007048", 51.7012, 8.7553999]], "51.7014839686,8.7327348534": [], "51.7023833469,8.76165258698": [], "51.7097491957,8.72019234113": [], "51.7012165859,8.74120392837": [["797886459", 51.70121, 8.7411199]], "51.7014065199,8.73515982181": [], "51.7013227846,8.75298938714": [["587007048", 51.7013899, 8.75296]], "51.7039244436,8.71993266977": [], "51.7027031165,8.75013979152": [], "51.7095708288,8.72014942579": [["51550628", 51.7096199, 8.7201799], ["51550629", 51.70957, 8.7201499], ["51548547", 51.70957, 8.7201499]], "51.7013821285,8.73721422628": [], "51.7035323381,8.74876817688": [["51550462", 51.70363, 8.74886]], "51.7012826353,8.73849498108": [], "51.7095340323,8.72012704611": [["51550629", 51.70957, 8.7201499], ["51550628", 51.7096199, 8.7201799], ["51548547", 51.70957, 8.7201499]], "51.7038142215,8.74778464437": [], "51.7016102839,8.74173324555": [["778307358", 51.70154, 8.7418099], ["797886459", 51.7016799, 8.7417], ["51550635", 51.7016799, 8.7417], ["778307361", 51.70154, 8.7418099]], "51.709535541,8.72012838721": [["51550628", 51.7096199, 8.7201799], ["51550629", 51.70957, 8.7201499], ["51548547", 51.70957, 8.7201499]], "51.7018093541,8.72694714926": [], "51.7085404415,8.71670312248": [["75420851", 51.70859, 8.7167999]], "51.7093313579,8.72004456818": [["51548547", 51.7094299, 8.7199499]], "51.7057755869,8.71756327339": [], "51.702947868,8.74334173277": [], "51.7038178258,8.7466736231": [], "51.7017580569,8.75174727291": [["587007049", 51.7018099, 8.75175]], "51.7075972259,8.71692356654": [["75420852", 51.7075199, 8.71691], ["75420852", 51.7076199, 8.71702]], "51.709536463,8.72012863867": [["51550629", 51.70957, 8.7201499], ["51550628", 51.7096199, 8.7201799], ["51548547", 51.70957, 8.7201499]], "51.7023636494,8.72399361804": [], "51.7086489871,8.71592327021": [["75420851", 51.70872, 8.71589]], "51.7021940835,8.74250848778": [], "51.7031403165,8.74946152791": [], "51.7095393967,8.72013148852": [["51550628", 51.7096199, 8.7201799], ["51550629", 51.70957, 8.7201499], ["51548547", 51.70957, 8.7201499]], "51.7005855963,8.74016004615": [], "51.7085052375,8.71876096353": [["75334243", 51.70849, 8.71876]], "51.7095343675,8.72012754902": [["51550629", 51.70957, 8.7201499], ["51550628", 51.7096199, 8.7201799], ["51548547", 51.70957, 8.7201499]], "51.7095347866,8.72012805194": [["51550628", 51.7096199, 8.7201799], ["51550629", 51.70957, 8.7201499], ["51548547", 51.70957, 8.7201499]], "51.7023872864,8.76165837049": [], "51.7102251202,8.72028403915": [["51550628", 51.71029, 8.72032]], "51.7081972864,8.71747652069": [], "51.7023879569,8.76165996306": [], "51.7020100169,8.76014309004": [], "51.7022625636,8.75082291663": [["51550464", 51.7023399, 8.75092]], "51.7037471663,8.74554625712": [], "51.7038152274,8.74439257197": [], "51.7017425504,8.75889276154": [["587026352", 51.70183, 8.75884]], "51.7082074285,8.71560014784": [], "51.7023886275,8.76166113652": [], "51.7023853585,8.76165434718": [], "51.7015909217,8.72959239408": [], "51.7011259776,8.75423083082": [["587007048", 51.7012, 8.75433]]}, "70344": {"53.0254730489,9.86026712693": [], "53.0325303599,9.8525486514": [], "53.0270281434,9.85070647672": [["554734120", 53.02693, 9.85065], ["540654695", 53.02693, 9.85065]], "53.0288355332,9.85131952912": [], "53.0315314885,9.85221412964": [], "53.0296895653,9.85162513331": [], "53.0215306208,9.87289873883": [], "53.0217344686,9.87232047133": [["67912459", 53.02179, 9.87229]], "53.0282362271,9.85107435845": [], "53.0272440612,9.85073598102": [], "53.0229702964,9.86876956187": [], "53.0235104263,9.86716685817": [], "53.0272431392,9.85071863048": [], "53.0272422172,9.85072089359": [], "53.026881963,9.85116513446": [], "53.0261068884,9.8569149524": [["80711088", 53.0261299, 9.8568399]], "53.0245104712,9.86392314546": [], "53.0278139468,9.85093739815": [["540646378", 53.0278699, 9.8509599]], "53.0265384726,9.85374298878": [], "53.0335310753,9.85288702883": [], "53.0225294922,9.87007479183": [], "53.0274867173,9.85084662214": [], "53.0272431392,9.85072416253": [], "53.0249893293,9.86225112341": [], "53.0258099176,9.85860072076": [], "53.030586848,9.85190626234": [], "53.0263490416,9.85527696088": [], "53.0267211981,9.85231001861": [], "53.0221073795,9.87124289386": [], "53.0273166485,9.85075651668": [], "53.0240189563,9.86552752554": []}}