{"523348": {"51.3169433735,9.49722602963": [], "51.3169258554,9.48470296338": [], "51.3173776399,9.47825853713": [["52569938", 51.3173999, 9.4782699], ["52569881", 51.3173999, 9.4782699], ["52569876", 51.3173999, 9.4782699]], "51.3181531336,9.49553062208": [["52566275", 51.31821, 9.49549], ["52569809", 51.31821, 9.49549]], "51.3170203194,9.47812643833": [], "51.3172249217,9.49148057029": [], "51.3172752969,9.49762375094": [], "51.3170142844,9.48346453719": [], "51.3160790317,9.49602842331": [], "51.3173449505,9.4785570167": [], "51.3173423521,9.49071094394": [["52569915", 51.31736, 9.4906199]], "51.3170374185,9.49592373334": [], "51.3172771409,9.49825348333": [], "51.3171834312,9.4808339607": [], "51.3169887196,9.48954963125": [], "51.3181194384,9.49548091739": [["52569809", 51.31821, 9.49549], ["52566275", 51.31821, 9.49549]], "51.3172334712,9.49147688225": [], "51.3168360852,9.49345643632": [], "51.3169253524,9.4852619525": [["52564495", 51.3169099, 9.4853299], ["52564488", 51.3169099, 9.4853299], ["52564526", 51.3169099, 9.4853299]], "51.3168189861,9.48841078207": [], "51.3165017311,9.49683551677": [["576419341", 51.31653, 9.49686]], "51.3168198243,9.48900028132": [], "51.3168545254,9.49344495311": [], "51.3165139686,9.49596245773": [], "51.3169107679,9.48514091782": [], "51.3168599736,9.4934303686": [], "51.3169272803,9.48532062583": [["52564526", 51.3169099, 9.4853299], ["52564495", 51.3169099, 9.4853299], ["52564488", 51.3169099, 9.4853299]], "51.3166737277,9.49246016331": [], "51.3171893824,9.49006184936": [], "51.317213187,9.49150898494": [], "51.3178760279,9.49490549974": [["52569913", 51.3178999, 9.4949]], "51.3168384321,9.49341972359": [], "51.3173773885,9.49124026112": [["737712454", 51.31729, 9.49115]], "51.3170373347,9.49380151927": [], "51.317282673,9.47942538187": [], "51.3168858737,9.48570292443": [], "51.3180036843,9.49556146748": [], "51.3173909672,9.49431591667": [], "51.3179274928,9.49564612471": [], "51.3165220991,9.49277305976": [["52569949", 51.31647, 9.4928499]], "51.3169283699,9.48526496999": [["52564495", 51.3169099, 9.4853299], ["52564488", 51.3169099, 9.4853299], ["52564526", 51.3169099, 9.4853299]], "51.3161235396,9.49631298892": [["52574490", 51.3161, 9.49628], ["52566309", 51.3161, 9.49628]], "51.3166794274,9.4931154605": [["52569929", 51.31667, 9.4931399]], "51.3175445236,9.49588073418": [], "51.3174138498,9.49791233987": [], "51.3165592309,9.47811663151": [], "51.3182153273,9.49533406645": [["52569913", 51.31828, 9.4952799]], "51.317055691,9.48254797608": [], "51.3172526658,9.49148526415": [], "51.3171517476,9.49872613885": [], "51.3172572758,9.49149968103": [], "51.3167636655,9.48761005886": [], "51.3168373425,9.48650725186": [], "51.3172356505,9.480002895": [], "51.3171061501,9.48167935945": [], "51.3161675446,9.49593706056": [], "51.318141818,9.49547538534": [["52569809", 51.31821, 9.49549], ["52566275", 51.31821, 9.49549]], "51.3170415256,9.49184342287": [], "51.3169405237,9.48527662084": [["52564495", 51.3169099, 9.4853299], ["52564488", 51.3169099, 9.4853299], ["52564526", 51.3169099, 9.4853299]], "51.317324331,9.4789014291": [], "51.3173220679,9.4781914819": [["52569938", 51.3173999, 9.4782699], ["52569881", 51.3173999, 9.4782699], ["52569876", 51.3173999, 9.4782699]], "51.3169663399,9.48420524597": []}, "36101": {"53.4327678289,9.98407202773": [["51683703", 53.4328299, 9.9841299], ["51683703", 53.4328299, 9.9841299]], "53.4329080582,9.98415039852": [["51683703", 53.4328299, 9.9841299], ["51683703", 53.4328299, 9.9841299]], "53.4343444649,9.98538102955": [], "53.4323643241,9.98391352594": [["51683703", 53.43233, 9.98389]], "53.4310466889,9.99036641791": [["51969258", 53.43102, 9.9903999]], "53.4315040894,9.98701533303": [], "53.4312913567,9.98963224702": [], "53.4314425662,9.98434125446": [], "53.4314416442,9.98518003151": [], "53.4313317575,9.98882716522": [], "53.431574665,9.9862369895": [["51683755", 53.4315799, 9.9862699], ["51683755", 53.4315799, 9.9862699]], "53.4315967932,9.98369249515": [["51683756", 53.4316, 9.98379]], "53.4333450906,9.98496562243": [], "53.4369260911,9.98603959568": [["51683407", 53.4370226, 9.9860228]], "53.4328282624,9.98413028196": [["51683703", 53.4328299, 9.9841299], ["51683703", 53.4328299, 9.9841299]], "53.4328027815,9.9841036275": [["51683703", 53.4328299, 9.9841299], ["51683703", 53.4328299, 9.9841299]], "53.4313816298,9.9879123643": [["51969258", 53.4314499, 9.98786]], "53.4361288883,9.9854926765": [], "53.4317411296,9.98350759037": [["51683756", 53.4317, 9.9835]]}}