{"47795": {"51.8290915713,8.44432052225": [["74891838", 51.82903, 8.44428], ["74891837", 51.82903, 8.44428], ["587017273", 51.82903, 8.44428]], "51.8291083351,8.44415984116": [], "51.8290924933,8.4443198517": [["74891838", 51.82903, 8.44428], ["74891837", 51.82903, 8.44428], ["587017273", 51.82903, 8.44428]], "51.8290322274,8.44403285533": [], "51.8290222529,8.44406948425": [["74891837", 51.82893, 8.4440599], ["74891837", 51.82893, 8.4440599]], "51.8289956823,8.44408691861": [["74891837", 51.82893, 8.4440599], ["74891837", 51.82893, 8.4440599]], "51.8291249312,8.44429219142": [["587017273", 51.82903, 8.44428], ["74891838", 51.82903, 8.44428], ["74891837", 51.82903, 8.44428]], "51.8290351611,8.44416428357": [], "51.8291196506,8.44429101795": [["587017273", 51.82903, 8.44428], ["74891838", 51.82903, 8.44428], ["74891837", 51.82903, 8.44428]], "51.829029629,8.44405892305": [["74891837", 51.82893, 8.4440599], ["74891837", 51.82893, 8.4440599]], "51.8290962651,8.44432613812": [["74891838", 51.82903, 8.44428], ["74891837", 51.82903, 8.44428], ["587017273", 51.82903, 8.44428]], "51.829156531,8.44421465881": [], "51.8291415274,8.44430702738": [], "51.8290978577,8.44434692524": [["74891838", 51.82903, 8.44428], ["74891837", 51.82903, 8.44428], ["587017273", 51.82903, 8.44428]], "51.8290812615,8.44413938932": [], "51.829156531,8.44421365298": [], "51.8290986959,8.44413863495": [], "51.8290978577,8.44433016144": [["74891838", 51.82903, 8.44428], ["74891837", 51.82903, 8.44428], ["587017273", 51.82903, 8.44428]], "51.8290104344,8.44413016923": [["74891837", 51.82893, 8.4440599], ["74891837", 51.82893, 8.4440599]], "51.8290521763,8.44400846399": [], "51.8290967681,8.44432756305": [["74891838", 51.82903, 8.44428], ["74891837", 51.82903, 8.44428], ["587017273", 51.82903, 8.44428]], "51.829113448,8.44429328106": [["587017273", 51.82903, 8.44428], ["74891838", 51.82903, 8.44428], ["74891837", 51.82903, 8.44428]], "51.8290995341,8.44432848506": [["74891838", 51.82903, 8.44428], ["74891837", 51.82903, 8.44428], ["587017273", 51.82903, 8.44428]], "51.8290983606,8.44433502294": [["74891838", 51.82903, 8.44428], ["74891837", 51.82903, 8.44428], ["587017273", 51.82903, 8.44428]], "51.8291135319,8.44429252669": [["587017273", 51.82903, 8.44428], ["74891838", 51.82903, 8.44428], ["74891837", 51.82903, 8.44428]], "51.8291005399,8.44433317892": [["74891838", 51.82903, 8.44428], ["74891837", 51.82903, 8.44428], ["587017273", 51.82903, 8.44428]], "51.8290993664,8.44433401711": [["74891838", 51.82903, 8.44428], ["74891837", 51.82903, 8.44428], ["587017273", 51.82903, 8.44428]], "51.8290159665,8.44407652505": [["74891837", 51.82893, 8.4440599], ["74891837", 51.82893, 8.4440599]], "51.829103725,8.44432001933": [["587017273", 51.82903, 8.44428], ["74891838", 51.82903, 8.44428], ["74891837", 51.82903, 8.44428]], "51.8290970195,8.44435472041": [["74891838", 51.82903, 8.44428], ["74891837", 51.82903, 8.44428], ["587017273", 51.82903, 8.44428]], "51.8290513381,8.44405246899": [], "51.8290940858,8.44432152808": [["74891838", 51.82903, 8.44428], ["74891837", 51.82903, 8.44428], ["587017273", 51.82903, 8.44428]], "51.8290982768,8.44433284365": [["74891838", 51.82903, 8.44428], ["74891837", 51.82903, 8.44428], ["587017273", 51.82903, 8.44428]], "51.8291146215,8.44429185614": [["587017273", 51.82903, 8.44428], ["74891838", 51.82903, 8.44428], ["74891837", 51.82903, 8.44428]]}, "47794": {"51.829086123,8.44435849227": [["74891838", 51.82903, 8.44428], ["74891837", 51.82903, 8.44428], ["587017273", 51.82903, 8.44428]], "51.8290628213,8.44438212924": [], "51.8291482329,8.44432245009": [], "51.829078244,8.44436519779": [["74891838", 51.82903, 8.44428], ["74891837", 51.82903, 8.44428], ["587017273", 51.82903, 8.44428]], "51.8290740531,8.44437349588": [["74891838", 51.82903, 8.44428], ["74891837", 51.82903, 8.44428], ["587017273", 51.82903, 8.44428]], "51.8291151244,8.44430409372": [["587017273", 51.82903, 8.44428], ["74891838", 51.82903, 8.44428], ["74891837", 51.82903, 8.44428]], "51.8290686887,8.44436888583": [["74891837", 51.82903, 8.44428], ["74891838", 51.82903, 8.44428], ["587017273", 51.82903, 8.44428]], "51.8291041441,8.444376681": [["74891838", 51.82903, 8.44428], ["74891837", 51.82903, 8.44428], ["587017273", 51.82903, 8.44428]], "51.8291467242,8.44429856166": [], "51.829077322,8.44436368905": [["74891838", 51.82903, 8.44428], ["74891837", 51.82903, 8.44428], ["587017273", 51.82903, 8.44428]], "51.8291063234,8.44429981895": [["587017273", 51.82903, 8.44428], ["74891838", 51.82903, 8.44428], ["74891837", 51.82903, 8.44428]], "51.8290886376,8.44433829188": [["74891838", 51.82903, 8.44428], ["74891837", 51.82903, 8.44428], ["587017273", 51.82903, 8.44428]], "51.8292020448,8.44429378398": [], "51.8290776573,8.44436469488": [["74891838", 51.82903, 8.44428], ["74891837", 51.82903, 8.44428], ["587017273", 51.82903, 8.44428]], "51.8290753942,8.44437047839": [["74891838", 51.82903, 8.44428], ["74891837", 51.82903, 8.44428], ["587017273", 51.82903, 8.44428]], "51.8290623184,8.44438288361": [], "51.8291295413,8.44417861663": [], "51.8290737178,8.44437098131": [["74891838", 51.82903, 8.44428], ["74891837", 51.82903, 8.44428], ["587017273", 51.82903, 8.44428]], "51.8290790822,8.44436528161": [["74891838", 51.82903, 8.44428], ["74891837", 51.82903, 8.44428], ["587017273", 51.82903, 8.44428]], "51.8291479815,8.44418406487": [], "51.8290763162,8.44436637126": [["74891838", 51.82903, 8.44428], ["74891837", 51.82903, 8.44428], ["587017273", 51.82903, 8.44428]], "51.8291524239,8.44422027469": [], "51.8291036412,8.44430132769": [["587017273", 51.82903, 8.44428], ["74891838", 51.82903, 8.44428], ["74891837", 51.82903, 8.44428]], "51.8291025516,8.4443106316": [["587017273", 51.82903, 8.44428], ["74891838", 51.82903, 8.44428], ["74891837", 51.82903, 8.44428]], "51.8290678505,8.44437106512": [["74891837", 51.82903, 8.44428], ["74891838", 51.82903, 8.44428], ["587017273", 51.82903, 8.44428]], "51.8291420303,8.44420761801": [], "51.8290890567,8.44434206374": [["74891838", 51.82903, 8.44428], ["74891837", 51.82903, 8.44428], ["587017273", 51.82903, 8.44428]], "51.8290810939,8.44436402433": [["74891838", 51.82903, 8.44428], ["74891837", 51.82903, 8.44428], ["587017273", 51.82903, 8.44428]], "51.8290849496,8.44436058775": [["74891838", 51.82903, 8.44428], ["74891837", 51.82903, 8.44428], ["587017273", 51.82903, 8.44428]], "51.8291040603,8.44430769794": [["587017273", 51.82903, 8.44428], ["74891838", 51.82903, 8.44428], ["74891837", 51.82903, 8.44428]], "51.829083357,8.44436243176": [["74891838", 51.82903, 8.44428], ["74891837", 51.82903, 8.44428], ["587017273", 51.82903, 8.44428]], "51.8291545194,8.44425505958": [], "51.8291175552,8.44435036182": [["74891838", 51.82903, 8.44428], ["74891837", 51.82903, 8.44428], ["587017273", 51.82903, 8.44428]], "51.8291204888,8.44431247562": [["587017273", 51.82903, 8.44428], ["74891838", 51.82903, 8.44428], ["74891837", 51.82903, 8.44428]], "51.8290933315,8.44432236627": [["74891838", 51.82903, 8.44428], ["74891837", 51.82903, 8.44428], ["587017273", 51.82903, 8.44428]]}}