{"94978": {"52.3978756182,9.6708895918": [["51924296", 52.39782, 9.6707899], ["51924297", 52.39782, 9.6707899], ["51924319", 52.39782, 9.6707899]], "52.3977033701,9.67090392485": [], "52.3978893645,9.6708702296": [["51924296", 52.39782, 9.6707899], ["51924297", 52.39782, 9.6707899], ["51924319", 52.39782, 9.6707899]], "52.3978667334,9.67087643221": [["51924296", 52.39782, 9.6707899], ["51924297", 52.39782, 9.6707899], ["51924319", 52.39782, 9.6707899]], "52.397861788,9.67082605697": [["51924296", 52.39782, 9.6707899], ["51924297", 52.39782, 9.6707899], ["51924319", 52.39782, 9.6707899]], "52.3978464492,9.6707975585": [["51924297", 52.39782, 9.6707899], ["51924319", 52.39782, 9.6707899], ["51924296", 52.39782, 9.6707899]], "52.3978119995,9.67082438059": [["51924296", 52.39782, 9.6707899], ["51924319", 52.39782, 9.6707899], ["51924297", 52.39782, 9.6707899]], "52.3978663981,9.67088623904": [["51924296", 52.39782, 9.6707899], ["51924297", 52.39782, 9.6707899], ["51924319", 52.39782, 9.6707899]], "52.397867823,9.67087014578": [["51924296", 52.39782, 9.6707899], ["51924297", 52.39782, 9.6707899], ["51924319", 52.39782, 9.6707899]], "52.3978763726,9.67084709555": [["51924296", 52.39782, 9.6707899], ["51924297", 52.39782, 9.6707899], ["51924319", 52.39782, 9.6707899]], "52.3978962377,9.67086369172": [["51924296", 52.39782, 9.6707899], ["51924297", 52.39782, 9.6707899], ["51924319", 52.39782, 9.6707899]], "52.3978754506,9.67085212469": [["51924296", 52.39782, 9.6707899], ["51924297", 52.39782, 9.6707899], ["51924319", 52.39782, 9.6707899]], "52.3978352174,9.67080099508": [["51924296", 52.39782, 9.6707899], ["51924297", 52.39782, 9.6707899], ["51924319", 52.39782, 9.6707899]], "52.3978430964,9.6707944572": [["51924297", 52.39782, 9.6707899], ["51924319", 52.39782, 9.6707899], ["51924296", 52.39782, 9.6707899]], "52.3978939746,9.67086444609": [["51924296", 52.39782, 9.6707899], ["51924297", 52.39782, 9.6707899], ["51924319", 52.39782, 9.6707899]]}, "94980": {"52.3921153229,9.71863199025": [], "52.3917642888,9.71966564655": [], "52.3920445796,9.71884019673": [], "52.3920400534,9.71905393526": [], "52.3921386246,9.7185242828": [], "52.3920483515,9.71889627166": [], "52.3918801267,9.71923272125": [], "52.3918375466,9.71932148561": [], "52.3915104847,9.72091765143": [["554759738", 52.39152, 9.7209399], ["554759738", 52.39152, 9.7209399]], "52.3916241433,9.72011877224": [], "52.3919407278,9.71923875622": [], "52.3918692302,9.71924319863": [], "52.3920625169,9.71891001798": [], "52.3919079546,9.71923045814": [], "52.3921681289,9.71843292005": [], "52.3921749182,9.71839511767": [], "52.3914956488,9.72054767422": [["554759738", 52.3914899, 9.7205], ["554759738", 52.3914899, 9.7206199]]}, "94979": {"52.3916790448,9.69911187887": [], "52.3959628679,9.67744616792": [], "52.391452482,9.70086746849": [["717620881", 52.3914599, 9.7008199], ["717620880", 52.3914599, 9.7008199]], "52.393729426,9.68358775601": [], "52.3923427239,9.69378082082": [], "52.3953994364,9.67856188305": [], "52.3908778187,9.70622601919": [["554759737", 52.39086, 9.70613], ["554759737", 52.39089, 9.70623]], "52.3916933779,9.69916099682": [], "52.3913745303,9.70824505202": [["51913686", 52.3913699, 9.7083099]], "52.3914065491,9.71025779843": [], "52.3935566749,9.68416258693": [], "52.3939951323,9.68266122043": [], "52.3931104224,9.68562497757": [["723698199", 52.3930399, 9.68567]], "52.3962491937,9.67687024735": [["67918055", 52.39621, 9.67681]], "52.3910139408,9.70684653148": [], "52.3937177751,9.68362731859": [], "52.3946029879,9.68038159423": [], "52.3923205957,9.69406488352": [["51913524", 52.3922899, 9.69415]], "52.392320931,9.69395332038": [], "52.3927753977,9.68628622591": [["51924462", 52.3927499, 9.68624], ["51924462", 52.3927, 9.68634]], "52.3913048767,9.70200782642": [], "52.3913610354,9.7109755408": [], "52.3908037227,9.70596592873": [["554759737", 52.39083, 9.7060099], ["554759737", 52.39079, 9.7059099], ["554759737", 52.39079, 9.7059099], ["554759737", 52.39083, 9.7060099]], "52.3957060464,9.67797825113": [["51927574", 52.3956299, 9.67797], ["51927575", 52.3956299, 9.67797]], "52.3908397648,9.70519588329": [], "52.3965463322,9.67621813528": [], "52.3925275449,9.69077423215": [], "52.3950130306,9.67934525572": [], "52.3914407473,9.70096193254": [["717620880", 52.39144, 9.70098], ["724025792", 52.39144, 9.70098], ["51913648", 52.39144, 9.70098]], "52.3927286267,9.68744519167": [], "52.3918906879,9.69768796116": [["802856768", 52.3918899, 9.6977399]], "52.3915983271,9.69966324046": [], "52.3914362211,9.70103745349": [["717620880", 52.39144, 9.70098], ["724025792", 52.39144, 9.70098], ["51913648", 52.39144, 9.70098]], "52.3923779279,9.69305352308": [], "52.392075425,9.69639077783": [["51913524", 52.39207, 9.6963599]], "52.3915701639,9.70897058956": [], "52.3911695927,9.70298431814": [], "52.393814167,9.68334744684": [["51927617", 52.3938599, 9.68327]], "52.3913940601,9.70131263137": [], "52.3933389969,9.68492492102": [["723698199", 52.39331, 9.68499]], "52.3924667761,9.6918574255": [["51913465", 52.39244, 9.69179]], "52.3942832183,9.68154265545": [], "52.3922321666,9.69504154287": [], "52.3937418312,9.68358012848": [], "52.3907435406,9.70575319603": [["554759737", 52.39075, 9.70583], ["51913789", 52.39066, 9.70579], ["51913789", 52.39069, 9.70573], ["51913773", 52.39072, 9.70566]], "52.3911881167,9.70748456195": [["554759737", 52.3911699, 9.7074499]], "52.3966383655,9.67583516613": [], "52.3915237281,9.70949144103": [], "52.3966331687,9.67559913173": [], "52.3937403224,9.68358582817": [], "52.3926403653,9.68888277188": [], "52.3917478602,9.69865011983": [], "52.3914500512,9.70971976407": [], "52.3912437726,9.71335868351": [], "52.3911924753,9.71429578029": [], "52.3915128317,9.70028324984": [], "52.3923275527,9.69394602813": [], "52.3910063971,9.70414361916": [], "52.3923141416,9.69396907836": [], "52.3912846763,9.71256743185": [], "52.391318623,9.71176402643": [], "52.3915898614,9.70938909799": []}}