{"275616": {"51.9198418502,8.52214263752": [["772019395", 51.92045, 8.52269]], "51.9143171702,8.51653631777": [["772019395", 51.9151135, 8.5168354], ["772019395", 51.9144291, 8.5160844], ["792860117", 51.9145453, 8.5159273], ["792860117", 51.91497, 8.51639]], "51.9241109211,8.52741954848": [["772019395", 51.92452, 8.52715], ["61373189", 51.92481, 8.52745], ["772080089", 51.9246599, 8.5270099]], "51.9226948824,8.52513204329": [["772019395", 51.9231337, 8.5256309], ["772080089", 51.9227899, 8.52496]], "51.9233853836,8.52619973011": [["772019395", 51.9231337, 8.5256309], ["772080089", 51.92382, 8.52608]], "51.9247536454,8.52769246325": [["61373189", 51.9254799, 8.5281599], ["61373189", 51.92481, 8.52745], ["772019395", 51.92452, 8.52715], ["772080089", 51.9246599, 8.5270099]], "51.9214115292,8.52369555272": [], "51.9390208181,8.53755234741": [["76202187", 51.9387799, 8.5371499], ["51581870", 51.9392399, 8.53759], ["75410554", 51.9398599, 8.53824], ["51581878", 51.9392399, 8.53759]]}, "65237": {"53.0153204687,8.6071471218": [["554753342", 53.01489, 8.60691], ["554753342", 53.01555, 8.60678], ["540624234", 53.0159, 8.60676], ["51852343", 53.01627, 8.6067699]], "53.0012950301,8.6069326289": [], "53.0009144917,8.60646659508": [["51853333", 52.9999999, 8.60686]], "53.0165910814,8.60737988725": [["51852343", 53.01627, 8.6067699], ["703726495", 53.01676, 8.6069399], ["703726495", 53.01729, 8.6072599], ["540624234", 53.01627, 8.6067699]], "53.0227895826,8.61107236706": [["703726496", 53.0222, 8.61067], ["703726494", 53.02329, 8.6114299], ["703726494", 53.0229499, 8.61119]], "53.0016418733,8.60738902353": [], "53.0062721204,8.60907671973": [["51852362", 53.00592, 8.60944], ["51852362", 53.00541, 8.6100199], ["51852367", 53.00652, 8.6088699], ["51852370", 53.0067999, 8.60869]], "52.994582383,8.60314006917": [["51853333", 52.9949499, 8.6028299]], "53.0178139172,8.6086625699": [["703726495", 53.01797, 8.60771]], "52.9909374285,8.60392972827": [], "53.0125420354,8.60738374293": [["554753342", 53.0126099, 8.60738]], "52.9969129711,8.6042522639": [], "52.9996877164,8.60679793172": [["51853333", 52.9999999, 8.60686]], "53.0020065699,8.60848193988": [], "53.0222416576,8.61084094271": [["703726494", 53.0229499, 8.61119], ["703726496", 53.0222, 8.61067], ["703726495", 53.0213699, 8.6101]], "53.0039472319,8.61003108323": [["51852364", 53.0048899, 8.61066], ["51852362", 53.0048899, 8.61066]], "53.0045898724,8.61045696773": [["51852364", 53.0048899, 8.61066], ["51852362", 53.00541, 8.6100199], ["51852362", 53.0048899, 8.61066]], "52.9953317251,8.60366184264": [["51853333", 52.9949499, 8.6028299]], "53.0032049306,8.609327171": [], "53.0018769857,8.60781013034": [], "53.0024486315,8.6088907253": [], "53.0134552438,8.60725382343": [["554753342", 53.01406, 8.60709], ["554753342", 53.0126099, 8.60738]], "53.0082405265,8.60824163072": [["51852370", 53.0074499, 8.60847], ["554753339", 53.00836, 8.60824], ["51852370", 53.00777, 8.6083799], ["554753340", 53.00911, 8.60811]], "53.014324028,8.60708274879": [["554753342", 53.01406, 8.60709], ["554753342", 53.01489, 8.60691]], "52.9960548319,8.60370651819": [], "53.0027551576,8.60900145024": [], "53.0212027207,8.61032025889": [["703726495", 53.02056, 8.6095599], ["703726495", 53.0213699, 8.6101], ["703726496", 53.0222, 8.61067]], "53.0117181782,8.60755423084": [["554753342", 53.0126099, 8.60738], ["554753342", 53.0114599, 8.60765], ["554753341", 53.01076, 8.6077899]], "53.0089336261,8.60809964128": [["554753339", 53.00836, 8.60824], ["554753340", 53.00911, 8.60811]], "53.0109823309,8.6076998245": [["554753341", 53.01076, 8.6077899], ["554753342", 53.0114599, 8.60765]], "52.9945086222,8.6030547414": [["51853333", 52.9949499, 8.6028299]], "53.0050054472,8.61052142456": [["51852362", 53.0048899, 8.61066], ["51852362", 53.00541, 8.6100199], ["51852364", 53.0048899, 8.61066]], "53.0198239814,8.60892274417": [["703726495", 53.02056, 8.6095599], ["703726495", 53.01941, 8.6087399]], "53.0096288212,8.60796217807": [["554753340", 53.00911, 8.60811]], "53.0069215503,8.60852435231": [["51852370", 53.00777, 8.6083799], ["51852367", 53.00652, 8.6088699], ["51852370", 53.0074499, 8.60847], ["51852370", 53.00708, 8.60859]], "53.0055933539,8.60991625115": [["51852362", 53.00541, 8.6100199], ["51852362", 53.0048899, 8.61066], ["51852362", 53.00592, 8.60944], ["51852364", 53.0048899, 8.61066]], "53.0022591166,8.60872023739": [], "53.0103140417,8.60783125274": [["554753341", 53.01076, 8.6077899]], "53.0075220298,8.60839476809": [["554753339", 53.00836, 8.60824], ["51852370", 53.0067999, 8.60869], ["51852370", 53.00777, 8.6083799], ["51852370", 53.00708, 8.60859]], "53.0201143306,8.60923362896": [["703726495", 53.02056, 8.6095599], ["703726495", 53.01941, 8.6087399]], "53.0205368623,8.60968792811": [["703726495", 53.0213699, 8.6101], ["703726495", 53.02056, 8.6095599]]}, "65238": {"53.0212012958,8.64232764579": [["792617221", 53.02178, 8.64148], ["51863994", 53.02054, 8.6430099], ["792742983", 53.02054, 8.6430099]], "53.0213080812,8.64320271648": [["792742983", 53.02054, 8.6430099], ["792617221", 53.02054, 8.6430099], ["51863994", 53.02054, 8.6430099]], "53.0306024384,8.62627713941": [["51863831", 53.0303699, 8.62661]], "53.0324053857,8.62265682779": [["51863834", 53.03281, 8.6219299], ["51863851", 53.03281, 8.6219299]], "53.0298306327,8.6274450738": [["51863826", 53.02947, 8.6283099], ["51863831", 53.0303699, 8.62661], ["51863827", 53.02969, 8.62792], ["51863693", 53.0298699, 8.62836]], "53.0250795186,8.63646249287": [["51863927", 53.0250199, 8.6367399]], "53.0287836492,8.62949109636": [["51863825", 53.02867, 8.62984]], "53.0238720216,8.63862401806": [["792617222", 53.02435, 8.63793]], "53.0255333986,8.63564332947": [["51863928", 53.0259699, 8.6348699], ["51863929", 53.0259699, 8.6348699], ["51863934", 53.0259699, 8.6348699]], "53.0291240383,8.62903696485": [["51863825", 53.02867, 8.62984], ["51863826", 53.02947, 8.6283099], ["51863693", 53.0298699, 8.62836]], "53.0318365898,8.62382057123": [["51863833", 53.0318799, 8.62376]], "53.030157527,8.62687753513": [["51863831", 53.0303699, 8.62661]], "53.0242811423,8.63798012026": [["792617222", 53.02435, 8.63793]], "53.0292008165,8.62891199067": [["51863831", 53.02969, 8.62792], ["51863825", 53.02867, 8.62984], ["51863826", 53.02947, 8.6283099], ["51863826", 53.02867, 8.62984]], "53.0326587707,8.62213706598": [["51863834", 53.03281, 8.6219299], ["51863835", 53.0329299, 8.62156], ["51863851", 53.0335799, 8.62288], ["586516551", 53.03213, 8.62114]], "53.0234251823,8.63925903104": [["792617221", 53.0231799, 8.63964], ["792617221", 53.0231, 8.63975]], "53.021323923,8.6431670934": [["792742983", 53.02054, 8.6430099], ["792617221", 53.02054, 8.6430099], ["51863994", 53.02054, 8.6430099]], "53.0213539302,8.6431565322": [["792742983", 53.02054, 8.6430099], ["792617221", 53.02054, 8.6430099], ["51863994", 53.02054, 8.6430099]], "53.0259469617,8.63482592627": [["51863934", 53.0259699, 8.6348699], ["51863929", 53.0259699, 8.6348699], ["51863928", 53.0259699, 8.6348699]], "53.0215880368,8.64174962975": [["792617221", 53.02178, 8.64148]], "53.0213234201,8.64314454608": [["792742983", 53.02054, 8.6430099], ["792617221", 53.02054, 8.6430099], ["51863994", 53.02054, 8.6430099]], "53.0214024615,8.6432067398": [["792742983", 53.02054, 8.6430099], ["792617221", 53.02054, 8.6430099], ["51863994", 53.02054, 8.6430099]], "53.0292169936,8.62888382748": [["51863831", 53.02969, 8.62792], ["51863825", 53.02867, 8.62984], ["51863826", 53.02947, 8.6283099], ["51863826", 53.02867, 8.62984]], "53.0274520162,8.6320069246": [["51863820", 53.0277999, 8.6314599]], "53.0225298274,8.640528135": [["792617221", 53.0231799, 8.63964], ["792617221", 53.02178, 8.64148], ["792617221", 53.0231, 8.63975]], "53.0214085802,8.64326021634": [["792742983", 53.02054, 8.6430099], ["792617221", 53.02054, 8.6430099], ["51863994", 53.02054, 8.6430099]], "53.0263134185,8.63416199572": [["51863928", 53.0259699, 8.6348699], ["51863929", 53.0259699, 8.6348699], ["51863934", 53.0259699, 8.6348699]], "53.022081228,8.64112375304": [["792617221", 53.02178, 8.64148]], "53.0327329505,8.62189038657": [["51863851", 53.0335799, 8.62288], ["586516551", 53.03213, 8.62114], ["51863851", 53.03281, 8.6219299], ["51863834", 53.03281, 8.6219299]], "53.0283750314,8.63029399887": [["51863825", 53.02867, 8.62984]], "53.0213098414,8.64317782223": [["792742983", 53.02054, 8.6430099], ["792617221", 53.02054, 8.6430099], ["51863994", 53.02054, 8.6430099]], "53.0213203188,8.64317949861": [["792742983", 53.02054, 8.6430099], ["792617221", 53.02054, 8.6430099], ["51863994", 53.02054, 8.6430099]], "53.0271520279,8.63255292177": [], "53.0257992726,8.63507302478": [["51863820", 53.0259699, 8.6348699], ["51863928", 53.0259699, 8.6348699], ["51863929", 53.0259699, 8.6348699], ["51863934", 53.0259699, 8.6348699]], "53.031056989,8.62534222193": [["51863832", 53.0311499, 8.62511], ["51863880", 53.0311499, 8.62511]], "53.0258236639,8.63512951881": [["51863820", 53.0259699, 8.6348699], ["51863928", 53.0259699, 8.6348699], ["51863929", 53.0259699, 8.6348699], ["51863934", 53.0259699, 8.6348699]], "53.0314579792,8.62456412986": [["51863833", 53.0318799, 8.62376], ["51863832", 53.0311499, 8.62511], ["51863880", 53.0311499, 8.62511]], "53.0210183188,8.64261145703": [["792617221", 53.02054, 8.6430099], ["51863994", 53.02054, 8.6430099], ["792742983", 53.02054, 8.6430099]], "53.025801871,8.63509565592": [["51863820", 53.0259699, 8.6348699], ["51863928", 53.0259699, 8.6348699], ["51863929", 53.0259699, 8.6348699], ["51863934", 53.0259699, 8.6348699]], "53.0315541197,8.6202407442": [["51863855", 53.03203, 8.62104], ["586516551", 53.03213, 8.62114]], "53.0229684524,8.63988985308": [["792617221", 53.0231, 8.63975], ["792617221", 53.0231799, 8.63964]], "53.0210671853,8.64274213091": [["792617221", 53.02054, 8.6430099], ["51863994", 53.02054, 8.6430099], ["792742983", 53.02054, 8.6430099]], "53.0267435778,8.63332707435": [], "53.021333646,8.64314672537": [["792742983", 53.02054, 8.6430099], ["792617221", 53.02054, 8.6430099], ["51863994", 53.02054, 8.6430099]], "53.0246699788,8.63725793548": [["51863927", 53.0250199, 8.6367399], ["792617222", 53.02435, 8.63793]], "53.0258066487,8.63511652686": [["51863820", 53.0259699, 8.6348699], ["51863928", 53.0259699, 8.6348699], ["51863929", 53.0259699, 8.6348699], ["51863934", 53.0259699, 8.6348699]], "53.0257805809,8.63510864787": [["51863820", 53.0259699, 8.6348699], ["51863928", 53.0259699, 8.6348699], ["51863929", 53.0259699, 8.6348699], ["51863934", 53.0259699, 8.6348699]], "53.0293079372,8.6286637187": [["51863826", 53.02947, 8.6283099], ["51863827", 53.02969, 8.62792], ["51863693", 53.0298699, 8.62836], ["51863841", 53.0302299, 8.62852]], "53.0276343226,8.63178748637": [["51863820", 53.0277999, 8.6314599]], "53.0258150306,8.63509423099": [["51863820", 53.0259699, 8.6348699], ["51863928", 53.0259699, 8.6348699], ["51863929", 53.0259699, 8.6348699], ["51863934", 53.0259699, 8.6348699]], "53.0214143638,8.64325309172": [["792742983", 53.02054, 8.6430099], ["792617221", 53.02054, 8.6430099], ["51863994", 53.02054, 8.6430099]], "53.0320808385,8.62328144722": [["51863833", 53.0318799, 8.62376]], "53.0292272195,8.62882523797": [["51863831", 53.02969, 8.62792], ["51863826", 53.02947, 8.6283099], ["51863827", 53.02969, 8.62792], ["51863827", 53.02947, 8.6283099]], "53.0212747212,8.64322668873": [["792742983", 53.02054, 8.6430099], ["792617221", 53.02054, 8.6430099], ["51863994", 53.02054, 8.6430099]], "53.0295506772,8.62823615782": [["51863841", 53.0302299, 8.62852], ["51863827", 53.02969, 8.62792], ["51863826", 53.02947, 8.6283099], ["51863693", 53.0298699, 8.62836]], "53.0308922846,8.6195400171": [["51863856", 53.03051, 8.61927]], "53.0211017188,8.64309425466": [["792617221", 53.02054, 8.6430099]], "53.0324679986,8.62155242823": [["51863855", 53.03203, 8.62104], ["586516551", 53.03281, 8.6219299], ["586516551", 53.03213, 8.62114], ["51863835", 53.0329299, 8.62156]], "53.0257935729,8.63509297371": [["51863928", 53.0259699, 8.6348699], ["51863929", 53.0259699, 8.6348699]], "53.0279761367,8.63111802377": [["51863820", 53.0277999, 8.6314599], ["51863814", 53.0277999, 8.6314599]], "53.0319684371,8.62097332254": [["51863855", 53.03203, 8.62104], ["586516551", 53.03213, 8.62114], ["586516551", 53.03281, 8.6219299], ["51863835", 53.0329299, 8.62156]], "53.0209721345,8.64287766628": [["51863994", 53.02054, 8.6430099]]}, "275615": {"51.9906255975,8.61645455472": [["51578366", 51.98974, 8.61618], ["51578112", 51.99076, 8.6166199], ["51578207", 51.9899799, 8.61628], ["51578207", 51.9903176, 8.6164311]], "51.9766443316,8.61532442272": [["51579187", 51.97667, 8.6153699], ["51579187", 51.9774699, 8.61548]], "51.9838368427,8.61551837996": [["723519196", 51.9848299, 8.6150399], ["723519196", 51.9839, 8.61528], ["723519196", 51.98321, 8.6154399]], "51.9679378811,8.60504913144": [["723478872", 51.9682199, 8.6058499], ["723478872", 51.9678899, 8.6051299]], "51.9805520587,8.61587352119": [["76181664", 51.981, 8.61595], ["76181664", 51.98031, 8.61588], ["76181664", 51.97972, 8.61579], ["76181664", 51.98123, 8.61598]], "51.9869641308,8.61512786709": [["76181665", 51.98776, 8.61538], ["76181664", 51.9873, 8.61525], ["76181664", 51.98606, 8.61516], ["76181664", 51.98655, 8.61516]], "51.9755539298,8.61520347185": [["51579382", 51.97552, 8.6152], ["51579382", 51.975, 8.6150799]], "51.9708519336,8.61101042479": [["723478873", 51.97054, 8.61098], ["723478873", 51.9708799, 8.6115899], ["51579630", 51.9717699, 8.61112], ["51579635", 51.97178, 8.6115899]], "51.9692597911,8.60824624076": [["723478873", 51.96964, 8.6090399], ["723478872", 51.96885, 8.6072699]], "52.048904635,8.65484517999": [["51572021", 52.04809, 8.6543699], ["51572021", 52.0498809, 8.6554623], ["51572026", 52.0480499, 8.6547299], ["51572026", 52.04829, 8.65475]], "51.977803465,8.61547546461": [["51579187", 51.97844, 8.61561], ["51579187", 51.9774699, 8.61548]], "51.9745685533,8.61493575387": [["51579543", 51.9743199, 8.6148499], ["51579543", 51.97361, 8.6144899], ["51579382", 51.975, 8.6150799], ["51579382", 51.97552, 8.6152]], "51.9671398401,8.60319212079": [["792749304", 51.9668399, 8.60249], ["792749304", 51.96738, 8.6039099]], "52.0518759359,8.65666883066": [["52716602", 52.0511905, 8.6562568], ["52716602", 52.0517717, 8.6566075], ["52716602", 52.0521899, 8.6568599]], "51.97154277,8.61219118349": [["51579635", 51.9714299, 8.6124499], ["51579635", 51.9717699, 8.61172], ["51579635", 51.9715299, 8.6122799], ["51579689", 51.97125, 8.61292]], "51.9729761593,8.61399379559": [["51579634", 51.9722899, 8.61318], ["51579543", 51.9729199, 8.6140199], ["51579543", 51.97254, 8.6136999], ["51579543", 51.9731399, 8.6141899]], "52.0460074302,8.65309126675": [["51572021", 52.0460125, 8.6530951], ["51572021", 52.04501, 8.65248], ["51572021", 52.0467699, 8.65356], ["51572320", 52.04521, 8.6537399]], "51.9664241932,8.60120602883": [["792749304", 51.96629, 8.60084]], "51.9687101897,8.60673255287": [["723478872", 51.968379, 8.6062087], ["723478872", 51.9686515, 8.6068228], ["723478872", 51.9682199, 8.6058499], ["723478872", 51.96885, 8.6072699]], "52.0473018475,8.65386231802": [["51572021", 52.0476599, 8.6540999], ["51572021", 52.0467699, 8.65356], ["51572021", 52.04809, 8.6543699], ["51572203", 52.0476499, 8.6543999]], "51.965063056,8.59671483748": [["792749304", 51.96496, 8.59625]], "52.0445974264,8.65222432651": [["51572021", 52.04501, 8.65248], ["51572021", 52.0439, 8.6517], ["51572021", 52.04432, 8.65202]], "51.9657626934,8.59904794022": [["792749304", 51.96557, 8.59836]], "51.98536654,8.61516432837": [["723519196", 51.98597, 8.61489], ["723519196", 51.9852899, 8.6149399], ["723519196", 51.9848299, 8.6150399]], "51.9889636338,8.61571652815": [["76181665", 51.9880499, 8.6154699], ["51578366", 51.98868, 8.61572], ["51578366", 51.98974, 8.61618], ["51578366", 51.9892599, 8.61598]], "51.9790712278,8.61565441824": [["76181664", 51.97972, 8.61579], ["51579155", 51.97916, 8.61571], ["51579187", 51.97844, 8.61561]], "52.0503310673,8.65571823902": [["51572021", 52.0498809, 8.6554623], ["52716602", 52.0505, 8.6558399], ["52716602", 52.0507273, 8.6559772], ["52716602", 52.0511905, 8.6562568]], "51.9735275209,8.61441657878": [["51579543", 51.9731399, 8.6141899], ["51579543", 51.97361, 8.6144899], ["51579543", 51.9729199, 8.6140199], ["51579634", 51.9725799, 8.61345]], "51.9700735901,8.60978205688": [["723519202", 51.97059, 8.6107], ["723519202", 51.9701299, 8.6096899], ["723519202", 51.97037, 8.6102199], ["723478873", 51.96964, 8.6090399]], "51.97231072,8.61318469048": [["51579634", 51.9725799, 8.61345], ["51579634", 51.9722899, 8.61318], ["723519199", 51.9731099, 8.6138899], ["51579634", 51.97185, 8.61267]], "51.982174376,8.61588793807": [["723519198", 51.98143, 8.61572], ["723519196", 51.9818799, 8.61572], ["723519196", 51.9816499, 8.61572], ["723519196", 51.9827299, 8.6155699]]}}