{"53448": {"53.0829427298,8.80915911868": [], "53.080352135,8.80360761657": [], "53.0773187242,8.8199344743": [["586525897", 53.0772999, 8.81999], ["586525897", 53.07736, 8.81991], ["586525897", 53.07726, 8.82001]], "53.0803537276,8.80360485055": [], "53.077722732,8.81887072697": [["51883931", 53.07769, 8.8189]], "53.0807961244,8.81330061704": [], "53.080834765,8.80475551821": [], "53.0803277437,8.80364801735": [], "53.0803564936,8.80360133015": [], "53.0787505209,8.81721412763": [], "53.0811627489,8.80550578237": [], "53.077713931,8.81886745803": [["51883931", 53.07769, 8.8189]], "53.0801262427,8.81456846371": [], "53.0828096252,8.80829997361": [], "53.0779429246,8.81855011918": [], "53.0803424958,8.8036984764": [], "53.0810909998,8.8126428891": [], "53.0773130246,8.81992952898": [["586525897", 53.0772999, 8.81999], ["586525897", 53.07726, 8.82001], ["586525897", 53.07736, 8.81991]], "53.0773213226,8.81992282346": [["586525897", 53.0772999, 8.81999], ["586525897", 53.07736, 8.81991], ["586525897", 53.07726, 8.82001]], "53.0789898243,8.81670408882": [], "53.0785542168,8.81761503406": [], "53.076980263,8.81866193376": [], "53.0802616943,8.80340502597": [["51883480", 53.08022, 8.8033299], ["51883492", 53.0803, 8.80344], ["83642850", 53.0803, 8.80344], ["83720501", 53.08022, 8.8033299]], "53.0803566612,8.80360082723": [], "53.079955671,8.8029471226": [], "53.0777326226,8.81886368617": [["51883931", 53.07769, 8.8189]], "53.0793644954,8.81597737782": [], "53.0830092821,8.80875645205": [["724247765", 53.08304, 8.80872], ["51884745", 53.0831, 8.80882]], "53.0823572539,8.8103505224": [], "53.0768305622,8.8198397588": [["724623618", 53.0768, 8.8199299], ["51884147", 53.0768, 8.8199299]], "53.0817131884,8.81147612818": [], "53.077717619,8.81886854768": [["51883931", 53.07769, 8.8189]], "53.0826198589,8.80800887011": [], "53.0820527393,8.81085997447": [], "53.0790359247,8.80118046887": [], "53.0767066777,8.81924632005": [], "53.0773143657,8.81992994808": [["586525897", 53.0772999, 8.81999], ["586525897", 53.07736, 8.81991], ["586525897", 53.07726, 8.82001]], "53.077313276,8.81992978044": [["586525897", 53.0772999, 8.81999], ["586525897", 53.07726, 8.82001], ["586525897", 53.07736, 8.81991]], "53.0815871246,8.80648529157": [], "53.0795617215,8.80228796974": [], "53.0769984517,8.81999239326": [["724623619", 53.07702, 8.8200399]], "53.0772182252,8.82001963444": [], "53.0773182213,8.8199300319": [["586525897", 53.0772999, 8.81999], ["586525897", 53.07736, 8.81991], ["586525897", 53.07726, 8.82001]], "53.0773212388,8.81993112154": [["586525897", 53.0772999, 8.81999], ["586525897", 53.07736, 8.81991], ["586525897", 53.07726, 8.82001]], "53.0777197983,8.8188686315": [["51883931", 53.07769, 8.8189]], "53.0774028786,8.81979332305": [], "53.0773232505,8.81992181763": [["586525897", 53.0772999, 8.81999], ["586525897", 53.07736, 8.81991], ["586525897", 53.07726, 8.82001]], "53.0803485308,8.80361574702": [], "53.0803403165,8.80363083445": [], "53.0805276521,8.8040706329": [], "53.0813313928,8.81208716892": [], "53.0797483865,8.81526374258": [], "53.0823832378,8.80763813853": [], "53.0803553201,8.80360342562": [], "53.0826641992,8.80969732068": [], "53.0825898517,8.80794449709": [], "53.0804879218,8.81390662864": [], "53.077514777,8.81948713213": [], "53.07922896,8.80159394816": [], "53.0820621271,8.80710253492": [], "53.0776040442,8.81909578107": [], "53.0782890972,8.81807092577": []}}