{"802283": {"52.3199608829,10.494065322": [["51805774", 52.3199429, 10.4939551], ["792712530", 52.320061, 10.494157]], "52.3199353181,10.4941280186": [["51805774", 52.3199429, 10.4939551], ["792712530", 52.320061, 10.494157]], "52.3199373297,10.4941319581": [["51805774", 52.3199429, 10.4939551], ["792712530", 52.320061, 10.494157]], "52.3198309634,10.4945165198": [["51805774", 52.3199429, 10.4939551], ["792712530", 52.320061, 10.494157]], "52.3204542417,10.491890721": [["51805774", 52.3202097, 10.492834], ["51805774", 52.32057, 10.49132], ["792733393", 52.32081, 10.4910199], ["792712530", 52.3203937, 10.4927633]], "52.3198683467,10.4943706747": [["51805774", 52.3199429, 10.4939551], ["792712530", 52.320061, 10.494157]], "52.3203186225,10.4925749358": [["51805774", 52.3202097, 10.492834], ["792712530", 52.3203937, 10.4927633]], "52.3199726176,10.4939920641": [["51805774", 52.3199429, 10.4939551], ["792712530", 52.320061, 10.494157]], "52.3200870305,10.4934561253": [["51805774", 52.3202097, 10.492834], ["51805774", 52.3199429, 10.4939551], ["792712530", 52.3203937, 10.4927633], ["792712530", 52.320061, 10.494157]], "52.3199349828,10.4941310361": [["51805774", 52.3199429, 10.4939551], ["792712530", 52.320061, 10.494157]], "52.319675982,10.4950987268": [["51805774", 52.3194777, 10.4959099], ["792712530", 52.320061, 10.494157]], "52.3196630739,10.4951775167": [["51805774", 52.3194777, 10.4959099]], "52.3203300219,10.4925543163": [["51805774", 52.3202097, 10.492834], ["792712530", 52.3203937, 10.4927633]], "52.3204523977,10.4918847699": [["51805774", 52.3202097, 10.492834], ["51805774", 52.32057, 10.49132], ["792733393", 52.32081, 10.4910199], ["792712530", 52.3203937, 10.4927633]], "52.3202655651,10.4926982336": [["51805774", 52.3202097, 10.492834], ["792712530", 52.3203937, 10.4927633]], "52.3199310433,10.4941285215": [["51805774", 52.3199429, 10.4939551], ["792712530", 52.320061, 10.494157]], "52.3201447818,10.4932991322": [["51805774", 52.3202097, 10.492834], ["51805774", 52.3199429, 10.4939551], ["792712530", 52.3203937, 10.4927633], ["792712530", 52.320061, 10.494157]], "52.3203281779,10.4925492872": [["51805774", 52.3202097, 10.492834], ["792712530", 52.3203937, 10.4927633]], "52.3199453764,10.4941062257": [["51805774", 52.3199429, 10.4939551], ["792712530", 52.320061, 10.494157]], "52.3200971726,10.4934830312": [["51805774", 52.3202097, 10.492834], ["51805774", 52.3199429, 10.4939551], ["792712530", 52.3203937, 10.4927633], ["792712530", 52.320061, 10.494157]], "52.3203321174,10.4924880993": [["51805774", 52.3202097, 10.492834], ["792712530", 52.3203937, 10.4927633]], "52.3204548284,10.4918891285": [["51805774", 52.3202097, 10.492834], ["51805774", 52.32057, 10.49132], ["792733393", 52.32081, 10.4910199], ["792712530", 52.3203937, 10.4927633]], "52.3199384194,10.4941311199": [["51805774", 52.3199429, 10.4939551], ["792712530", 52.320061, 10.494157]], "52.3200360686,10.4936538544": [["51805774", 52.3202097, 10.492834], ["51805774", 52.3199429, 10.4939551], ["792712530", 52.3203937, 10.4927633], ["792712530", 52.320061, 10.494157]], "52.3196964338,10.494986577": [["51805774", 52.3194777, 10.4959099], ["792712530", 52.320061, 10.494157]], "52.3199373297,10.494129695": [["51805774", 52.3199429, 10.4939551], ["792712530", 52.320061, 10.494157]], "52.3201867752,10.4931044206": [["51805774", 52.3202097, 10.492834], ["51805774", 52.3199429, 10.4939551], ["792712530", 52.3203937, 10.4927633]], "52.3201093264,10.4934279621": [["51805774", 52.3202097, 10.492834], ["51805774", 52.3199429, 10.4939551], ["792712530", 52.3203937, 10.4927633], ["792712530", 52.320061, 10.494157]], "52.3199132737,10.4941927269": [["51805774", 52.3199429, 10.4939551], ["792712530", 52.320061, 10.494157]], "52.3203871865,10.4923243169": [["51805774", 52.3202097, 10.492834], ["792712530", 52.3203937, 10.4927633]], "52.3204542417,10.4918885417": [["51805774", 52.3202097, 10.492834], ["51805774", 52.32057, 10.49132], ["792733393", 52.32081, 10.4910199], ["792712530", 52.3203937, 10.4927633]], "52.3204538226,10.4918944929": [["51805774", 52.3202097, 10.492834], ["51805774", 52.32057, 10.49132], ["792733393", 52.32081, 10.4910199], ["792712530", 52.3203937, 10.4927633]], "52.3204709217,10.4919372406": [["51805774", 52.3202097, 10.492834], ["51805774", 52.32057, 10.49132], ["792733393", 52.32081, 10.4910199], ["792712530", 52.3203937, 10.4927633]], "52.3200746253,10.4935099371": [["51805774", 52.3202097, 10.492834], ["51805774", 52.3199429, 10.4939551], ["792712530", 52.3203937, 10.4927633], ["792712530", 52.320061, 10.494157]], "52.3199368268,10.4941290244": [["51805774", 52.3199429, 10.4939551], ["792712530", 52.320061, 10.494157]], "52.3199357372,10.4941281863": [["51805774", 52.3199429, 10.4939551], ["792712530", 52.320061, 10.494157]], "52.3200984299,10.4934637528": [["51805774", 52.3202097, 10.492834], ["51805774", 52.3199429, 10.4939551], ["792712530", 52.3203937, 10.4927633], ["792712530", 52.320061, 10.494157]], "52.3200047202,10.493780924": [["51805774", 52.3202097, 10.492834], ["51805774", 52.3199429, 10.4939551], ["792712530", 52.320061, 10.494157]], "52.320453655,10.4918858595": [["51805774", 52.3202097, 10.492834], ["51805774", 52.32057, 10.49132], ["792733393", 52.32081, 10.4910199], ["792712530", 52.3203937, 10.4927633]], "52.3204706702,10.4919357318": [["51805774", 52.3202097, 10.492834], ["51805774", 52.32057, 10.49132], ["792733393", 52.32081, 10.4910199], ["792712530", 52.3203937, 10.4927633]], "52.3204537388,10.4918865301": [["51805774", 52.3202097, 10.492834], ["51805774", 52.32057, 10.49132], ["792733393", 52.32081, 10.4910199], ["792712530", 52.3203937, 10.4927633]], "52.3203264177,10.4925467726": [["51805774", 52.3202097, 10.492834], ["792712530", 52.3203937, 10.4927633]], "52.3197339848,10.4948504549": [["51805774", 52.3199429, 10.4939551], ["792712530", 52.320061, 10.494157]], "52.31993163,10.4941301979": [["51805774", 52.3199429, 10.4939551], ["792712530", 52.320061, 10.494157]], "52.3197749723,10.494697988": [["51805774", 52.3199429, 10.4939551], ["792712530", 52.320061, 10.494157]], "52.3202062212,10.4930034187": [["51805774", 52.3202097, 10.492834], ["51805774", 52.3199429, 10.4939551], ["792712530", 52.3203937, 10.4927633]], "52.3199384194,10.4941318743": [["51805774", 52.3199429, 10.4939551], ["792712530", 52.320061, 10.494157]], "52.3195567913,10.4952388722": [], "52.3204284254,10.4921531584": [["51805774", 52.3202097, 10.492834], ["51805774", 52.32057, 10.49132], ["792712530", 52.3203937, 10.4927633]], "52.3203284293,10.4925499577": [["51805774", 52.3202097, 10.492834], ["792712530", 52.3203937, 10.4927633]], "52.3204730172,10.4919429403": [["51805774", 52.3202097, 10.492834], ["51805774", 52.32057, 10.49132], ["792733393", 52.32081, 10.4910199], ["792712530", 52.3203937, 10.4927633]], "52.320471257,10.4919507354": [["51805774", 52.3202097, 10.492834], ["51805774", 52.32057, 10.49132], ["792733393", 52.32081, 10.4910199], ["792712530", 52.3203937, 10.4927633]], "52.3201594502,10.493210787": [["51805774", 52.3202097, 10.492834], ["51805774", 52.3199429, 10.4939551], ["792712530", 52.3203937, 10.4927633], ["792712530", 52.320061, 10.494157]], "52.3200913891,10.4934665188": [["51805774", 52.3202097, 10.492834], ["51805774", 52.3199429, 10.4939551], ["792712530", 52.3203937, 10.4927633], ["792712530", 52.320061, 10.494157]], "52.3199879564,10.4938879609": [["51805774", 52.3199429, 10.4939551], ["792712530", 52.320061, 10.494157]], "52.320231786,10.4928676318": [["51805774", 52.3202097, 10.492834], ["792712530", 52.3203937, 10.4927633]], "52.320455499,10.4918969236": [["51805774", 52.3202097, 10.492834], ["51805774", 52.32057, 10.49132], ["792733393", 52.32081, 10.4910199], ["792712530", 52.3203937, 10.4927633]], "52.3197998665,10.4946216289": [["51805774", 52.3199429, 10.4939551], ["792712530", 52.320061, 10.494157]], "52.3203550838,10.4923970718": [["51805774", 52.3202097, 10.492834], ["792712530", 52.3203937, 10.4927633]], "52.3203654774,10.4923634604": [["51805774", 52.3202097, 10.492834], ["792712530", 52.3203937, 10.4927633]], "52.3204547446,10.4918946605": [["51805774", 52.3202097, 10.492834], ["51805774", 52.32057, 10.49132], ["792733393", 52.32081, 10.4910199], ["792712530", 52.3203937, 10.4927633]], "52.3199379165,10.4941300303": [["51805774", 52.3199429, 10.4939551], ["792712530", 52.320061, 10.494157]]}, "802284": {"52.3212654423,10.4886462539": [], "52.3213177454,10.4884655401": [], "52.3207917809,10.4902851675": [["792712532", 52.3206899, 10.4907899], ["792712533", 52.3208899, 10.48999], ["792733394", 52.32101, 10.4901899], ["792733393", 52.32081, 10.4910199]], "52.3212075233,10.4888531193": [], "52.3210485186,10.4894565325": [["792712533", 52.3208899, 10.48999], ["792733394", 52.32101, 10.4901899]], "52.3213762511,10.4881935474": [], "52.3209074512,10.4900300223": [["792712533", 52.3208899, 10.48999], ["792712532", 52.3206899, 10.4907899], ["792733393", 52.32081, 10.4910199], ["792733394", 52.32101, 10.4901899]], "52.3210518714,10.4894748889": [["792712533", 52.3208899, 10.48999], ["792733394", 52.32101, 10.4901899]], "52.3213444836,10.4881813936": [], "52.3210227862,10.4895667545": [["792712533", 52.3208899, 10.48999], ["792733394", 52.32101, 10.4901899]], "52.3208600935,10.4899787251": [["792712532", 52.3206899, 10.4907899], ["792712533", 52.3208899, 10.48999], ["792733394", 52.32101, 10.4901899]], "52.3209815472,10.4897200596": [["792712533", 52.3208899, 10.48999], ["792733394", 52.32101, 10.4901899]], "52.3208436649,10.4902070481": [["792712533", 52.3208899, 10.48999], ["792712532", 52.3206899, 10.4907899], ["792733394", 52.32101, 10.4901899], ["792733393", 52.32081, 10.4910199]], "52.3211755883,10.4889743216": [], "52.3212904204,10.4885583278": [], "52.3211436532,10.4890930932": [["792712533", 52.3208899, 10.48999]], "52.3209297471,10.4899569321": [["792712533", 52.3208899, 10.48999], ["792712532", 52.3206899, 10.4907899], ["792733394", 52.32101, 10.4901899]], "52.3213741556,10.4882123228": [], "52.3209522944,10.4898273479": [["792712533", 52.3208899, 10.48999], ["792712532", 52.3206899, 10.4907899], ["792733394", 52.32101, 10.4901899]], "52.3213739879,10.4881995823": [], "52.3213577271,10.4881942179": [], "52.3206885997,10.4908096232": [["51805774", 52.32057, 10.49132], ["792712532", 52.3206899, 10.4907899], ["792712533", 52.3208899, 10.48999], ["792733394", 52.32101, 10.4901899]], "52.3211217765,10.4892095178": [["792712533", 52.3208899, 10.48999], ["792733394", 52.32101, 10.4901899]], "52.3207636178,10.4903510492": [["792712532", 52.3206899, 10.4907899], ["792712533", 52.3208899, 10.48999], ["51805774", 52.32057, 10.49132], ["792733394", 52.32101, 10.4901899]], "52.3208971415,10.4900497198": [["792712533", 52.3208899, 10.48999], ["792712532", 52.3206899, 10.4907899], ["792733393", 52.32081, 10.4910199], ["792733394", 52.32101, 10.4901899]], "52.3208679724,10.489991717": [["792712532", 52.3206899, 10.4907899], ["792712533", 52.3208899, 10.48999], ["792733394", 52.32101, 10.4901899]], "52.3209417332,10.4898977559": [["792712533", 52.3208899, 10.48999], ["792712532", 52.3206899, 10.4907899], ["792733394", 52.32101, 10.4901899]], "52.3213747423,10.4881939664": [], "52.32135823,10.4883251432": [], "52.3211566452,10.4890506808": [["792712533", 52.3208899, 10.48999]], "52.3208785336,10.4900179524": [["792712533", 52.3208899, 10.48999], ["792712532", 52.3206899, 10.4907899], ["792733394", 52.32101, 10.4901899]], "52.3210764304,10.4893529322": [["792712533", 52.3208899, 10.48999], ["792733394", 52.32101, 10.4901899]], "52.3210481834,10.4894738831": [["792712533", 52.3208899, 10.48999], ["792733394", 52.32101, 10.4901899]], "52.3212361895,10.4887500219": [], "52.3210504465,10.4894742183": [["792712533", 52.3208899, 10.48999], ["792733394", 52.32101, 10.4901899]], "52.3207176849,10.4906342737": [["792712532", 52.3206899, 10.4907899], ["792712533", 52.3208899, 10.48999], ["51805774", 52.32057, 10.49132], ["792733394", 52.32101, 10.4901899]], "52.3208739236,10.4900017753": [["792712532", 52.3206899, 10.4907899], ["792712533", 52.3208899, 10.48999], ["792733394", 52.32101, 10.4901899]], "52.3211007379,10.4892861284": [["792712533", 52.3208899, 10.48999], ["792733394", 52.32101, 10.4901899]], "52.3207614385,10.4904010892": [["792712532", 52.3206899, 10.4907899], ["792712533", 52.3208899, 10.48999], ["51805774", 52.32057, 10.49132], ["792733394", 52.32101, 10.4901899]], "52.3213798553,10.4881815612": []}}