{"1122053": {"51.2581873219,9.51672107913": [], "51.2613161188,9.46748376824": [], "51.2601618469,9.51558851637": [], "51.2541293912,9.5171543397": [], "51.2607154716,9.51301694848": [], "51.2596885208,9.48483715765": [], "51.2621661276,9.45840558037": [], "51.2600945402,9.4818654377": [], "51.2594800629,9.49246334843": [], "51.2634891272,9.45303848013": [], "51.2504558545,9.51689751819": [["61772106", 51.25036, 9.51685]], "51.2624433171,9.4570373185": [], "51.2595362216,9.51620089822": [], "51.2610767316,9.47237167507": [], "51.2627585605,9.45569378324": [], "51.2617496308,9.46124645881": [], "51.2606633361,9.50580775738": [], "51.2631133664,9.45436642505": [], "51.260561496,9.50442398898": [], "51.2597483676,9.49535292573": [], "51.2549930625,9.51706063002": [], "51.2523070816,9.51731845737": [], "51.2604350969,9.50299873017": [], "51.261385018,9.46596957743": [], "51.255842736,9.51695024036": [], "51.249495456,9.51635059901": [["67212131", 51.2495199, 9.51639]], "51.2598845735,9.49684582651": [], "51.2513885926,9.51721812598": [], "51.2566606421,9.5168742165": [], "51.2644387968,9.45000993088": [], "51.2595178653,9.4863180723": [], "51.2605900783,9.51441664249": [], "51.2608154677,9.51017154381": [], "51.2593699247,9.4907416217": [], "51.2607503403,9.50720602646": [], "51.260961229,9.47396306321": [], "51.2608237658,9.47556031868": [], "51.2603028305,9.48030824773": [], "51.2588809244,9.51649703085": [], "51.2607851252,9.51165338047": [], "51.2601505313,9.49979818426": [], "51.2477763277,9.51451018453": [], "51.2485939823,9.51557183638": [["67212131", 51.24856, 9.5156199]], "51.2600195222,9.4983304292": [["62073399", 51.26007, 9.4983899]], "51.2612473872,9.4690761622": [], "51.2604975421,9.47873462923": [], "51.2602819595,9.50125772506": [], "51.2532357965,9.5172428526": [], "51.2614816613,9.46435731836": [], "51.2648675311,9.44859355688": [], "51.2619327754,9.45981156081": [], "51.261166418,9.47074558586": [], "51.2639962323,9.45140099153": [], "51.2608061638,9.50867487118": [], "51.2470177654,9.51325306669": [], "51.2593556754,9.48930244893": [], "51.2596142571,9.49389372021": [], "51.2606669404,9.47714969516": [], "51.2615991756,9.4627592247": [], "51.2598895188,9.48337761685": [], "51.2574423384,9.51681897976": [], "51.2594060507,9.48783796281": []}, "109943": {"52.4166084174,9.80669846758": [], "52.4152653851,9.80656578206": [], "52.4187651649,9.80870693922": [], "52.4178750906,9.80717422441": [], "52.4164592195,9.80671942234": [], "52.418578919,9.80836722068": [], "52.416610932,9.80674222112": [], "52.4157889187,9.80647492222": [], "52.4184636679,9.80813839473": [["51946786", 52.41853, 9.8080899]], "52.4160142243,9.80660576373": [["554762229", 52.41594, 9.8066]], "52.4173063785,9.80655756779": [["572195079", 52.4173599, 9.80647], ["572195079", 52.41728, 9.8064599], ["572195079", 52.41728, 9.8064599], ["572195079", 52.4172299, 9.8064599]], "52.4174232222,9.8066395428": [], "52.4166214932,9.80661733076": [["51909154", 52.4165399, 9.80653], ["51908991", 52.4165399, 9.80653], ["554762229", 52.4165399, 9.80653]], "52.4153301772,9.80658925138": [["554762229", 52.41538, 9.80667], ["554762229", 52.41538, 9.80667]], "52.4166256841,9.80659252033": [["51908991", 52.4165399, 9.80653], ["554762229", 52.4165399, 9.80653], ["51909154", 52.4165399, 9.80653]], "52.4166177213,9.80661104433": [["51909154", 52.4165399, 9.80653], ["51908991", 52.4165399, 9.80653], ["554762229", 52.4165399, 9.80653]], "52.4181831256,9.80767923407": [], "52.4156821333,9.806577852": [], "52.4166193977,9.80661213398": [["51909154", 52.4165399, 9.80653], ["51908991", 52.4165399, 9.80653], ["554762229", 52.4165399, 9.80653]], "52.4166156258,9.80674238876": [], "52.4153290875,9.80658615008": [["554762229", 52.41538, 9.80667], ["554762229", 52.41538, 9.80667]], "52.4180471711,9.80742685497": [], "52.4166229181,9.80659386143": [["51908991", 52.4165399, 9.80653], ["554762229", 52.4165399, 9.80653], ["51909154", 52.4165399, 9.80653]], "52.4167538434,9.80661188252": [], "52.4166514166,9.80662512593": [], "52.4166213255,9.80663887225": [], "52.4169033766,9.80667315423": [], "52.4183328263,9.80788425542": [], "52.4186886381,9.80857618153": [], "52.416624343,9.80663241819": [], "52.4175382219,9.80671213008": [], "52.4155086279,9.80652881786": [], "52.4147316255,9.8065805342": [["554762229", 52.41469, 9.8065199]], "52.4166204873,9.80663912371": [], "52.4166287854,9.80658866465": [["51908991", 52.4165399, 9.80653], ["554762229", 52.4165399, 9.80653], ["51909154", 52.4165399, 9.80653]], "52.415154241,9.80664976873": [["554762229", 52.41518, 9.8066899], ["554762229", 52.41509, 9.8066799]], "52.4149424303,9.80667399243": [["554762229", 52.41501, 9.80667], ["554762229", 52.41485, 9.8066], ["554762229", 52.4149299, 9.80664]], "52.4152966496,9.80662688613": [["554762229", 52.41538, 9.80667], ["554762229", 52.41538, 9.80667]], "52.4153036904,9.80654918589": [], "52.416634066,9.80659939349": [["51908991", 52.4165399, 9.80653], ["554762229", 52.4165399, 9.80653], ["51909154", 52.4165399, 9.80653]], "52.4166707788,9.80662873015": [], "52.416678071,9.80664289556": [], "52.4166226666,9.80659562163": [["51908991", 52.4165399, 9.80653], ["554762229", 52.4165399, 9.80653], ["51909154", 52.4165399, 9.80653]], "52.4171972461,9.80658262968": [], "52.4166119378,9.80668547563": [], "52.417756319,9.80700164102": [], "52.4166028854,9.80670399964": [], "52.4170712661,9.80663132854": [], "52.4153210409,9.80656678788": [], "52.4166244268,9.80663795024": [], "52.4166203197,9.80664046481": [], "52.4179594964,9.80727212504": [], "52.4162224308,9.80659168214": [], "52.4152921233,9.80652563274": [], "52.4152579252,9.80655312538": [], "52.41538072,9.8065686319": [], "52.4166226666,9.80660593137": [["51908991", 52.4165399, 9.80653], ["554762229", 52.4165399, 9.80653], ["51909154", 52.4165399, 9.80653]]}, "1122054": {"51.2689521164,9.42271275446": [], "51.2756178249,9.41031214781": [], "51.2739628181,9.41330088302": [], "51.2730519567,9.41468255594": [], "51.2780897319,9.4028373342": [], "51.2695692759,9.42097024061": [], "51.2769637909,9.40688646398": [], "51.2784698512,9.40092793666": [], "51.2748279981,9.41185299307": [], "51.2763227429,9.40864649601": [], "51.2684522197,9.42452995107": [], "51.277618669,9.40469887108": [], "51.2680505589,9.42641437054": [], "51.2712688744,9.41748705693": [], "51.2704444304,9.41899387166": [], "51.2721496448,9.41606582142": []}, "1122052": {"51.2237919308,9.47913696058": [], "51.2191437464,9.4763826672": [], "51.2283128779,9.48355321772": [], "51.231093742,9.487570161": [], "51.2202769797,9.47704802267": [], "51.2292587757,9.48488719761": [], "51.2251941394,9.48013843037": [], "51.2358510587,9.49450031854": [], "51.2329266965,9.49019721709": [], "51.2226139382,9.47843078524": [], "51.2301811203,9.4862391986": [], "51.2273187842,9.48229752481": [], "51.2338246498,9.4915092364": [], "51.2347356789,9.49285394512": [], "51.2320158351,9.48888989165": [], "51.221454218,9.47770499624": [], "51.2262851279,9.48116219603": []}, "109942": {"52.4062997662,9.80700029992": [["812395221", 52.40628, 9.80709]], "52.4070195202,9.80637039989": [], "52.4068838172,9.80648523197": [["51910631", 52.40685, 9.80654], ["812395221", 52.40685, 9.80654]], "52.406605538,9.80673283339": [], "52.4064399954,9.80685194023": [["812395221", 52.4064999, 9.8068799], ["812395221", 52.4064999, 9.8068799]], "52.4071440753,9.80629823171": [], "52.4067265727,9.8066262994": []}}