{"136347": {"51.8376480695,8.56365795247": [["75405160", 51.83734, 8.5626599], ["75405160", 51.83734, 8.5626599], ["75405160", 51.8375499, 8.5632399], ["74983059", 51.8375499, 8.5632399]], "51.8376063276,8.56368033215": [["75405160", 51.8375499, 8.5632399], ["74983058", 51.8375499, 8.5632399], ["74983059", 51.8375499, 8.5632399]], "51.8376816809,8.56372877955": [["75405160", 51.8375499, 8.5632399], ["74983059", 51.8375499, 8.5632399], ["74983058", 51.8375499, 8.5632399]], "51.8376483209,8.5636628978": [["75405160", 51.8375499, 8.5632399], ["74983059", 51.8375499, 8.5632399], ["74983058", 51.8375499, 8.5632399]], "51.8376085907,8.5636712797": [["75405160", 51.8375499, 8.5632399], ["74983059", 51.8375499, 8.5632399], ["74983058", 51.8375499, 8.5632399]], "51.8375610653,8.56364026666": [["75405160", 51.83734, 8.5626599], ["75405160", 51.83734, 8.5626599], ["75405160", 51.8375499, 8.5632399], ["74983058", 51.8375499, 8.5632399]], "51.8376505841,8.56366767548": [["75405160", 51.8375499, 8.5632399], ["74983059", 51.8375499, 8.5632399], ["74983058", 51.8375499, 8.5632399]], "51.837557964,8.56363138184": [["75405160", 51.83734, 8.5626599], ["75405160", 51.83734, 8.5626599], ["75405160", 51.8375499, 8.5632399], ["74983058", 51.8375499, 8.5632399]], "51.8376110215,8.56367044151": [["75405160", 51.8375499, 8.5632399], ["74983059", 51.8375499, 8.5632399], ["74983058", 51.8375499, 8.5632399]], "51.8376176432,8.56370472349": [["75405160", 51.8375499, 8.5632399], ["74983059", 51.8375499, 8.5632399], ["74983058", 51.8375499, 8.5632399]], "51.8376536854,8.56371947564": [["75405160", 51.8375499, 8.5632399], ["74983059", 51.8375499, 8.5632399], ["74983058", 51.8375499, 8.5632399]], "51.8376142904,8.56367019005": [["75405160", 51.8375499, 8.5632399], ["74983059", 51.8375499, 8.5632399], ["74983058", 51.8375499, 8.5632399]], "51.8375577964,8.56360992417": [["75405160", 51.83734, 8.5626599], ["75405160", 51.83734, 8.5626599], ["75405160", 51.8375499, 8.5632399], ["74983058", 51.8375499, 8.5632399]], "51.8376104347,8.56367102824": [["75405160", 51.8375499, 8.5632399], ["74983059", 51.8375499, 8.5632399], ["74983058", 51.8375499, 8.5632399]], "51.8376825191,8.56373003684": [["75405160", 51.8375499, 8.5632399], ["74983059", 51.8375499, 8.5632399], ["74983058", 51.8375499, 8.5632399]], "51.8376181461,8.56368787587": [["75405160", 51.8375499, 8.5632399], ["74983059", 51.8375499, 8.5632399], ["74983058", 51.8375499, 8.5632399]], "51.837554276,8.56363389641": [["75405160", 51.83734, 8.5626599], ["75405160", 51.83734, 8.5626599], ["75405160", 51.8375499, 8.5632399], ["74983058", 51.8375499, 8.5632399]], "51.8376185652,8.56366901658": [["75405160", 51.8375499, 8.5632399], ["74983059", 51.8375499, 8.5632399], ["74983058", 51.8375499, 8.5632399]], "51.8376592174,8.56371218339": [["75405160", 51.8375499, 8.5632399], ["74983059", 51.8375499, 8.5632399], ["74983058", 51.8375499, 8.5632399]], "51.8376160506,8.56367102824": [["75405160", 51.8375499, 8.5632399], ["74983059", 51.8375499, 8.5632399], ["74983058", 51.8375499, 8.5632399]], "51.8376394361,8.56369717978": [["75405160", 51.8375499, 8.5632399], ["74983059", 51.8375499, 8.5632399], ["74983058", 51.8375499, 8.5632399]], "51.8376094289,8.56367102824": [["75405160", 51.8375499, 8.5632399], ["74983059", 51.8375499, 8.5632399], ["74983058", 51.8375499, 8.5632399]], "51.8376197387,8.56367572211": [["75405160", 51.8375499, 8.5632399], ["74983059", 51.8375499, 8.5632399], ["74983058", 51.8375499, 8.5632399]], "51.8375483248,8.56362819672": [["75405160", 51.83734, 8.5626599], ["75405160", 51.83734, 8.5626599], ["75405160", 51.8375499, 8.5632399], ["74983058", 51.8375499, 8.5632399]], "51.8375520967,8.56363674626": [["75405160", 51.83734, 8.5626599], ["75405160", 51.83734, 8.5626599], ["75405160", 51.8375499, 8.5632399], ["74983058", 51.8375499, 8.5632399]], "51.8375809304,8.56365962885": [["75405160", 51.83734, 8.5626599], ["75405160", 51.83734, 8.5626599], ["75405160", 51.8375499, 8.5632399], ["74983058", 51.8375499, 8.5632399]], "51.8376084231,8.56367639266": [["75405160", 51.8375499, 8.5632399], ["74983058", 51.8375499, 8.5632399], ["74983059", 51.8375499, 8.5632399]], "51.8375530187,8.56362392195": [["75405160", 51.83734, 8.5626599], ["75405160", 51.83734, 8.5626599], ["75405160", 51.8375499, 8.5632399], ["74983058", 51.8375499, 8.5632399]], "51.837601047,8.5636712797": [["75405160", 51.8375499, 8.5632399], ["74983058", 51.8375499, 8.5632399], ["74983059", 51.8375499, 8.5632399]], "51.837658044,8.56366155669": [["75405160", 51.8375499, 8.5632399], ["74983059", 51.8375499, 8.5632399], ["74983058", 51.8375499, 8.5632399]], "51.8376011308,8.56366658583": [["75405160", 51.8375499, 8.5632399], ["74983058", 51.8375499, 8.5632399], ["74983059", 51.8375499, 8.5632399]], "51.8375486601,8.5636188928": [["75405160", 51.83734, 8.5626599], ["75405160", 51.83734, 8.5626599], ["75405160", 51.8375499, 8.5632399], ["74983058", 51.8375499, 8.5632399]], "51.8375527672,8.56361906044": [["75405160", 51.83734, 8.5626599], ["75405160", 51.83734, 8.5626599], ["75405160", 51.8375499, 8.5632399], ["74983058", 51.8375499, 8.5632399]], "51.8376197387,8.56367949396": [["75405160", 51.8375499, 8.5632399], ["74983059", 51.8375499, 8.5632399], ["74983058", 51.8375499, 8.5632399]], "51.8376379274,8.56368293054": [["75405160", 51.8375499, 8.5632399], ["74983059", 51.8375499, 8.5632399], ["74983058", 51.8375499, 8.5632399]], "51.8376319762,8.56365845539": [["75405160", 51.83734, 8.5626599], ["75405160", 51.83734, 8.5626599], ["75405160", 51.8375499, 8.5632399], ["74983059", 51.8375499, 8.5632399]], "51.8376232591,8.56368469074": [["75405160", 51.8375499, 8.5632399], ["74983059", 51.8375499, 8.5632399], ["74983058", 51.8375499, 8.5632399]], "51.8375486601,8.56363322586": [["75405160", 51.83734, 8.5626599], ["75405160", 51.83734, 8.5626599], ["75405160", 51.8375499, 8.5632399], ["74983058", 51.8375499, 8.5632399]], "51.8376449682,8.56371897273": [["75405160", 51.8375499, 8.5632399], ["74983059", 51.8375499, 8.5632399], ["74983058", 51.8375499, 8.5632399]], "51.8376085907,8.56369256973": [["75405160", 51.8375499, 8.5632399], ["74983058", 51.8375499, 8.5632399], ["74983059", 51.8375499, 8.5632399]], "51.8376148771,8.56367278844": [["75405160", 51.8375499, 8.5632399], ["74983059", 51.8375499, 8.5632399], ["74983058", 51.8375499, 8.5632399]], "51.8376025558,8.56364688836": [["75405160", 51.83734, 8.5626599], ["75405160", 51.83734, 8.5626599], ["75405160", 51.8375499, 8.5632399], ["74983058", 51.8375499, 8.5632399]], "51.8376213312,8.56364202686": [["75405160", 51.83734, 8.5626599], ["75405160", 51.83734, 8.5626599], ["75405160", 51.8375499, 8.5632399], ["74983059", 51.8375499, 8.5632399]], "51.8376606423,8.56370246038": [["75405160", 51.8375499, 8.5632399], ["74983059", 51.8375499, 8.5632399], ["74983058", 51.8375499, 8.5632399]], "51.8376083393,8.5636726208": [["75405160", 51.8375499, 8.5632399], ["74983059", 51.8375499, 8.5632399], ["74983058", 51.8375499, 8.5632399]], "51.83762284,8.56370941736": [["75405160", 51.8375499, 8.5632399], ["74983059", 51.8375499, 8.5632399], ["74983058", 51.8375499, 8.5632399]], "51.8376119435,8.56367723085": [["75405160", 51.8375499, 8.5632399], ["74983059", 51.8375499, 8.5632399], ["74983058", 51.8375499, 8.5632399]], "51.837555198,8.56362098828": [["75405160", 51.83734, 8.5626599], ["75405160", 51.83734, 8.5626599], ["75405160", 51.8375499, 8.5632399], ["74983058", 51.8375499, 8.5632399]], "51.8376570381,8.56369852088": [["75405160", 51.8375499, 8.5632399], ["74983059", 51.8375499, 8.5632399], ["74983058", 51.8375499, 8.5632399]], "51.8376336526,8.5636800807": [["75405160", 51.8375499, 8.5632399], ["74983059", 51.8375499, 8.5632399], ["74983058", 51.8375499, 8.5632399]], "51.8375565391,8.56361604296": [["75405160", 51.83734, 8.5626599], ["75405160", 51.83734, 8.5626599], ["75405160", 51.8375499, 8.5632399], ["74983058", 51.8375499, 8.5632399]], "51.8375882227,8.56364403851": [["75405160", 51.83734, 8.5626599], ["75405160", 51.83734, 8.5626599], ["75405160", 51.8375499, 8.5632399], ["74983058", 51.8375499, 8.5632399]], "51.8375986163,8.5636712797": [["75405160", 51.8375499, 8.5632399], ["74983058", 51.8375499, 8.5632399], ["74983059", 51.8375499, 8.5632399]], "51.8375499174,8.56363096274": [["75405160", 51.83734, 8.5626599], ["75405160", 51.83734, 8.5626599], ["75405160", 51.8375499, 8.5632399], ["74983058", 51.8375499, 8.5632399]], "51.8375712913,8.56363993138": [["75405160", 51.83734, 8.5626599], ["75405160", 51.83734, 8.5626599], ["75405160", 51.8375499, 8.5632399], ["74983058", 51.8375499, 8.5632399]], "51.8375483248,8.56362392195": [["75405160", 51.83734, 8.5626599], ["75405160", 51.83734, 8.5626599], ["75405160", 51.8375499, 8.5632399], ["74983058", 51.8375499, 8.5632399]], "51.8375633284,8.56363817118": [["75405160", 51.83734, 8.5626599], ["75405160", 51.83734, 8.5626599], ["75405160", 51.8375499, 8.5632399], ["74983058", 51.8375499, 8.5632399]], "51.8375499174,8.56363532133": [["75405160", 51.83734, 8.5626599], ["75405160", 51.83734, 8.5626599], ["75405160", 51.8375499, 8.5632399], ["74983058", 51.8375499, 8.5632399]], "51.8375530187,8.56363967992": [["75405160", 51.83734, 8.5626599], ["75405160", 51.83734, 8.5626599], ["75405160", 51.8375499, 8.5632399], ["74983058", 51.8375499, 8.5632399]]}, "590492": {"51.8488061428,10.8236153517": [], "51.8600532319,10.8008706383": [["572660529", 51.86053, 10.80014], ["565031761", 51.8601299, 10.8006499]], "51.8718913291,10.7633688301": [["551731132", 51.8718, 10.76269], ["551731131", 51.8717799, 10.76397], ["551731132", 51.8718, 10.7630099], ["551731132", 51.8717799, 10.76362]], "51.8624590896,10.7980078831": [["572660529", 51.86169, 10.79876], ["572660529", 51.86261, 10.79766], ["572660529", 51.86309, 10.79709], ["572660529", 51.86214, 10.7982199]], "51.8718613219,10.7757097576": [["572660529", 51.8717499, 10.7760399], ["572660529", 51.8718099, 10.77524]], "51.8566801865,10.805575233": [["565031761", 51.8570099, 10.8048599], ["565031761", 51.85631, 10.80593], ["717615553", 51.8560299, 10.8063699]], "51.8712533824,10.7802363206": [["572660529", 51.8710599, 10.7807299], ["572660529", 51.8711599, 10.7802099], ["572660529", 51.8712499, 10.77969]], "51.8695966993,10.7863898948": [["572660529", 51.8694, 10.7866399], ["572660529", 51.8692981, 10.7869056], ["572660529", 51.86977, 10.78558], ["572660529", 51.86959, 10.7861099]], "51.8516389746,10.8153318521": [["717615553", 51.8514299, 10.81548], ["565031819", 51.85122, 10.816]], "51.8719443865,10.7677144278": [["544594002", 51.87199, 10.76818], ["544594000", 51.87199, 10.76818]], "51.8723452929,10.7575214468": [["551731097", 51.8720099, 10.75819], ["551731097", 51.8720799, 10.7580099], ["551731096", 51.87225, 10.7574199], ["551731097", 51.87225, 10.7574199]], "51.8481990416,10.8259494603": [["572674734", 51.84813, 10.82561]], "51.8502126262,10.8190968353": [["565031815", 51.8498899, 10.81964], ["565031815", 51.8497599, 10.8198899], ["565031802", 51.8498546, 10.8183332], ["565031802", 51.85016, 10.8191699]], "51.8718805164,10.7646956854": [["551734973", 51.8719, 10.76467], ["544594002", 51.8719, 10.76506], ["551731083", 51.87193, 10.76506], ["551731083", 51.8719399, 10.76525]], "51.8668986484,10.7921256311": [["572660529", 51.86638, 10.7927399], ["572660529", 51.8667899, 10.79211], ["572660529", 51.8671799, 10.79144], ["703703726", 51.8667899, 10.79178]], "51.8525089324,10.8132853266": [["717615553", 51.8525499, 10.81288], ["717615553", 51.8521899, 10.8136899]], "51.8740468193,10.7497342397": [["551734969", 51.8740799, 10.74939], ["64976866", 51.87443, 10.7502399]], "51.8757811189,10.7451981213": [["551734969", 51.8756, 10.74543]], "51.8716104515,10.778001789": [["572708283", 51.87137, 10.77819], ["572708283", 51.87127, 10.7782699], ["572708283", 51.87242, 10.7772799], ["572708283", 51.87164, 10.77795]], "51.8577621225,10.8039384987": [["565031761", 51.85815, 10.8032199], ["565031761", 51.8574299, 10.8042299], ["565031761", 51.8570099, 10.8048599]], "51.8494688999,10.8213006891": [["572674734", 51.84902, 10.8222899], ["565031812", 51.8491999, 10.82057], ["565031812", 51.84909, 10.82198], ["565031812", 51.84922, 10.82076]], "51.8658761401,10.7937032729": [["572660529", 51.8654, 10.79418], ["572660529", 51.86638, 10.7927399], ["572660529", 51.86583, 10.7935699], ["703703726", 51.8653399, 10.79398]], "51.8719045725,10.766222449": [["551731083", 51.8725699, 10.76575], ["551731083", 51.8726399, 10.7656899], ["551731083", 51.8719399, 10.76525], ["551731083", 51.87249, 10.7657999]], "51.861243546,10.7994109299": [["572660529", 51.86094, 10.79968], ["572660529", 51.86126, 10.79926], ["572660529", 51.86169, 10.79876], ["572660529", 51.8610199, 10.7995699]], "51.8721948378,10.7587933168": [["551731097", 51.8713799, 10.7587299], ["551731097", 51.8712732, 10.7587147], ["551731096", 51.8721399, 10.75822], ["551731096", 51.87205, 10.75909]], "51.8744236697,10.7486188598": [["551734969", 51.87433, 10.74865], ["551734969", 51.8740799, 10.74939], ["64976866", 51.8753599, 10.7492499]], "51.8733682204,10.7520881295": [["551734968", 51.8735, 10.75133], ["551734968", 51.8733, 10.75206], ["551734968", 51.8731529, 10.7526633], ["64976866", 51.8736799, 10.75111]], "51.8636481464,10.7966094464": [["572660529", 51.86309, 10.79709], ["572660529", 51.8640299, 10.79595], ["572660529", 51.86356, 10.7965199], ["703703726", 51.8631099, 10.79677]], "51.8720055744,10.771232564": [["572708938", 51.87203, 10.7708], ["551731137", 51.87193, 10.77156], ["551731138", 51.87193, 10.77083]], "51.8687019311,10.788634317": [["572660529", 51.86818, 10.7895199], ["572660529", 51.86854, 10.78875], ["572660529", 51.8689899, 10.78771]], "51.8707911205,10.7824058924": [["572660529", 51.8705699, 10.7828999], ["572660529", 51.87088, 10.78157], ["572660529", 51.8708299, 10.7818099], ["572660529", 51.87077, 10.7820799]], "51.871985374,10.7612134237": [["565022749", 51.8719, 10.7607999], ["565022750", 51.8719399, 10.7602399], ["565022749", 51.8718499, 10.7616299], ["544593993", 51.8709899, 10.76125]], "51.872562049,10.7558944356": [["551734968", 51.87238, 10.75652]], "51.8509851862,10.8169826679": [["565031819", 51.85102, 10.8165099], ["565031819", 51.8506699, 10.81744], ["565031819", 51.85122, 10.816]], "51.8719864637,10.7693300396": [["572708938", 51.8720099, 10.7693699]], "51.8737026583,10.7508686464": [["551734969", 51.8736199, 10.75091], ["551734968", 51.8735, 10.75133], ["64976866", 51.8736799, 10.75111], ["64976866", 51.8738, 10.7509899]], "51.8556166906,10.8072924335": [["717615553", 51.8560299, 10.8063699], ["717615553", 51.855, 10.8080999]], "51.8720720429,10.7600454893": [["551731096", 51.8720072, 10.7595368], ["551731096", 51.87205, 10.75909], ["565022750", 51.8719399, 10.7602399], ["565022749", 51.8719, 10.7607999]], "51.8544079363,10.8094458282": [["717615553", 51.8544, 10.8092], ["717615553", 51.8543199, 10.8093499], ["717615553", 51.85408, 10.80979]], "51.8702333886,10.784448646": [["572660529", 51.86995, 10.78504], ["572660529", 51.87035, 10.7837], ["572660529", 51.87003, 10.7847699], ["572660529", 51.8701099, 10.7844999]], "51.8730609398,10.7533604186": [["551734968", 51.87301, 10.7532499], ["551734968", 51.8731529, 10.7526633], ["551734968", 51.87285, 10.7539799]], "51.8748591933,10.7474488299": [["551734969", 51.8748699, 10.7472]], "51.8476558942,10.8282374684": [["572674734", 51.8476, 10.82782]], "51.8588829506,10.8023696579": [["565031761", 51.8590399, 10.80202], ["565031761", 51.858594, 10.8026212], ["565031761", 51.85815, 10.8032199]], "51.8727872707,10.7546322886": [["551734968", 51.87285, 10.7539799], ["551734968", 51.87268, 10.75481]], "51.8753180187,10.746295983": [["551734969", 51.8756, 10.74543], ["551734969", 51.8748699, 10.7472]], "51.8762463983,10.7441319432": [["551734969", 51.8762, 10.74404], ["551734969", 51.8765621, 10.743231]], "51.8719742261,10.7733716257": [["572660529", 51.87189, 10.77368], ["551731137", 51.8719, 10.7734399], ["551731137", 51.87192, 10.7729]], "51.8534415867,10.8113177586": [["717615553", 51.85329, 10.8113199]], "51.8647857383,10.7951824274": [["572660529", 51.8640299, 10.79595], ["572660529", 51.8645, 10.7953699], ["572660529", 51.86496, 10.79477], ["703703726", 51.86458, 10.79495]], "51.867841864,10.7904364262": [["572660529", 51.86744, 10.79098], ["572660529", 51.86818, 10.7895199], ["572660529", 51.86769, 10.7905099], ["572660529", 51.86782, 10.79026]]}, "590491": {"51.8856639694,10.7173459791": [["551731108", 51.88592, 10.7167799], ["551731108", 51.88556, 10.71737]], "51.9064970221,10.6772212218": [["572708925", 51.90662, 10.67688], ["551731244", 51.9058899, 10.67811], ["551731242", 51.9057499, 10.67821], ["551731242", 51.9058899, 10.67811]], "51.9036645256,10.6827313174": [["551731246", 51.9037, 10.6824], ["551731247", 51.9034499, 10.68296]], "51.9048585277,10.680148853": [["551731235", 51.90561, 10.68073], ["551731235", 51.9058, 10.6808799], ["551731235", 51.9042499, 10.6795299], ["551731235", 51.9051899, 10.6804]], "51.9059622567,10.6781237852": [["551731242", 51.90564, 10.6783], ["551731242", 51.9058899, 10.67811], ["551731242", 51.9057499, 10.67821], ["551731244", 51.9058899, 10.67811]], "51.8845562171,10.7193170674": [["551731108", 51.88486, 10.71861], ["551731108", 51.88436, 10.7195699], ["551731108", 51.88405, 10.72024]], "51.8835306913,10.7215545326": [["551731108", 51.88359, 10.72124], ["551731108", 51.88316, 10.72232]], "51.8908630963,10.7110449672": [["572708970", 51.89057, 10.71125], ["572708970", 51.89145, 10.7103]], "51.8850869592,10.7183278352": [["551731108", 51.88556, 10.71737], ["551731108", 51.88486, 10.71861]], "51.890170332,10.7117599435": [["572708970", 51.89057, 10.71125], ["572708970", 51.88971, 10.71214]], "51.8815807253,10.7276939414": [["551731108", 51.8815708, 10.7275115], ["551731108", 51.88131, 10.72855], ["721142163", 51.8817899, 10.72803], ["721142163", 51.88208, 10.7272899]], "51.9117104821,10.6696986314": [["572708926", 51.91217, 10.66897], ["572708926", 51.9110999, 10.6703699], ["572708926", 51.9123899, 10.6686999]], "51.9080101233,10.6748338882": [["572708925", 51.90817, 10.6744699], ["572708925", 51.90811, 10.67456], ["572708925", 51.90826, 10.6743399], ["572708925", 51.90777, 10.6750599]], "51.9135438558,10.6673712283": [["572708926", 51.91408, 10.66658], ["572708926", 51.91323, 10.66763]], "51.9032204524,10.6837684941": [["551731247", 51.9034499, 10.68296], ["551731247", 51.9030999, 10.68381], ["551731247", 51.90295, 10.68418]], "51.8936076667,10.7079034299": [["572708970", 51.8932499, 10.70821], ["572708970", 51.8927961, 10.7087544], ["572708970", 51.89411, 10.70702], ["572708970", 51.8938999, 10.7073299]], "51.8869044911,10.7155023795": [["551731107", 51.88703, 10.71481], ["551731107", 51.88706, 10.71454], ["551731108", 51.8866799, 10.71568], ["551731106", 51.8869499, 10.7152799]], "51.899722768,10.6951158307": [["572708970", 51.89956, 10.69533], ["572708970", 51.8998099, 10.6944999], ["704396099", 51.89987, 10.69553]], "51.8840365391,10.7203828264": [["551731108", 51.88405, 10.72024], ["551731108", 51.88436, 10.7195699], ["551731108", 51.88359, 10.72124]], "51.8985364772,10.6986985914": [["572708970", 51.89862, 10.6981799], ["572708970", 51.89848, 10.6985699], ["704396096", 51.8977, 10.6991299]], "51.9005382434,10.6922037899": [["572708970", 51.9004999, 10.6919999], ["704396099", 51.9009999, 10.69143]], "51.8826506753,10.7239041477": [["551731108", 51.8828799, 10.7230499], ["551731108", 51.88249, 10.7241999], ["721142170", 51.8825499, 10.72343]], "51.8819068652,10.7264224906": [["551731108", 51.88181, 10.72656], ["551731108", 51.88191, 10.72616], ["721142170", 51.8817199, 10.72615], ["721142163", 51.88208, 10.7272899]], "51.9027140178,10.6850532722": [["551731247", 51.90295, 10.68418], ["551731247", 51.9025399, 10.68526], ["704396103", 51.90331, 10.6856399], ["704396103", 51.90276, 10.68576]], "51.8894998636,10.7124696393": [["572708970", 51.8890807, 10.7128047], ["572708970", 51.88971, 10.71214], ["572708970", 51.8887725, 10.7131302]], "51.8991527986,10.6969464384": [["572708970", 51.89918, 10.6965599]], "51.8964587711,10.7033658866": [["572708970", 51.89592, 10.70414], ["572708970", 51.89685, 10.7023699], ["572708970", 51.89648, 10.70309]], "51.892601084,10.7091653254": [["572708970", 51.89235, 10.70929], ["572708970", 51.8927961, 10.7087544], ["572708970", 51.8932499, 10.70821]], "51.9129584637,10.6681012921": [["572708926", 51.9123899, 10.6686999], ["572708926", 51.91323, 10.66763], ["572708926", 51.91217, 10.66897]], "51.9110459648,10.6705816649": [["572708926", 51.9110999, 10.6703699], ["572708926", 51.910785, 10.6707947], ["572708926", 51.91024, 10.67153]], "51.9103711378,10.6714837253": [["572708926", 51.910785, 10.6707947], ["572708926", 51.91024, 10.67153], ["572708926", 51.90981, 10.67212], ["572714303", 51.9097, 10.67176]], "51.9002198987,10.6933674496": [["572708970", 51.9000399, 10.69367]], "51.8916726205,10.7101941202": [["572708970", 51.89145, 10.7103], ["572708970", 51.89235, 10.70929]], "51.9013029244,10.68945067": [["572708970", 51.9012899, 10.68916], ["572708970", 51.90095, 10.69037], ["704396099", 51.90164, 10.68937]], "51.9022198208,10.6864509545": [["704396103", 51.90288, 10.68562], ["551731247", 51.9021399, 10.6864], ["704396103", 51.90276, 10.68576], ["704396103", 51.90266, 10.68607]], "51.9070222322,10.6763652619": [["572708925", 51.9070463, 10.6761991], ["572708925", 51.90719, 10.67597], ["572708925", 51.90662, 10.67688]], "51.8888256233,10.7131952606": [["572708970", 51.8890807, 10.7128047], ["572708970", 51.8887725, 10.7131302], ["572708970", 51.8882299, 10.7137399], ["572708970", 51.88847, 10.71345]], "51.8881307635,10.7139821537": [["551731104", 51.8877699, 10.7141299], ["551731104", 51.8880599, 10.71394], ["551731106", 51.8872699, 10.7149], ["572708970", 51.88847, 10.71345]], "51.8830660824,10.72272758": [["551731108", 51.88316, 10.72232], ["551731108", 51.8828799, 10.7230499], ["721142170", 51.8828099, 10.7225999], ["721142170", 51.8825499, 10.72343]], "51.9091585279,10.6731710862": [["572708925", 51.90925, 10.6728999], ["572708926", 51.90939, 10.6726999], ["572708925", 51.9087699, 10.6735899], ["572714303", 51.9087699, 10.67318]], "51.9017346762,10.6879817415": [["551731247", 51.90164, 10.6879599], ["572708970", 51.9015199, 10.68835]], "51.8971883319,10.7019080222": [["572708970", 51.89685, 10.7023699], ["572708970", 51.89737, 10.70127], ["704396097", 51.89777, 10.70229]], "51.8956642505,10.7047906425": [["572708970", 51.89514, 10.70545], ["572708970", 51.89553, 10.7047999], ["572708970", 51.89592, 10.70414]], "51.9075294212,10.6755673885": [["572708925", 51.90777, 10.6750599], ["572708925", 51.90719, 10.67597], ["572708925", 51.9070463, 10.6761991]], "51.8978748936,10.700359717": [["572708970", 51.89737, 10.70127], ["572708970", 51.89802, 10.69974], ["572708970", 51.89773, 10.70046], ["572708970", 51.8978699, 10.70013]], "51.9009097293,10.6908493582": [["572708970", 51.90095, 10.69037], ["704396099", 51.9009999, 10.69143]], "51.8812243268,10.7292090543": [["551731108", 51.8809399, 10.7301799], ["551731108", 51.88131, 10.72855]], "51.8947764393,10.7062256243": [["572708970", 51.8943299, 10.70672], ["572708970", 51.89411, 10.70702], ["572708970", 51.89514, 10.70545]], "51.9097572472,10.6723256875": [["572708926", 51.90981, 10.67212], ["572708926", 51.91024, 10.67153], ["572708926", 51.90939, 10.6726999], ["572708925", 51.90925, 10.6728999]], "51.8875672482,10.7146510296": [["551731106", 51.8872699, 10.7149], ["551731106", 51.8880599, 10.71394], ["572708970", 51.8882299, 10.7137399], ["551731106", 51.8869499, 10.7152799]], "51.9040499255,10.6818644609": [["551731246", 51.9041799, 10.6813699], ["551731246", 51.9037, 10.6824]], "51.9054024294,10.6791268475": [["551731244", 51.90554, 10.6787399], ["551731249", 51.90495, 10.67985], ["551731244", 51.9051899, 10.67938], ["551731244", 51.90502, 10.67971]], "51.8862767704,10.7163956389": [["551731108", 51.8862899, 10.71621], ["551731108", 51.8866799, 10.71568], ["551731108", 51.88592, 10.7167799], ["551731108", 51.88556, 10.71737]], "51.9044180587,10.6810261868": [["551731249", 51.9048399, 10.6800599], ["551731246", 51.9046699, 10.6804], ["551731246", 51.9041799, 10.6813699], ["551731235", 51.9048399, 10.6800599]], "51.9123244565,10.6689055357": [["572708926", 51.9123899, 10.6686999], ["572708926", 51.91217, 10.66897]], "51.9085569587,10.6740361825": [["572708925", 51.90826, 10.6743399], ["572708925", 51.9087699, 10.6735899], ["572708925", 51.90811, 10.67456], ["572708925", 51.90817, 10.6744699]], "51.8822577316,10.7251589186": [["551731108", 51.8822499, 10.72497], ["551731108", 51.88249, 10.7241999], ["721142170", 51.8817199, 10.72615]]}}