{"108572": {"50.6290422566,10.7029598672": [], "50.6265110895,10.6993444171": [], "50.6289162766,10.7018165756": [], "50.6257325783,10.6995832175": [], "50.62853029,10.7007745374": [["716779382", 50.62856, 10.7007299]], "50.6279879808,10.6999460701": [], "50.6272955518,10.69945422": []}, "486128": {"52.4252116866,10.9194166493": [], "52.4377688672,10.9349270258": [], "52.4314763211,10.9270814806": [["586513122", 52.43155, 10.92711]], "52.4238183629,10.9182803985": [["68143026", 52.4237899, 10.9183299], ["68143026", 52.4237899, 10.9183299]], "52.4253324699,10.8999566361": [], "52.4368702434,10.9339559823": [], "52.4250533525,10.9104218613": [], "52.4332422204,10.9287994355": [], "52.4341551773,10.9300211817": [], "52.4232131895,10.9160426818": [["83592536", 52.42316, 10.91602]], "52.4252710305,10.9059178457": [], "52.4436375406,10.9405211918": [], "52.4251434579,10.9091930743": [], "52.4356090184,10.9321059287": [], "52.4236264173,10.9179169592": [], "52.425124431,10.9019873198": [], "52.4247299787,10.9181351401": [], "52.4416326731,10.9385525342": [], "52.4438852258,10.9409210924": [["572235219", 52.4438799, 10.94086], ["68143725", 52.4438799, 10.94086], ["68148626", 52.4438799, 10.94086]], "52.4294496607,10.9263692703": [], "52.4244863167,10.9178627282": [], "52.4259079713,10.9212552197": [], "52.4240141641,10.9143356234": [["68146610", 52.4239899, 10.91425]], "52.4255623855,10.8978457376": [], "52.4438313302,10.9410582203": [], "52.4438638519,10.9407779295": [["68143725", 52.4438799, 10.94086], ["572235219", 52.4438799, 10.94086], ["68148626", 52.4438799, 10.94086]], "52.4387554172,10.9358553216": [], "52.4304511305,10.9269778803": [["586513122", 52.4303999, 10.9269999]], "52.4362367392,10.9330411814": [], "52.4232751317,10.9151739813": [], "52.4282207899,10.9254012443": [], "52.4233860243,10.9175295476": [["83592536", 52.42335, 10.9175699]], "52.4266285636,10.9231731668": [], "52.4431141745,10.9400301799": [], "52.4247660208,10.9122868348": [["68143044", 52.4247199, 10.9123]], "52.4232995231,10.9168945346": [], "52.4273942504,10.9247175325": [], "52.4269673601,10.9240861237": [], "52.425785847,10.8958073426": [], "52.4438707251,10.9409033228": [["572235219", 52.4438799, 10.94086], ["68143725", 52.4438799, 10.94086], ["68148626", 52.4438799, 10.94086]], "52.4349575769,10.9311080631": [], "52.4323891941,10.927689923": [], "52.4262761883,10.922221737": [], "52.4236139283,10.9147661179": [["68146610", 52.4235999, 10.91468]], "52.4232258461,10.9154073335": [], "52.4397757463,10.9368053265": [], "52.4244150706,10.9132287931": [], "52.424068395,10.9181417618": [], "52.4249727186,10.9113861993": [["51752421", 52.4249099, 10.9114399]], "52.4249184877,10.9186250623": [], "52.4252562784,10.9077197872": [["68143208", 52.4251906, 10.9078105]], "52.4407354742,10.9377141763": [], "52.4255563505,10.9202933963": [["572234595", 52.42549, 10.9203299]], "52.4424412753,10.9393529221": [], "52.4251767341,10.9039435722": [["765855279", 52.42516, 10.90397]]}}