{"536533": {"52.3352802359,9.78556022979": [["51920653", 52.33531, 9.78556]], "52.3389774933,9.7713303566": [], "52.3347286228,9.7821562551": [], "52.337425584,9.77276584134": [], "52.3351783957,9.78428559378": [["51920706", 52.3352299, 9.7843599]], "52.3386938497,9.77180309594": [], "52.3352396674,9.77458295412": [], "52.3382532969,9.77205916308": [], "52.335703522,9.77412664331": [], "52.3396773823,9.77087337524": [], "52.3331304453,9.7766796872": [], "52.3334714212,9.778345339": [], "52.3384703882,9.77188062854": [], "52.3391334806,9.77120437659": [], "52.3369501624,9.77314369753": [], "52.3349504918,9.78313878179": [["51920706", 52.3349699, 9.78306], ["51920706", 52.3349699, 9.78306]], "52.3342785984,9.78112502955": [["51920766", 52.33433, 9.78103], ["51920845", 52.33433, 9.78103]], "52.333783647,9.77938402444": [], "52.3334722593,9.77615858428": [], "52.3362110462,9.77374023758": [], "52.3387568817,9.77157116868": [], "52.3377714213,9.772445485": [], "52.3384747468,9.77184198797": [], "52.334750751,9.77501235902": [], "52.3331393301,9.77733087726": [], "52.3401392251,9.77048143744": [], "52.3340443242,9.78029807098": [], "52.3384926841,9.7718527168": [], "52.3393186368,9.77103707381": [], "52.3385898303,9.7718755994": [], "52.3339770176,9.77570244111": []}, "132020": {"52.3465703242,9.78507944383": [], "52.343085967,9.76855091751": [], "52.3512552213,9.81583382003": [["766765003", 52.3512199, 9.8158099]], "52.3415560182,9.75930777378": [["67949371", 52.3415925, 9.7593328]], "52.3393738735,9.74850157276": [], "52.3451250326,9.78186096065": [], "52.3542496562,9.82478829101": [], "52.3390141223,9.74660994485": [["766764981", 52.3390699, 9.7466499]], "52.3397337925,9.75046453066": [["766764978", 52.3397873, 9.7505205]], "52.3430856317,9.76663808338": [], "52.3440195434,9.77837258019": [], "52.3420164362,9.76115263067": [], "52.3458047211,9.78351764381": [["809537031", 52.34583, 9.78347]], "52.3516313173,9.79677069001": [["51925860", 52.3516799, 9.7967999]], "52.3403669614,9.75380245596": [], "52.3411095981,9.75746207871": [["51926172", 52.34116, 9.75753]], "52.3536848836,9.82333277352": [], "52.340033697,9.75203915499": [], "52.3522596247,9.82021135278": [], "52.3431242723,9.77434859611": [], "52.3482321203,9.78808921762": [], "52.3522111773,9.80055696331": [], "52.3473923374,9.78659003042": [], "52.3491947819,9.78995569982": [["783450903", 52.34921, 9.7899499]], "52.3514640983,9.80908487923": [], "52.3499154579,9.79159821756": [], "52.3428686243,9.76477327757": [["51926820", 52.34293, 9.76468]], "52.3518409487,9.80690172873": [], "52.3522834294,9.80259745382": [], "52.3516129609,9.81797891669": [], "52.3511333484,9.7949984204": [["51925868", 52.3511899, 9.79499]], "52.3519970197,9.79859677143": [], "52.342917826,9.77245906368": [], "52.3407164868,9.75562811829": [], "52.3386752419,9.74472862668": [], "52.342922017,9.77052678354": [], "52.3383218609,9.74283792078": [["766764980", 52.33836, 9.7428099]], "52.3424732499,9.76297083311": [], "52.3521550186,9.80473098345": [], "52.3505538236,9.79326236062": [["51925871", 52.35062, 9.7932599]], "52.3528808914,9.82170023024": [["766765004", 52.35285, 9.8218]], "52.3511148244,9.81361906976": [], "52.3435776494,9.77654582821": [["554730957", 52.3436099, 9.7766099]], "52.3445573263,9.78018499911": [], "52.3511909321,9.81133399531": []}, "132021": {"52.3513723165,9.82722323388": [], "52.3491085321,9.82720881701": [], "52.3412319738,9.83734522015": [], "52.341067018,9.82599402778": [], "52.3413969297,9.83679318801": [], "52.3395066429,9.82958366163": [["572248023", 52.3395699, 9.82958]], "52.3409551196,9.83831224032": [], "52.341625588,9.83613797463": [["51962589", 52.3416399, 9.83604], ["67951787", 52.3416399, 9.83604], ["51962579", 52.3416399, 9.83604]], "52.3383167479,9.83300062828": [], "52.3388191592,9.83142172918": [], "52.3415595386,9.8363276571": [], "52.3507842422,9.82721912675": [], "52.340787733,9.83888355084": [], "52.3406137247,9.83943549916": [], "52.3470168281,9.82724594884": [], "52.3451770842,9.82721552253": [], "52.3446231242,9.82719171792": [["51919806", 52.34464, 9.8271699]], "52.3384148162,9.83342525549": [["586497921", 52.3384199, 9.83345]], "52.3430321552,9.82709549367": [["51957485", 52.34306, 9.82709]], "52.343536159,9.82715844177": [["51957485", 52.34346, 9.8271399], ["51957485", 52.3435999, 9.82715], ["51957485", 52.3435999, 9.82715], ["51957485", 52.34346, 9.8271399]], "52.3403742537,9.84017428011": [], "52.3400723375,9.84137431718": [["60102604", 52.34005, 9.84139], ["572246287", 52.34005, 9.84139], ["51962603", 52.34005, 9.84139]], "52.340490343,9.83982752077": [], "52.3496415373,9.82720714062": [], "52.3410954326,9.8378395848": [], "52.3392265197,9.83037348837": [], "52.3397583514,9.83450937085": [["539286682", 52.33968, 9.83447]], "52.3411952611,9.83569205739": [], "52.3400575854,9.84131195582": [["572246287", 52.34005, 9.84139], ["60102604", 52.34005, 9.84139], ["51962603", 52.34005, 9.84139]], "52.3415464628,9.82652485371": [], "52.3502055556,9.82720982283": [["51919368", 52.35025, 9.8271999]], "52.3441875167,9.82718903571": [["51957486", 52.3440999, 9.82716], ["785019788", 52.3440999, 9.82716]], "52.3388364259,9.83375106007": [], "52.3400867544,9.84135872684": [["60102604", 52.34005, 9.84139], ["572246287", 52.34005, 9.84139], ["51962603", 52.34005, 9.84139]], "52.34856572,9.82719716616": [], "52.3396121711,9.82877187431": [["572248023", 52.3396599, 9.8287699]], "52.3400501255,9.84120944515": [], "52.341988273,9.8270035442": [["716077481", 52.3420599, 9.82699]], "52.3399781249,9.8281940259": [["572248024", 52.34002, 9.82821], ["572248024", 52.34005, 9.82813]], "52.3425002396,9.82712013647": [["51919990", 52.34251, 9.8271299]], "52.339728931,9.82484453358": [], "52.3397680745,9.82637657784": [], "52.3520252667,9.82722013257": [["51919200", 52.35206, 9.82724]], "52.3400545679,9.84129418619": [["572246287", 52.34005, 9.84139], ["60102604", 52.34005, 9.84139], ["51962603", 52.34005, 9.84139]], "52.3480528314,9.82718409039": [], "52.3405995592,9.82547284104": [], "52.3475412,9.82718979008": [["722781297", 52.34747, 9.82719]], "52.3438119236,9.82716296799": [["51957485", 52.34378, 9.82715], ["51957485", 52.34378, 9.82715]], "52.3400541488,9.82491527684": [], "52.3400699906,9.84135612845": [["60102604", 52.34005, 9.84139], ["572246287", 52.34005, 9.84139], ["51962603", 52.34005, 9.84139]], "52.3407257907,9.83529919758": [["67951786", 52.34067, 9.83526]], "52.340168478,9.84083049931": [], "52.3402366228,9.83489812352": [], "52.3398999218,9.82725542039": [["51920244", 52.33997, 9.82721]], "52.3415710218,9.83597477898": [["67951787", 52.3416399, 9.83604]], "52.3385517765,9.83230124228": [], "52.3400835693,9.84127515927": [], "52.3458731174,9.82725265436": [["51926077", 52.34592, 9.82722]], "52.3397202976,9.82549857348": [["51920248", 52.33975, 9.82545]], "52.3433997855,9.82714327052": [["51957485", 52.34346, 9.8271399], ["51957485", 52.34336, 9.82712]], "52.3465061188,9.82731116004": [], "52.3392840195,9.83411022462": []}}