{"117954": {"50.6473969482,10.6910345983": [["565421120", 50.6474, 10.6909499]], "50.6275837217,10.6972631905": [], "50.6497555319,10.6907713227": [], "50.6442307681,10.690925885": [["565421121", 50.6442599, 10.69097], ["554762944", 50.6442599, 10.69097]], "50.6435612217,10.6911291461": [["565391983", 50.64355, 10.69107]], "50.6365682837,10.6975018233": [["554816597", 50.63647, 10.6974199]], "50.6317577418,10.6969885994": [["716813572", 50.6317599, 10.69695]], "50.6349838525,10.698266672": [], "50.6538512651,10.6903237291": [], "50.6400071271,10.6935753208": [], "50.6259570457,10.6977964472": [], "50.6309010275,10.6967308559": [["716813572", 50.6308999, 10.6967299]], "50.6405894179,10.6925419997": [["554816600", 50.6404899, 10.69262]], "50.6425024197,10.6921229884": [["724065409", 50.6425899, 10.6920299]], "50.6462450232,10.6911548786": [["565421120", 50.64628, 10.6910799]], "50.6421617791,10.6912292261": [], "50.63579279,10.6979782507": [], "50.6486809719,10.6908866577": [], "50.6393825915,10.6945385691": [], "50.6431294698,10.6920504849": [], "50.6418745313,10.6904270779": [["724065410", 50.64191, 10.6903299], ["724065410", 50.64191, 10.6903299]], "50.6333633792,10.6979531888": [["716813578", 50.6334599, 10.6979099]], "50.6530050281,10.6904647965": [], "50.6451621652,10.6911545433": [["565421121", 50.6450799, 10.69117]], "50.6380401459,10.6961290352": [], "50.6325708702,10.6974600814": [["53632752", 50.63262, 10.6974], ["716813576", 50.63262, 10.6974]], "50.650843922,10.6906776968": [], "50.6300352607,10.6967754476": [["716813570", 50.6299799, 10.69678]], "50.6267222296,10.6972806249": [], "50.6341686286,10.698252758": [["716813578", 50.6341, 10.69816]], "50.6387484167,10.6953935232": [["554816599", 50.63869, 10.6953499]], "50.6415301189,10.6905983202": [["554816600", 50.6414999, 10.6904999]], "50.6291674823,10.6971023418": [["716813569", 50.6290899, 10.69714]], "50.6373187993,10.6968325283": [["554816597", 50.63728, 10.69675]], "50.6283432897,10.6973187625": [], "50.6411278713,10.6914916635": [["554816600", 50.6411061, 10.6914156]], "50.6519303843,10.6906139944": [], "50.6251226272,10.6983762234": []}, "118100": {"53.0742724892,8.7869815249": [], "53.0625043809,8.7731849961": [["51881594", 53.0624399, 8.77317]], "53.0661074258,8.77732867375": [["799518734", 53.06617, 8.77735]], "53.0679701362,8.77898963168": [["780328042", 53.0679417, 8.7789553]], "53.0742874928,8.78697289154": [], "53.0742887501,8.78697297536": [], "53.0742809549,8.78697188571": [], "53.073247131,8.78940355964": [["51883100", 53.07326, 8.78935], ["811769808", 53.07326, 8.78935], ["51883099", 53.07326, 8.78935]], "53.0733508989,8.7886176724": [], "53.0612571537,8.76962436363": [], "53.0744072702,8.78667172976": [["51883095", 53.07437, 8.78667]], "53.0736837443,8.7880517263": [], "53.0620771553,8.77238712274": [], "53.0733092409,8.78931269981": [["811769808", 53.07326, 8.78935], ["51883100", 53.07326, 8.78935], ["51883099", 53.07326, 8.78935]], "53.0732507352,8.7894016318": [["51883100", 53.07326, 8.78935], ["811769808", 53.07326, 8.78935], ["51883099", 53.07326, 8.78935]], "53.0668575224,8.77802722156": [["780328042", 53.0668496, 8.7779794]], "53.0742904264,8.78697171807": [], "53.0732615478,8.78908387385": [], "53.0742827989,8.7869727239": [], "53.07428414,8.78697255626": [], "53.0742324237,8.78705084324": [], "53.0742788594,8.7869713828": [], "53.074288331,8.7869727239": [], "53.0742790271,8.78697146662": [], "53.0704387743,8.78163579851": [], "53.0617161468,8.77151858993": [["762783406", 53.06176, 8.77147]], "53.063098155,8.77408806235": [], "53.0732855201,8.78933918662": [["811769808", 53.07326, 8.78935], ["51883099", 53.07326, 8.78935], ["51883100", 53.07326, 8.78935]], "53.0742868222,8.78697297536": [], "53.0742809549,8.78697431646": [], "53.0742886662,8.78697289154": [], "53.0648383219,8.77611941658": [], "53.0742790271,8.78697892651": [], "53.0642358307,8.77547769807": [], "53.0715109874,8.78343296237": [], "53.0738309305,8.78586706705": [], "53.065601578,8.77685115673": [["799518733", 53.0656799, 8.77691]], "53.0610663816,8.76874459907": [], "53.072727453,8.78487087786": [["67948598", 53.072641, 8.7848539]], "53.0742945336,8.78696057014": [], "53.0733490549,8.78928436898": [["811769808", 53.07326, 8.78935], ["51883100", 53.07326, 8.78935], ["51883099", 53.07326, 8.78935]], "53.0732681695,8.78936567344": [["51883099", 53.07326, 8.78935], ["51883100", 53.07326, 8.78935], ["811769808", 53.07326, 8.78935]], "53.0709816702,8.78251925111": [], "53.0742902588,8.78696945496": [], "53.0604387447,8.7646237202": [], "53.0673503783,8.77846048214": [["780328042", 53.0673008, 8.7783824]], "53.0742855649,8.7869727239": [], "53.0614552181,8.77058216371": [["51881510", 53.0615199, 8.77059], ["67949674", 53.0615199, 8.77059]], "53.060757257,8.7666910328": [], "53.0732439458,8.78940674476": [["51883100", 53.07326, 8.78935], ["811769808", 53.07326, 8.78935], ["51883099", 53.07326, 8.78935]], "53.0720828846,8.78424273804": [["586525819", 53.0720899, 8.78427]], "53.0685960967,8.7795455195": [["780328042", 53.0686099, 8.7795599], ["780328043", 53.06866, 8.77961], ["780328042", 53.0685399, 8.7794899], ["780328044", 53.06852, 8.77962]], "53.0733153597,8.78540949896": [["67948598", 53.07325, 8.7854399]], "53.0636419728,8.77480052412": [["719276870", 53.06363, 8.77475]], "53.0742909294,8.78697087988": [], "53.0742896721,8.78696844913": [], "53.0691983365,8.78016418777": [], "53.0605958216,8.7656177301": [], "53.0742635205,8.78623737954": [], "53.0698355287,8.78087078221": [], "53.0740228761,8.78742978908": [["51883095", 53.0740199, 8.78739]], "53.0609163456,8.76776148565": []}, "590522": {"52.511965055,9.72733592615": [], "52.5214189198,9.72503785975": [], "52.5136512425,9.72694449127": [], "52.5211016648,9.71692199819": [], "52.5176682696,9.72594176419": [], "52.5193633419,9.69844509847": [], "52.5186421629,9.72570413724": [], "52.5210283231,9.71551249735": [], "52.5214068498,9.72503769211": [], "52.5213251263,9.72173119895": [], "52.5205180328,9.70508566126": [], "52.5214052573,9.72504129633": [], "52.5206813961,9.70841553994": [], "52.5207534805,9.71000893973": [], "52.5211806223,9.71848161891": [], "52.5210203603,9.72513701767": [], "52.5209002476,9.71292818896": [], "52.5214189198,9.72503559664": [], "52.5195859652,9.69925185665": [["68148099", 52.5196, 9.6992]], "52.5195521861,9.72548059188": [], "52.520368332,9.7018364165": [], "52.5146539696,9.72668942995": [], "52.5205974933,9.70675718039": [], "52.5214161538,9.7250336688": [], "52.5127465837,9.72716418095": [], "52.5214194227,9.72503048368": [], "52.5214079395,9.72316375002": [["704155538", 52.52146, 9.7231799]], "52.5215293933,9.72428482957": [], "52.5214174949,9.72502972931": [], "52.5113497395,9.72749794833": [], "52.5214147288,9.72503392026": [], "52.5109910779,9.72762191668": [["68098554", 52.51092, 9.72766]], "52.5212541316,9.72012162209": [], "52.5113373343,9.72888967954": [["68098554", 52.51136, 9.7288499]], "52.5215621665,9.72494582646": [["704152482", 52.52166, 9.7250099]], "52.5166626927,9.72617318854": [], "52.5204481278,9.70346208662": [], "52.5209721643,9.71425412223": [], "52.5201171264,9.69984806143": [["68148099", 52.52016, 9.69983]], "52.5191867352,9.69727372751": [["780238622", 52.51914, 9.69722]], "52.515661139,9.72643193789": [], "52.5203857664,9.72528043203": [], "52.5110064168,9.72798476927": [["68098554", 52.51102, 9.72798]], "52.521355385,9.72504523583": [], "52.520331284,9.70060209744": [], "52.5208299235,9.71152245998": []}, "118099": {"53.0443790182,8.73566281982": [["51867424", 53.04434, 8.7356699], ["51867379", 53.04434, 8.7356699]], "53.0484528746,8.73922093771": [["51867475", 53.04843, 8.7392499]], "53.0530355964,8.74164615758": [], "53.0445658509,8.73588242568": [["51867424", 53.04454, 8.73592]], "53.0523848254,8.74080662616": [], "53.0514786579,8.74015836976": [["51867463", 53.05139, 8.74008], ["51867462", 53.05139, 8.74008]], "53.0439495295,8.73503107578": [], "53.0449929927,8.73628358357": [], "53.0538172927,8.7480014842": [], "53.0443708878,8.73565401882": [["51867424", 53.04434, 8.7356699], ["51867379", 53.04434, 8.7356699]], "53.0554335751,8.75200258568": [], "53.0558875389,8.75294814818": [["762783370", 53.0558999, 8.7528699], ["762783371", 53.0559399, 8.75295]], "53.0477267504,8.7388808839": [], "53.046832066,8.73795828782": [], "53.0530160666,8.74084224924": [], "53.0459248926,8.73708204366": [], "53.0506562255,8.73970046639": [], "53.0494669173,8.73978353105": [], "53.0533867981,8.74600172974": [], "53.0481188558,8.73911431991": [["572257690", 53.0481, 8.73913]], "53.0511523504,8.73978596181": [], "53.0463728216,8.73749066144": [], "53.0532007199,8.74467562884": [], "53.0530551262,8.74258233234": [], "53.052060362,8.74074325897": [["51867477", 53.0519699, 8.74078]], "53.0500838254,8.7397453934": [], "53.0535550229,8.74690295197": [], "53.0435987469,8.73453184962": [], "53.0454732757,8.73669035733": [["51867427", 53.04554, 8.73678]], "53.0530969519,8.7435871549": [], "53.0517570209,8.74059104361": [], "53.0541491322,8.74910194427": [], "53.049740335,8.73978294432": [["51867463", 53.04969, 8.7398399], ["51867463", 53.04969, 8.7398399]], "53.0443747435,8.73565544374": [["51867424", 53.04434, 8.7356699], ["51867379", 53.04434, 8.7356699]], "53.0490702856,8.73959602788": [], "53.0443774257,8.73565603048": [["51867424", 53.04434, 8.7356699], ["51867379", 53.04434, 8.7356699]], "53.0487515219,8.73937038705": [], "53.0549478438,8.75101117417": [], "53.049379494,8.73975779861": [["51867463", 53.0492999, 8.73977]], "53.047282761,8.73845072463": [["51867447", 53.0472699, 8.7384699], ["51867446", 53.0472699, 8.7384699]], "53.0522059556,8.74076689593": [["51867477", 53.0522599, 8.74078]], "53.0441986397,8.7354130391": [], "53.0527526233,8.74059506692": [], "53.0494435318,8.73978395015": [], "53.0545496196,8.75013342127": [["762783370", 53.05461, 8.7502199]]}}