{"109541": {"52.1754043177,10.5398310162": [], "52.1752784215,10.539435558": [], "52.1769174188,10.5544372369": [], "52.1770379506,10.5536167324": [], "52.1761024464,10.5417129211": [], "52.1756024659,10.5402533803": [], "52.1768295765,10.5544546712": [["51809661", 52.1768, 10.5544299], ["51809661", 52.1768, 10.5544299]], "52.1754203271,10.5399221275": [], "52.1769621782,10.5456457939": [], "52.1755331475,10.5392157845": [], "52.1753580496,10.5397548247": [], "52.175987782,10.5410972703": [], "52.1771051735,10.5487723276": [], "52.1771494299,10.5507882591": [], "52.1767064463,10.5437700916": [], "52.1771320794,10.5497980211": [["51809636", 52.1770799, 10.5497999]], "52.177081285,10.5477134418": [["51809635", 52.17701, 10.54769]], "52.1765433345,10.5544920545": [["51809661", 52.1764899, 10.55445]], "52.1768542193,10.5447406322": [], "52.1763564181,10.5425151531": [], "52.1772155631,10.5527746864": [], "52.1771919262,10.5517928302": [], "52.1772510186,10.5541839357": [], "52.1770447399,10.5466714874": []}, "109300": {"52.4125182163,9.79785287753": [], "52.4117044173,9.8007207457": [], "52.4126638938,9.78143457323": [["51909735", 52.41265, 9.78152], ["51909876", 52.41265, 9.78152], ["51909727", 52.41265, 9.78152]], "52.4120281264,9.79986394756": [], "52.4121610634,9.79680782184": [], "52.4126243312,9.78150414303": [["51909727", 52.41265, 9.78152], ["51909876", 52.41265, 9.78152], ["51909735", 52.41265, 9.78152]], "52.4118626676,9.78145829402": [], "52.4111937918,9.80379053392": [], "52.4111664668,9.80379338376": [], "52.411843054,9.80032134801": [], "52.4101291224,9.78483812883": [], "52.4102883786,9.78143742308": [["51910185", 52.41022, 9.7814399], ["51910186", 52.41022, 9.7814399]], "52.4103484768,9.78144018911": [], "52.4101418629,9.78973751888": [["51910170", 52.41022, 9.7897099]], "52.4101247638,9.78633262217": [["586482497", 52.4101999, 9.7864299]], "52.4103121832,9.79030924849": [], "52.4126852676,9.78144303896": [["51909735", 52.41265, 9.78152], ["51909876", 52.41265, 9.78152], ["51909727", 52.41265, 9.78152]], "52.4100959301,9.78915816173": [["51910172", 52.41016, 9.78914], ["51910172", 52.41016, 9.78914]], "52.4126411788,9.78147706948": [["51909735", 52.41265, 9.78152], ["51909727", 52.41265, 9.78152], ["51909876", 52.41265, 9.78152]], "52.4123885483,9.79752682149": [], "52.412655931,9.78145829402": [["51909735", 52.41265, 9.78152], ["51909876", 52.41265, 9.78152], ["51909727", 52.41265, 9.78152]], "52.4126900453,9.78153733537": [["51909727", 52.41265, 9.78152], ["51909876", 52.41265, 9.78152], ["51909735", 52.41265, 9.78152]], "52.4126813281,9.78145401925": [["51909735", 52.41265, 9.78152], ["51909876", 52.41265, 9.78152], ["51909727", 52.41265, 9.78152]], "52.4112507887,9.80311872438": [], "52.41033867,9.78142878972": [], "52.4100948405,9.78916017339": [["51910172", 52.41016, 9.78914], ["51910172", 52.41016, 9.78914]], "52.4100978579,9.78929344565": [["51910171", 52.4101699, 9.78936], ["51910170", 52.4101699, 9.78936], ["51910172", 52.4101699, 9.78936]], "52.4126264267,9.78149701841": [["51909727", 52.41265, 9.78152], ["51909876", 52.41265, 9.78152], ["51909735", 52.41265, 9.78152]], "52.4126233254,9.78151579387": [["51909727", 52.41265, 9.78152], ["51909876", 52.41265, 9.78152], ["51909735", 52.41265, 9.78152]], "52.4100955948,9.7891593352": [["51910172", 52.41016, 9.78914], ["51910172", 52.41016, 9.78914]], "52.411388671,9.80204952881": [["572194961", 52.4114, 9.80203], ["572194961", 52.4114, 9.80203]], "52.4101229198,9.78756325319": [], "52.4101300444,9.78388971649": [], "52.4109477829,9.78143893182": [], "52.4126628879,9.78154898621": [["51909735", 52.41265, 9.78152], ["51909727", 52.41265, 9.78152], ["51909876", 52.41265, 9.78152]], "52.4104575254,9.78144706227": [], "52.4126258399,9.78149852715": [["51909727", 52.41265, 9.78152], ["51909876", 52.41265, 9.78152], ["51909735", 52.41265, 9.78152]], "52.4124767259,9.79876901954": [["572194962", 52.41245, 9.79879]], "52.4103422742,9.7814357467": [], "52.4127010256,9.78144144639": [["51909876", 52.41265, 9.78152], ["51909727", 52.41265, 9.78152], ["51909735", 52.41265, 9.78152]], "52.4126413465,9.78150062263": [["51909735", 52.41265, 9.78152], ["51909727", 52.41265, 9.78152], ["51909876", 52.41265, 9.78152]], "52.4103411846,9.78143323213": [], "52.4111789558,9.80381593108": [], "52.4112347793,9.7935445793": [], "52.4111405667,9.80353337713": [], "52.4103402626,9.78142996319": [], "52.4101274461,9.78275245987": [], "52.4126290251,9.78149039671": [["51909727", 52.41265, 9.78152], ["51909876", 52.41265, 9.78152], ["51909735", 52.41265, 9.78152]], "52.4109980743,9.7927099932": [], "52.4114163313,9.80152532458": [["572194961", 52.41141, 9.80161]], "52.4115578178,9.80110212229": [["572194962", 52.41153, 9.8011699]], "52.4111896846,9.8032760527": [["51910209", 52.41125, 9.80332]], "52.4101126939,9.78857913986": [["51910172", 52.4101699, 9.7885299]], "52.4122022185,9.7993254941": [["572194962", 52.4121699, 9.79934]], "52.4113373738,9.8025889881": [], "52.410337748,9.781429125": [], "52.4123815913,9.78146214969": [], "52.4107555859,9.79184908792": [], "52.412599856,9.79824322276": [["51909720", 52.4126399, 9.79827], ["572194962", 52.4126399, 9.79827]], "52.4100938346,9.78907526471": [["51910172", 52.41016, 9.78914]], "52.410556851,9.79116462171": [], "52.410127027,9.78185433894": []}}