{"209282": {"52.3986336775,9.83309945092": [["51912048", 52.39873, 9.83306], ["51911957", 52.39873, 9.83306], ["51911925", 52.39873, 9.83306]], "52.3986329231,9.83308738098": [["51912048", 52.39873, 9.83306], ["51911957", 52.39873, 9.83306], ["51911925", 52.39873, 9.83306]], "52.3989282176,9.83227483928": [["586507986", 52.3989499, 9.83233]], "52.3987958673,9.83277205378": [["51911925", 52.3988, 9.8328499]], "52.3995610513,9.83040777035": [["586507987", 52.39949, 9.83043], ["586507987", 52.39949, 9.83043]], "52.3991871346,9.83133254573": [["586507987", 52.3992, 9.8313699]], "52.3990642559,9.83175633475": [], "52.3995514959,9.83042595908": [["586507987", 52.39949, 9.83043], ["586507987", 52.39949, 9.83043]], "52.3986193445,9.83304312453": [], "52.3995485622,9.83042612672": [["586507987", 52.39949, 9.83043], ["586507987", 52.39949, 9.83043]], "52.3995573632,9.83041472733": [["586507987", 52.39949, 9.83043], ["586507987", 52.39949, 9.83043]], "52.3986946978,9.83309299685": [["51911957", 52.39873, 9.83306], ["51911925", 52.39873, 9.83306], ["51912048", 52.39873, 9.83306]], "52.3995556869,9.83041673899": [["586507987", 52.39949, 9.83043], ["586507987", 52.39949, 9.83043]], "52.3993062414,9.83100045472": [["586507987", 52.39932, 9.83095]], "52.3984664585,9.83291873708": [], "52.3995048925,9.83051438816": [["586507987", 52.39949, 9.83043]], "52.3995493166,9.83042662963": [["586507987", 52.39949, 9.83043], ["586507987", 52.39949, 9.83043]], "52.3986368626,9.83310531825": [["51912048", 52.39873, 9.83306], ["51911957", 52.39873, 9.83306], ["51911925", 52.39873, 9.83306]], "52.3994012922,9.83073676005": [["586507987", 52.3994099, 9.83066]]}, "826526": {"53.0740873329,8.8531410601": [["51873015", 53.0741499, 8.8531599], ["51873071", 53.0741499, 8.8531599], ["51873072", 53.0741499, 8.8531599]], "53.0732123461,8.85398243554": [], "53.0728265271,8.8558214251": [], "53.067549197,8.85466405191": [], "53.071693629,8.85664444417": [], "53.0741117243,8.85310761631": [["51873071", 53.0741499, 8.8531599], ["51873015", 53.0741499, 8.8531599], ["51873072", 53.0741499, 8.8531599]], "53.0710322969,8.85631947778": [], "53.0824422464,8.85365914553": [["781527476", 53.08247, 8.85373]], "53.0710302852,8.85631805286": [], "53.0675408989,8.85465902276": [], "53.0676015839,8.85471258312": [], "53.0757015198,8.85448132642": [["51873265", 53.0756699, 8.8544999]], "53.0659830384,8.85471886955": [], "53.0726770777,8.85659264401": [], "53.0740889255,8.85314072482": [["51873015", 53.0741499, 8.8531599], ["51873071", 53.0741499, 8.8531599], ["51873072", 53.0741499, 8.8531599]], "53.0660297256,8.85447562672": [], "53.0661791749,8.85401671752": [["554730011", 53.06613, 8.854], ["51872061", 53.06613, 8.854], ["51871976", 53.06613, 8.854]], "53.070079023,8.85591446422": [], "53.0675433297,8.85466237552": [], "53.0705516785,8.85613691993": [["779164050", 53.0705399, 8.8561799], ["51871983", 53.0705399, 8.8561799]], "53.0749327317,8.85405343026": [["51873084", 53.07492, 8.8540699], ["51873085", 53.07492, 8.8540699]], "53.0765973777,8.8547600247": [], "53.0773603823,8.85504358448": [], "53.0744281411,8.85348874144": [], "53.0723151471,8.85681895539": [], "53.0734937266,8.85265172459": [], "53.0740544759,8.85313737206": [["51873015", 53.0741499, 8.8531599], ["51873071", 53.0741499, 8.8531599], ["51873072", 53.0741499, 8.8531599]], "53.0749323964,8.85405451991": [["51873084", 53.07492, 8.8540699], ["51873085", 53.07492, 8.8540699]], "53.0749356654,8.85405678302": [["51873084", 53.07492, 8.8540699], ["51873085", 53.07492, 8.8540699]], "53.0740811303,8.85314893909": [["51873015", 53.0741499, 8.8531599], ["51873071", 53.0741499, 8.8531599], ["51873072", 53.0741499, 8.8531599]], "53.0660797656,8.85414437391": [], "53.075177148,8.85421888903": [], "53.07117722,8.85644344613": [["51873009", 53.0711999, 8.85646]], "53.0733630527,8.85311172344": [], "53.0662053265,8.85400263593": [["554730011", 53.06613, 8.854], ["51872061", 53.06613, 8.854], ["51871976", 53.06613, 8.854]], "53.0730354879,8.85494585149": [], "53.0747981183,8.85389425792": [["51873015", 53.07476, 8.85393]], "53.0675476883,8.8546631299": [], "53.0659392849,8.85502338409": [], "53.0741101317,8.85311432183": [["51873015", 53.0741499, 8.8531599], ["51873071", 53.0741499, 8.8531599], ["51873072", 53.0741499, 8.8531599]], "53.0669255834,8.8543583639": [], "53.0710278545,8.85633129627": [], "53.0675490294,8.85466128588": [], "53.066489473,8.85415283963": [["51872061", 53.06655, 8.8542399]], "53.0689085741,8.8553515356": [], "53.0812348332,8.85498264804": [], "53.067966029,8.8549014274": [], "53.0694230553,8.85559913702": [["51871899", 53.06951, 8.8556799]], "53.0749343242,8.85405586101": [["51873084", 53.07492, 8.8540699], ["51873085", 53.07492, 8.8540699]], "53.0737650488,8.85284727439": [], "53.0789539497,8.85490167886": [], "53.0709017906,8.85630673729": [], "53.0741518736,8.85312588885": [["51873072", 53.0741499, 8.8531599], ["51873071", 53.0741499, 8.8531599]], "53.067304194,8.8545689173": [], "53.078159932,8.85515456088": [], "53.0797369871,8.85493059643": [], "53.0804911908,8.85508834384": [], "53.0740723293,8.85315153748": [["51873015", 53.0741499, 8.8531599], ["51873071", 53.0741499, 8.8531599], ["51873072", 53.0741499, 8.8531599]], "53.0661834497,8.85401076637": [["554730011", 53.06613, 8.854], ["51872061", 53.06613, 8.854], ["51871976", 53.06613, 8.854]], "53.081918126,8.85452432558": [], "53.0684210826,8.85512187146": [["51871981", 53.06849, 8.8551299], ["51874898", 53.06849, 8.8551299]], "53.0710322969,8.85632056743": []}}