{"802280": {"52.316829823,10.5073274206": [["783428034", 52.3169499, 10.5071399], ["783428031", 52.3168, 10.5070699], ["783428032", 52.3169799, 10.5063399]], "52.3170140572,10.5066941679": [["783428034", 52.3169499, 10.5071399], ["783428032", 52.3169799, 10.5063399], ["783428031", 52.3168, 10.5070699]], "52.3168227822,10.5061700474": [["783428031", 52.3168, 10.5070699], ["783428032", 52.3169799, 10.5063399], ["783428034", 52.3169499, 10.5071399]], "52.317106761,10.5067178886": [["783428034", 52.3169499, 10.5071399], ["783428032", 52.3169799, 10.5063399], ["783428031", 52.3168, 10.5070699]], "52.3165997397,10.5080066901": [["554712353", 52.3164599, 10.5085099], ["783428031", 52.3168, 10.5070699], ["572247021", 52.3164599, 10.5085099], ["783428034", 52.3169499, 10.5071399]], "52.316483818,10.5084728915": [["572247021", 52.3164599, 10.5085099], ["554712353", 52.3164599, 10.5085099], ["572247021", 52.31618, 10.50932], ["783428033", 52.3166, 10.5086]], "52.3168213572,10.507240165": [["783428031", 52.3168, 10.5070699], ["783428032", 52.3169799, 10.5063399], ["783428034", 52.3169499, 10.5071399]], "52.3169474211,10.5062004738": [["783428031", 52.3168, 10.5070699], ["783428032", 52.3169799, 10.5063399], ["783428034", 52.3169499, 10.5071399]], "52.3166059423,10.5079977214": [["554712353", 52.3164599, 10.5085099], ["783428031", 52.3168, 10.5070699], ["572247021", 52.3164599, 10.5085099], ["783428034", 52.3169499, 10.5071399]], "52.3170131352,10.5062164832": [["783428032", 52.3169799, 10.5063399], ["783428031", 52.3168, 10.5070699], ["783428034", 52.3169499, 10.5071399]], "52.3168152384,10.5072427634": [["783428031", 52.3168, 10.5070699], ["783428032", 52.3169799, 10.5063399], ["783428034", 52.3169499, 10.5071399]], "52.3168127239,10.5072678253": [["783428031", 52.3168, 10.5070699], ["783428032", 52.3169799, 10.5063399], ["783428034", 52.3169499, 10.5071399]], "52.3165418208,10.5082658585": [["572247021", 52.3164599, 10.5085099], ["554712353", 52.3164599, 10.5085099], ["783428033", 52.3166, 10.5086]], "52.3166101333,10.507921027": [["554712353", 52.3164599, 10.5085099], ["783428031", 52.3168, 10.5070699], ["572247021", 52.3164599, 10.5085099], ["783428034", 52.3169499, 10.5071399]], "52.3167429864,10.5061458237": [["783428031", 52.3168, 10.5070699], ["783428032", 52.3169799, 10.5063399], ["783428034", 52.3169499, 10.5071399]], "52.3166050203,10.5079822987": [["554712353", 52.3164599, 10.5085099], ["783428031", 52.3168, 10.5070699], ["572247021", 52.3164599, 10.5085099], ["783428034", 52.3169499, 10.5071399]], "52.3166650347,10.5073833279": [["783428034", 52.3169499, 10.5071399]], "52.3168279789,10.5072839186": [["783428031", 52.3168, 10.5070699], ["783428032", 52.3169799, 10.5063399], ["783428034", 52.3169499, 10.5071399]], "52.3168304935,10.5072657298": [["783428031", 52.3168, 10.5070699], ["783428032", 52.3169799, 10.5063399], ["783428034", 52.3169499, 10.5071399]], "52.3171255365,10.5066498276": [["783428034", 52.3169499, 10.5071399], ["783428032", 52.3169799, 10.5063399], ["783428031", 52.3168, 10.5070699]], "52.3171104491,10.5066077504": [["783428034", 52.3169499, 10.5071399], ["783428032", 52.3169799, 10.5063399], ["783428031", 52.3168, 10.5070699]], "52.31648013,10.5084741488": [["572247021", 52.3164599, 10.5085099], ["554712353", 52.3164599, 10.5085099], ["572247021", 52.31618, 10.50932], ["783428033", 52.3166, 10.5086]], "52.3170878179,10.5062240269": [["783428032", 52.3169799, 10.5063399], ["783428034", 52.3169499, 10.5071399], ["783428031", 52.3168, 10.5070699]], "52.3166883364,10.5061824527": [["783428034", 52.3169499, 10.5071399]], "52.3171246983,10.506248083": [["783428034", 52.3169499, 10.5071399], ["783428032", 52.3169799, 10.5063399], ["783428031", 52.3168, 10.5070699]], "52.3166327644,10.5076060351": [["783428031", 52.3168, 10.5070699], ["554712353", 52.3164599, 10.5085099], ["572247021", 52.3164599, 10.5085099], ["783428034", 52.3169499, 10.5071399]], "52.3166242987,10.507979868": [["572247021", 52.3164599, 10.5085099], ["554712353", 52.3164599, 10.5085099], ["783428031", 52.3168, 10.5070699]], "52.3167009931,10.5063988734": [["783428031", 52.3168, 10.5070699], ["783428032", 52.3169799, 10.5063399], ["783428034", 52.3169499, 10.5071399]], "52.3168143164,10.5072386563": [["783428031", 52.3168, 10.5070699], ["783428032", 52.3169799, 10.5063399], ["783428034", 52.3169499, 10.5071399]], "52.3168590758,10.5073436815": [["783428034", 52.3169499, 10.5071399], ["783428031", 52.3168, 10.5070699]], "52.316716332,10.5066208262": [["783428031", 52.3168, 10.5070699], ["783428032", 52.3169799, 10.5063399], ["783428034", 52.3169499, 10.5071399]], "52.316831667,10.5072917975": [["783428034", 52.3169499, 10.5071399], ["783428031", 52.3168, 10.5070699], ["783428032", 52.3169799, 10.5063399]], "52.3164858297,10.5084711313": [["572247021", 52.3164599, 10.5085099], ["554712353", 52.3164599, 10.5085099], ["572247021", 52.31618, 10.50932], ["783428033", 52.3166, 10.5086]], "52.3166014999,10.50800208": [["554712353", 52.3164599, 10.5085099], ["783428031", 52.3168, 10.5070699], ["572247021", 52.3164599, 10.5085099], ["783428034", 52.3169499, 10.5071399]], "52.3169301543,10.5061608274": [["783428031", 52.3168, 10.5070699], ["783428032", 52.3169799, 10.5063399], ["783428034", 52.3169499, 10.5071399]], "52.3164825607,10.5084736459": [["572247021", 52.3164599, 10.5085099], ["554712353", 52.3164599, 10.5085099], ["572247021", 52.31618, 10.50932], ["783428033", 52.3166, 10.5086]], "52.3166225385,10.5075967312": [["783428031", 52.3168, 10.5070699], ["554712353", 52.3164599, 10.5085099], ["572247021", 52.3164599, 10.5085099], ["783428034", 52.3169499, 10.5071399]], "52.316554226,10.5082308222": [["572247021", 52.3164599, 10.5085099], ["554712353", 52.3164599, 10.5085099], ["783428033", 52.3166, 10.5086]], "52.3165571596,10.508228559": [["572247021", 52.3164599, 10.5085099], ["554712353", 52.3164599, 10.5085099], ["783428033", 52.3166, 10.5086]], "52.3172021471,10.506232325": [["783428034", 52.3169499, 10.5071399], ["783428032", 52.3169799, 10.5063399], ["783428031", 52.3168, 10.5070699]], "52.3164841533,10.5084727239": [["572247021", 52.3164599, 10.5085099], ["554712353", 52.3164599, 10.5085099], ["572247021", 52.31618, 10.50932], ["783428033", 52.3166, 10.5086]], "52.3166039307,10.5080009904": [["554712353", 52.3164599, 10.5085099], ["783428031", 52.3168, 10.5070699], ["572247021", 52.3164599, 10.5085099], ["783428034", 52.3169499, 10.5071399]], "52.3166003264,10.5080047622": [["554712353", 52.3164599, 10.5085099], ["783428031", 52.3168, 10.5070699], ["572247021", 52.3164599, 10.5085099], ["783428034", 52.3169499, 10.5071399]], "52.3170360178,10.5062354263": [["783428032", 52.3169799, 10.5063399], ["783428031", 52.3168, 10.5070699], ["783428034", 52.3169499, 10.5071399]], "52.3169305734,10.5061634257": [["783428031", 52.3168, 10.5070699], ["783428032", 52.3169799, 10.5063399], ["783428034", 52.3169499, 10.5071399]], "52.3168157414,10.5072398297": [["783428031", 52.3168, 10.5070699], ["783428032", 52.3169799, 10.5063399], ["783428034", 52.3169499, 10.5071399]], "52.3166001588,10.5080059357": [["554712353", 52.3164599, 10.5085099], ["783428031", 52.3168, 10.5070699], ["572247021", 52.3164599, 10.5085099], ["783428034", 52.3169499, 10.5071399]], "52.3167438246,10.5067834351": [["783428031", 52.3168, 10.5070699], ["783428032", 52.3169799, 10.5063399], ["783428034", 52.3169499, 10.5071399]], "52.3165996559,10.5080063548": [["554712353", 52.3164599, 10.5085099], ["783428031", 52.3168, 10.5070699], ["572247021", 52.3164599, 10.5085099], ["783428034", 52.3169499, 10.5071399]], "52.3165658768,10.5081743281": [["572247021", 52.3164599, 10.5085099], ["554712353", 52.3164599, 10.5085099], ["783428033", 52.3166, 10.5086]], "52.3168158252,10.507238321": [["783428031", 52.3168, 10.5070699], ["783428032", 52.3169799, 10.5063399], ["783428034", 52.3169499, 10.5071399]], "52.3169501871,10.5061460752": [["783428031", 52.3168, 10.5070699], ["783428032", 52.3169799, 10.5063399], ["783428034", 52.3169499, 10.5071399]], "52.3166646995,10.5072934739": [["783428032", 52.3169799, 10.5063399], ["783428031", 52.3168, 10.5070699], ["783428034", 52.3169499, 10.5071399]], "52.3166276515,10.5077345297": [["783428031", 52.3168, 10.5070699], ["554712353", 52.3164599, 10.5085099], ["572247021", 52.3164599, 10.5085099], ["783428034", 52.3169499, 10.5071399]], "52.3169805296,10.506875217": [["783428034", 52.3169499, 10.5071399], ["783428032", 52.3169799, 10.5063399], ["783428031", 52.3168, 10.5070699]], "52.3169273883,10.5061593186": [["783428031", 52.3168, 10.5070699], ["783428032", 52.3169799, 10.5063399], ["783428034", 52.3169499, 10.5071399]], "52.3169659451,10.5061702989": [["783428031", 52.3168, 10.5070699], ["783428032", 52.3169799, 10.5063399], ["783428034", 52.3169499, 10.5071399]], "52.3171170708,10.5062353425": [["783428034", 52.3169499, 10.5071399], ["783428032", 52.3169799, 10.5063399], ["783428031", 52.3168, 10.5070699]], "52.3166092951,10.5079961289": [["554712353", 52.3164599, 10.5085099], ["572247021", 52.3164599, 10.5085099], ["783428031", 52.3168, 10.5070699], ["783428034", 52.3169499, 10.5071399]], "52.3167381249,10.5068730377": [["783428031", 52.3168, 10.5070699], ["783428032", 52.3169799, 10.5063399], ["783428034", 52.3169499, 10.5071399]], "52.3164850753,10.5084719695": [["572247021", 52.3164599, 10.5085099], ["554712353", 52.3164599, 10.5085099], ["572247021", 52.31618, 10.50932], ["783428033", 52.3166, 10.5086]], "52.3164908588,10.5084403697": [["572247021", 52.3164599, 10.5085099], ["554712353", 52.3164599, 10.5085099], ["572247021", 52.31618, 10.50932], ["783428033", 52.3166, 10.5086]], "52.3168303259,10.5072589405": [["783428031", 52.3168, 10.5070699], ["783428032", 52.3169799, 10.5063399], ["783428034", 52.3169499, 10.5071399]], "52.3166290764,10.5075351242": [["783428031", 52.3168, 10.5070699], ["554712353", 52.3164599, 10.5085099], ["572247021", 52.3164599, 10.5085099], ["783428034", 52.3169499, 10.5071399]]}, "802281": {"52.3175312206,10.504273558": [["572247780", 52.3174699, 10.50427], ["769172852", 52.3176699, 10.50414]], "52.317660721,10.5038144812": [["572247780", 52.3174699, 10.50427], ["769172852", 52.3176699, 10.50414]], "52.3171423841,10.5055844877": [["783428032", 52.3169799, 10.5063399]], "52.3174751457,10.5048671644": [["769172852", 52.3176699, 10.50414], ["572247780", 52.3174699, 10.50427]], "52.3177051451,10.5036529619": [["769172852", 52.3176699, 10.50414], ["572247780", 52.3174699, 10.50427]], "52.3173411191,10.5050361436": [["572247780", 52.3174699, 10.50427], ["769172852", 52.3176699, 10.50414]], "52.3172298912,10.5056169257": [["783428032", 52.3169799, 10.5063399]], "52.3172004707,10.5050310306": [["572247780", 52.3174699, 10.50427], ["769172852", 52.3176699, 10.50414]], "52.3175555281,10.5046615563": [["769172852", 52.3176699, 10.50414], ["572247780", 52.3174699, 10.50427]], "52.3175808415,10.5045615602": [["769172852", 52.3176699, 10.50414], ["572247780", 52.3174699, 10.50427]], "52.3171820305,10.5051899515": [], "52.3172410391,10.50503782": [["572247780", 52.3174699, 10.50427], ["769172852", 52.3176699, 10.50414]], "52.3171626683,10.5054306798": [], "52.3174672667,10.5048963334": [["769172852", 52.3176699, 10.50414], ["572247780", 52.3174699, 10.50427]], "52.3171635903,10.5054732598": [["783428032", 52.3169799, 10.5063399]], "52.3175767343,10.5039893277": [["769172852", 52.3176699, 10.50414]], "52.3175141215,10.5044560321": [["769172852", 52.3176699, 10.50414], ["572247780", 52.3174699, 10.50427]]}, "802279": {"52.3163159285,10.5091008637": [["554712353", 52.3164599, 10.5085099], ["572247021", 52.3164599, 10.5085099], ["572247021", 52.31618, 10.50932], ["783428033", 52.3166, 10.5086]], "52.3162825685,10.5093013588": [["554712353", 52.3164599, 10.5085099], ["572247021", 52.3164599, 10.5085099], ["572247021", 52.31618, 10.50932], ["783428033", 52.3166, 10.5086]], "52.3162227217,10.5094514787": [["554712353", 52.3164599, 10.5085099], ["572247021", 52.31618, 10.50932], ["572247021", 52.3164599, 10.5085099], ["783428033", 52.3166, 10.5086]], "52.3162957281,10.5091674998": [["554712353", 52.3164599, 10.5085099], ["572247021", 52.3164599, 10.5085099], ["572247021", 52.31618, 10.50932], ["783428033", 52.3166, 10.5086]], "52.3163435888,10.5089990236": [["554712353", 52.3164599, 10.5085099], ["572247021", 52.3164599, 10.5085099], ["572247021", 52.31618, 10.50932], ["783428033", 52.3166, 10.5086]], "52.316204533,10.5094668176": [["554712353", 52.3164599, 10.5085099], ["572247021", 52.31618, 10.50932], ["572247021", 52.3164599, 10.5085099], ["783428033", 52.3166, 10.5086]], "52.3162515555,10.5094141793": [["554712353", 52.3164599, 10.5085099], ["572247021", 52.31618, 10.50932], ["572247021", 52.3164599, 10.5085099], ["783428033", 52.3166, 10.5086]]}}