{"809412": {"53.1106982287,9.98453982174": [], "53.111107517,9.98483436182": [], "53.133644443,9.9951942265": [["51729154", 53.13371, 9.99525]], "53.1271796487,9.99031352811": [], "53.1096569449,9.98399365693": [], "53.1126914453,9.98529947363": [], "53.1456888188,10.0168591831": [], "53.1048333272,9.98012666591": [], "53.147923518,10.024831295": [], "53.1096105929,9.98395635746": [], "53.1030048989,9.97902704403": [], "53.1113590579,9.98503745534": [["540639900", 53.11136, 9.98494]], "53.1305017322,9.99244705774": [], "53.1365653686,9.99845797196": [["67945306", 53.13657, 9.99846]], "53.1096358225,9.98397077434": [], "53.1439372525,10.0117644947": [], "53.1095944997,9.98389952816": [], "53.1203251798,9.98784245923": [], "53.1090315711,9.98328186572": [], "53.1321079563,9.99375069514": [["51729153", 53.1321299, 9.9938]], "53.1092237681,9.9836447183": [], "53.1448680628,10.0143158622": [], "53.1096048933,9.98382367194": [], "53.1379573513,10.0003376976": [["79930335", 53.1379699, 10.0003499]], "53.1119159516,9.98512077145": [], "53.1095973495,9.98386289924": [], "53.098410191,9.97553983703": [["51729148", 53.09842, 9.9755999]], "53.1072944216,9.98204352334": [], "53.0993414205,9.97650652193": [], "53.1095078308,9.98386876658": [["540639900", 53.1094699, 9.98385], ["572219610", 53.1094699, 9.98385], ["67913222", 53.1094699, 9.98385]], "53.1061698217,9.98104255646": [], "53.1187685765,9.98740836047": [], "53.1086978875,9.9828537181": [], "53.1237100437,9.98886505142": [], "53.1173226982,9.98704575934": [], "53.1095320545,9.98388812877": [["572219610", 53.1094699, 9.98385], ["540639900", 53.1094699, 9.98385], ["67913222", 53.1094699, 9.98385]], "53.1009467226,9.97774612159": [], "53.1219882332,9.98831846751": [["554711186", 53.12199, 9.98833]], "53.1351337396,9.99675435014": [], "53.1392691191,10.002372656": [["79930335", 53.13927, 10.0022899]], "53.1102466956,9.98421175405": [], "53.1463606283,10.0190490391": [], "53.1096262671,9.98395593837": [], "53.128857119,9.991298737": [], "53.1096595433,9.9839842692": [], "53.1096214894,9.9839930702": [], "53.114749454,9.9861453753": [], "53.1098542549,9.98397119343": [], "53.1093932502,9.9838754721": [["540639900", 53.1094699, 9.98385], ["572219610", 53.1094699, 9.98385], ["67913222", 53.1094699, 9.98385]], "53.1096259318,9.98400522396": [], "53.1095604692,9.98395686038": [], "53.1080579292,9.98252213001": [], "53.1254714169,9.98953895643": [], "53.1096351519,9.9839842692": [], "53.1068634242,9.98154572211": [], "53.1471729185,10.0220137183": [], "53.1159835216,9.986609146": [], "53.1136501674,9.98574187048": []}, "809411": {"53.2303234935,10.0768988393": [], "53.2338059228,10.0780445617": [], "53.2242565881,10.0759013928": [], "53.215068765,10.0770272501": [], "53.2134643849,10.0773722492": [], "53.1916658208,10.0830738712": [], "53.1940192915,10.0823845435": [], "53.1931129564,10.0826713722": [], "53.2117040176,10.0778111257": [], "53.2354101352,10.0786598772": [], "53.232177319,10.0774814654": [], "53.1883016601,10.0836248975": [], "53.2040668465,10.0790676568": [], "53.1936157867,10.0824488327": [], "53.1976592168,10.0817848183": [], "53.1899101473,10.0834688265": [], "53.2022416871,10.0795055274": [], "53.2080392819,10.0786405988": [], "53.1848911475,10.0833474565": [], "53.2000941597,10.0804607291": [], "53.1614947412,10.0642274972": [], "53.1866203342,10.0836246461": [], "53.2062271982,10.0788482185": [], "53.2169184834,10.0765139423": [], "53.2230681181,10.075706346": [], "53.2370326202,10.0793686509": [["554711364", 53.23708, 10.0793599]], "53.2190692797,10.0760414544": []}}