{"802292": {"52.3307785671,10.4451442603": [["769172863", 52.33115, 10.44482]], "52.3300564662,10.4498108849": [["792712542", 52.33016, 10.44918], ["769172862", 52.33017, 10.4506799]], "52.3302557878,10.4483919963": [["792712542", 52.33016, 10.44918], ["792712542", 52.33026, 10.4485099], ["769172863", 52.33053, 10.44852], ["769172863", 52.3305, 10.4486999]], "52.3301495891,10.4491202999": [["792712542", 52.33016, 10.44918], ["792712542", 52.33026, 10.4485099], ["769172863", 52.3305, 10.4486999], ["769172863", 52.33053, 10.44852]], "52.3305235896,10.4465607181": [["769172860", 52.33043, 10.44732], ["586515743", 52.3304799, 10.44698], ["769172863", 52.3307999, 10.4468699]], "52.3307787348,10.4451467749": [["769172863", 52.33115, 10.44482]], "52.3304588813,10.4470113292": [["769172860", 52.33043, 10.44732], ["586515743", 52.3304799, 10.44698], ["769172863", 52.3307999, 10.4468699]], "52.3302873876,10.4481774196": [["769172860", 52.33043, 10.44732], ["792712542", 52.33026, 10.4485099], ["769172863", 52.33053, 10.44852], ["769172863", 52.3305, 10.4486999]], "52.3307153676,10.445481129": [["769172863", 52.33115, 10.44482]], "52.3304886371,10.446793735": [["769172860", 52.33043, 10.44732], ["586515743", 52.3304799, 10.44698], ["769172863", 52.3307999, 10.4468699]], "52.3306850251,10.4456536286": [["769172863", 52.33115, 10.44482]], "52.3299853876,10.4503391962": [["769172862", 52.33017, 10.4506799]], "52.3304156307,10.4472991638": [["769172860", 52.33043, 10.44732], ["586515743", 52.3304799, 10.44698], ["769172863", 52.3307999, 10.4468699]], "52.3303294647,10.4478971288": [["586515743", 52.3304799, 10.44698], ["769172860", 52.33043, 10.44732], ["792712542", 52.33026, 10.4485099], ["769172863", 52.33053, 10.44852]], "52.3305453826,10.4463762324": [["769172860", 52.33043, 10.44732], ["586515743", 52.3304799, 10.44698], ["769172863", 52.3307999, 10.4468699]], "52.3300727271,10.449679289": [["792712542", 52.33016, 10.44918], ["769172863", 52.3305, 10.4486999]], "52.3304027226,10.4473876767": [["586515743", 52.3304799, 10.44698], ["769172860", 52.33043, 10.44732], ["769172863", 52.3307999, 10.4468699]], "52.3302734736,10.4482715484": [["792712542", 52.33016, 10.44918], ["769172860", 52.33043, 10.44732], ["792712542", 52.33026, 10.4485099], ["769172863", 52.33053, 10.44852]], "52.3301655985,10.4490005225": [["792712542", 52.33016, 10.44918], ["792712542", 52.33026, 10.4485099], ["769172863", 52.3305, 10.4486999], ["769172863", 52.33053, 10.44852]], "52.3300987948,10.4494688194": [["792712542", 52.33026, 10.4485099], ["792712542", 52.33016, 10.44918], ["769172863", 52.3305, 10.4486999], ["769172863", 52.33053, 10.44852]], "52.3306476418,10.4458518606": [], "52.3301841225,10.4488725308": [["792712542", 52.33016, 10.44918], ["792712542", 52.33026, 10.4485099], ["769172863", 52.3305, 10.4486999], ["769172863", 52.33053, 10.44852]], "52.3302058317,10.4487276915": [["792712542", 52.33016, 10.44918], ["792712542", 52.33026, 10.4485099], ["769172863", 52.3305, 10.4486999], ["769172863", 52.33053, 10.44852]], "52.3306213226,10.4459985439": [["586515743", 52.3304799, 10.44698], ["769172863", 52.3307999, 10.4468699]], "52.3300881498,10.4495510459": [["792712542", 52.33016, 10.44918], ["769172863", 52.3305, 10.4486999]], "52.3306009546,10.4461000487": [["586515743", 52.3304799, 10.44698], ["769172863", 52.3307999, 10.4468699]], "52.3305057362,10.4466802441": [["769172860", 52.33043, 10.44732], ["586515743", 52.3304799, 10.44698], ["769172863", 52.3307999, 10.4468699]], "52.3303458933,10.4477806203": [["586515743", 52.3304799, 10.44698], ["769172860", 52.33043, 10.44732], ["792712542", 52.33026, 10.4485099], ["769172863", 52.3307999, 10.4468699]], "52.330364082,10.4476617649": [["586515743", 52.3304799, 10.44698], ["769172860", 52.33043, 10.44732], ["792712542", 52.33026, 10.4485099], ["769172863", 52.3307999, 10.4468699]], "52.3300019,10.4502273817": [["769172862", 52.33017, 10.4506799]], "52.330309432,10.4480375256": [["769172860", 52.33043, 10.44732], ["792712542", 52.33026, 10.4485099], ["769172863", 52.33053, 10.44852], ["769172863", 52.3305, 10.4486999]], "52.3300360981,10.4499667883": [["792712542", 52.33016, 10.44918], ["769172862", 52.33017, 10.4506799]], "52.33077907,10.445149038": [["769172863", 52.33115, 10.44482]], "52.3299582303,10.4505161382": [["792712542", 52.32984, 10.45151], ["769172862", 52.33017, 10.4506799]], "52.3307645693,10.4452214576": [["769172863", 52.33115, 10.44482]], "52.3305653315,10.4462641664": [["586515743", 52.3304799, 10.44698], ["769172863", 52.3307999, 10.4468699]], "52.3304700293,10.4469181225": [["769172860", 52.33043, 10.44732], ["586515743", 52.3304799, 10.44698], ["769172863", 52.3307999, 10.4468699]], "52.3303803429,10.4475387186": [["586515743", 52.3304799, 10.44698], ["769172860", 52.33043, 10.44732], ["792712542", 52.33026, 10.4485099], ["769172863", 52.3307999, 10.4468699]], "52.3299699649,10.4504411202": [["769172862", 52.33017, 10.4506799]], "52.330228379,10.4485721234": [["792712542", 52.33016, 10.44918], ["792712542", 52.33026, 10.4485099], ["769172863", 52.3305, 10.4486999], ["769172863", 52.33053, 10.44852]], "52.3305854481,10.4461704567": [["586515743", 52.3304799, 10.44698], ["769172863", 52.3307999, 10.4468699]], "52.3306635674,10.4457843862": [["769172863", 52.33115, 10.44482]], "52.3304346576,10.4471788835": [["769172860", 52.33043, 10.44732], ["586515743", 52.3304799, 10.44698], ["769172863", 52.3307999, 10.4468699]], "52.3301281314,10.44927218": [["792712542", 52.33026, 10.4485099], ["792712542", 52.33016, 10.44918], ["769172863", 52.3305, 10.4486999], ["769172863", 52.33053, 10.44852]], "52.3300187476,10.4501041677": [["792712542", 52.33016, 10.44918], ["769172862", 52.33017, 10.4506799]], "52.3307352327,10.4453829769": [["769172863", 52.33115, 10.44482]], "52.3301103618,10.4493931308": [["792712542", 52.33026, 10.4485099], ["792712542", 52.33016, 10.44918], ["769172863", 52.3305, 10.4486999], ["769172863", 52.33053, 10.44852]]}, "802291": {"52.3298088647,10.4520536307": [["792712542", 52.32984, 10.45151], ["792712542", 52.32967, 10.45249], ["769172862", 52.32986, 10.4526]], "52.3297065217,10.4526395258": [["792712542", 52.32967, 10.45249], ["769172862", 52.32986, 10.4526]], "52.3294818867,10.4538755212": [["792712542", 52.32945, 10.4537899], ["769172862", 52.32954, 10.45433]], "52.329806434,10.4520579893": [["792712542", 52.32984, 10.45151], ["792712542", 52.32967, 10.45249], ["769172862", 52.32986, 10.4526]], "52.3292952217,10.4548395239": [["792712542", 52.32918, 10.45529], ["769172862", 52.3293299, 10.45541], ["769172862", 52.32954, 10.45433]], "52.3296581581,10.4527319781": [["792712542", 52.32967, 10.45249], ["769172862", 52.32986, 10.4526]], "52.32976662,10.4518276546": [["792712542", 52.32967, 10.45249], ["792712542", 52.32984, 10.45151], ["769172862", 52.32986, 10.4526]], "52.3296047654,10.4531321302": [["792712542", 52.32945, 10.4537899], ["792712542", 52.32967, 10.45249], ["769172862", 52.32986, 10.4526]], "52.3291335348,10.4558315221": [["792712542", 52.3289599, 10.4563899], ["792712542", 52.32918, 10.45529], ["769172862", 52.32911, 10.45646], ["769172862", 52.3293299, 10.45541]], "52.3298014887,10.4516381398": [["792712542", 52.32967, 10.45249], ["792712542", 52.32984, 10.45151], ["769172862", 52.33017, 10.4506799], ["769172862", 52.32986, 10.4526]], "52.3296640255,10.452710269": [["792712542", 52.32967, 10.45249], ["769172862", 52.32986, 10.4526]], "52.3298002314,10.4516465217": [["792712542", 52.32967, 10.45249], ["792712542", 52.32984, 10.45151], ["769172862", 52.33017, 10.4506799], ["769172862", 52.32986, 10.4526]], "52.3296602536,10.4527229257": [["792712542", 52.32967, 10.45249], ["769172862", 52.32986, 10.4526]], "52.3291495442,10.4553671647": [["769172862", 52.3293299, 10.45541]], "52.329399744,10.4542715661": [["792712542", 52.32945, 10.4537899], ["769172862", 52.32954, 10.45433]], "52.3294648714,10.4538669717": [["792712542", 52.32945, 10.4537899], ["769172862", 52.32954, 10.45433]], "52.3295824695,10.4533006903": [["792712542", 52.32945, 10.4537899], ["792712542", 52.32967, 10.45249], ["769172862", 52.32986, 10.4526]], "52.3297643568,10.4522446543": [["792712542", 52.32984, 10.45151], ["792712542", 52.32967, 10.45249], ["769172862", 52.32986, 10.4526]], "52.3297340982,10.4516824801": [["792712542", 52.32967, 10.45249], ["792712542", 52.32984, 10.45151], ["769172862", 52.32986, 10.4526]], "52.3297961242,10.4516448453": [["792712542", 52.32967, 10.45249], ["792712542", 52.32984, 10.45151], ["769172862", 52.33017, 10.4506799], ["769172862", 52.32986, 10.4526]], "52.3297838867,10.4520139843": [["792712542", 52.32984, 10.45151], ["792712542", 52.32967, 10.45249], ["769172862", 52.32986, 10.4526]], "52.32935993,10.4544842988": [["792712542", 52.32918, 10.45529], ["792712542", 52.32945, 10.4537899], ["769172862", 52.3293299, 10.45541], ["769172862", 52.32954, 10.45433]], "52.3298018239,10.452065533": [["792712542", 52.32984, 10.45151], ["792712542", 52.32967, 10.45249], ["769172862", 52.32986, 10.4526]], "52.3296681326,10.4527043179": [["792712542", 52.32967, 10.45249], ["769172862", 52.32986, 10.4526]], "52.3297049291,10.4526443873": [["792712542", 52.32967, 10.45249], ["769172862", 52.32986, 10.4526]], "52.3292228859,10.4551498219": [["792712542", 52.32918, 10.45529], ["769172862", 52.3293299, 10.45541], ["769172862", 52.32954, 10.45433]], "52.3297580704,10.4517055303": [["792712542", 52.32967, 10.45249], ["792712542", 52.32984, 10.45151], ["769172862", 52.32986, 10.4526]], "52.3295273166,10.4535494652": [["792712542", 52.32945, 10.4537899], ["769172862", 52.32954, 10.45433], ["769172862", 52.32986, 10.4526]], "52.3297130596,10.4526576307": [["792712542", 52.32967, 10.45249], ["769172862", 52.32986, 10.4526]], "52.329517426,10.4535998404": [["792712542", 52.32945, 10.4537899], ["769172862", 52.32954, 10.45433], ["769172862", 52.32986, 10.4526]], "52.3291013483,10.456105778": [["792712542", 52.3289599, 10.4563899], ["769172862", 52.32911, 10.45646], ["792712542", 52.32918, 10.45529], ["769172862", 52.3293299, 10.45541]], "52.3291647993,10.4555432685": [["792712542", 52.3289599, 10.4563899], ["792712542", 52.32918, 10.45529], ["769172862", 52.32911, 10.45646], ["769172862", 52.3293299, 10.45541]], "52.3298433982,10.451356424": [["792712542", 52.32984, 10.45151], ["769172862", 52.33017, 10.4506799]], "52.3291681521,10.4554826673": [["792712542", 52.3289599, 10.4563899], ["792712542", 52.32918, 10.45529], ["769172862", 52.32911, 10.45646], ["769172862", 52.3293299, 10.45541]], "52.329076957,10.4562370386": [["769172862", 52.32911, 10.45646], ["792712542", 52.3289599, 10.4563899], ["792712542", 52.32918, 10.45529], ["769172862", 52.3293299, 10.45541]], "52.3291095626,10.455974685": [["792712542", 52.3289599, 10.4563899], ["792712542", 52.32918, 10.45529], ["769172862", 52.32911, 10.45646], ["769172862", 52.3293299, 10.45541]], "52.329363618,10.4544412997": [["792712542", 52.32918, 10.45529], ["792712542", 52.32945, 10.4537899], ["769172862", 52.3293299, 10.45541], ["769172862", 52.32954, 10.45433]], "52.3293414898,10.4546118714": [["769172862", 52.3293299, 10.45541], ["769172862", 52.32954, 10.45433]], "52.3294416536,10.4540887568": [["792712542", 52.32945, 10.4537899], ["769172862", 52.32954, 10.45433]], "52.3291160166,10.4560392257": [["792712542", 52.3289599, 10.4563899], ["769172862", 52.32911, 10.45646], ["792712542", 52.32918, 10.45529], ["769172862", 52.3293299, 10.45541]], "52.3296034243,10.4531346448": [["792712542", 52.32945, 10.4537899], ["792712542", 52.32967, 10.45249], ["769172862", 52.32986, 10.4526]], "52.3293836508,10.4543603305": [["792712542", 52.32918, 10.45529], ["792712542", 52.32945, 10.4537899], ["769172862", 52.32954, 10.45433]], "52.3296563979,10.4529040586": [["792712542", 52.32945, 10.4537899], ["792712542", 52.32967, 10.45249], ["769172862", 52.32986, 10.4526]], "52.3296925239,10.4526049923": [["792712542", 52.32967, 10.45249], ["769172862", 52.32986, 10.4526]], "52.3297533765,10.4515007604": [["792712542", 52.32967, 10.45249], ["792712542", 52.32984, 10.45151], ["769172862", 52.33017, 10.4506799]], "52.3291615304,10.4554231558": [["792712542", 52.32918, 10.45529], ["792712542", 52.3289599, 10.4563899], ["769172862", 52.3293299, 10.45541]], "52.3297418933,10.4515294265": [["792712542", 52.32967, 10.45249], ["792712542", 52.32984, 10.45151], ["769172862", 52.33017, 10.4506799]], "52.3291656375,10.4556953162": [["792712542", 52.3289599, 10.4563899], ["792712542", 52.32918, 10.45529], ["769172862", 52.32911, 10.45646], ["769172862", 52.3293299, 10.45541]], "52.3295517918,10.4534492176": [["792712542", 52.32945, 10.4537899], ["792712542", 52.32967, 10.45249], ["769172862", 52.32954, 10.45433], ["769172862", 52.32986, 10.4526]], "52.3297010735,10.4526499193": [["792712542", 52.32967, 10.45249], ["769172862", 52.32986, 10.4526]], "52.3292456847,10.4550830182": [["792712542", 52.32918, 10.45529], ["769172862", 52.3293299, 10.45541], ["769172862", 52.32954, 10.45433]], "52.3291582614,10.4556371458": [["792712542", 52.3289599, 10.4563899], ["792712542", 52.32918, 10.45529], ["769172862", 52.32911, 10.45646], ["769172862", 52.3293299, 10.45541]], "52.3294875864,10.4538701568": [["792712542", 52.32945, 10.4537899], ["769172862", 52.32954, 10.45433]], "52.3292623647,10.45499878": [["792712542", 52.32918, 10.45529], ["769172862", 52.3293299, 10.45541], ["769172862", 52.32954, 10.45433]], "52.3297970463,10.4520726576": [["792712542", 52.32984, 10.45151], ["792712542", 52.32967, 10.45249], ["769172862", 52.32986, 10.4526]], "52.3294502869,10.4539236333": [["792712542", 52.32945, 10.4537899], ["769172862", 52.32954, 10.45433]], "52.3296015803,10.4531518277": [["792712542", 52.32945, 10.4537899], ["792712542", 52.32967, 10.45249], ["769172862", 52.32986, 10.4526]], "52.3297904246,10.4519049358": [["792712542", 52.32984, 10.45151], ["792712542", 52.32967, 10.45249], ["769172862", 52.32986, 10.4526]], "52.3296207748,10.4530748818": [["792712542", 52.32945, 10.4537899], ["792712542", 52.32967, 10.45249], ["769172862", 52.32986, 10.4526]], "52.3297271412,10.4524399526": [["792712542", 52.32984, 10.45151], ["792712542", 52.32967, 10.45249], ["769172862", 52.32986, 10.4526]], "52.3295117263,10.4536666442": [["792712542", 52.32945, 10.4537899], ["769172862", 52.32954, 10.45433]]}}