{"128242": {"51.8493438419,10.327955531": [], "51.8491106573,10.3551324271": [], "51.8486443721,10.3595069423": [], "51.8490458652,10.3605481423": [], "51.8454200216,10.3323706985": [], "51.8486286979,10.3540327214": [], "51.8456649408,10.3419270739": [], "51.8456562236,10.3312605992": [], "51.8470890261,10.3515661787": [], "51.84951609,10.3618498519": [], "51.8492920417,10.3576089442": [], "51.8468214758,10.3510638513": [], "51.8459692877,10.3308061324": [], "51.8456193432,10.3378648683": [], "51.8490901217,10.329195885": [], "51.8443881255,10.3346850257": [], "51.8462669291,10.3305632249": [], "51.8444575276,10.3339917585": [], "51.8462197389,10.3484874219": [], "51.8497870769,10.3566477913": [], "51.8454547226,10.3452166356": [], "51.844889028,10.3330675699": [], "51.8455447443,10.3429291304": [], "51.8445109203,10.3361213487": [["80729674", 51.84451, 10.33606]], "51.8470709212,10.3304244205": [], "51.8483167235,10.3294475935": [], "51.8457400426,10.3469712194": [], "51.8480597343,10.3531719837": [], "51.8466635607,10.3500451986": [], "51.8465955835,10.3309519775": [], "51.8489088211,10.3295450751": [], "51.8453697301,10.3442861605": [], "51.8479966186,10.3302723728": [], "51.8476177566,10.3522502258": []}, "128241": {"51.8551504891,10.335922949": [], "51.861982746,10.338410195": [["79813149", 51.86204, 10.33833]], "51.860478865,10.3386446368": [], "51.8609469943,10.3383829538": [], "51.8609732296,10.3384760767": [], "51.8606521189,10.3379189316": [], "51.8567914981,10.3376713302": [], "51.8593265209,10.3378019203": [], "51.8598439358,10.3388734628": [], "51.8610351719,10.3381241206": [["539292571", 51.8609499, 10.3380799]], "51.8609079346,10.3385270387": [], "51.8608578946,10.3383324947": [["586526032", 51.8609499, 10.33827], ["539292577", 51.8609499, 10.33827], ["79813161", 51.8609499, 10.33827]], "51.8547644187,10.3351098206": [], "51.8598080613,10.338883521": [], "51.8610644247,10.3381370287": [], "51.8618180417,10.3384786751": [], "51.8598217238,10.3388764802": [], "51.8598559219,10.3380165808": [], "51.860730825,10.3383101989": [], "51.8610918336,10.3381643537": [], "51.8598796427,10.3389070742": [], "51.8598362245,10.3388915677": [], "51.8609375227,10.3387253545": [["79813161", 51.8610099, 10.3387399], ["79813161", 51.8610099, 10.3387399]], "51.86088413,10.3381658625": [["539292571", 51.8609499, 10.3380799]], "51.8608333357,10.3385320678": [], "51.8609284703,10.3383233584": [["79813161", 51.8609499, 10.33827], ["586526032", 51.8609499, 10.33827], ["539292577", 51.8609499, 10.33827]], "51.8608097825,10.3383084387": [], "51.8607420567,10.3383116238": [], "51.860452462,10.3381529544": [["586526032", 51.8604199, 10.33824]], "51.8616227433,10.3384395316": [], "51.8608746585,10.3381234501": [["539292571", 51.8609499, 10.3380799]], "51.8612233456,10.3383618314": [["539292570", 51.86119, 10.3382799], ["79813149", 51.86119, 10.3382799], ["539292577", 51.86119, 10.3382799]], "51.8607733212,10.3385675233": [], "51.8599514756,10.3388581239": [], "51.8599535711,10.3388591297": [], "51.8606179208,10.3380955383": [], "51.855622977,10.336535247": [], "51.860942049,10.3383103665": [["79813161", 51.8609499, 10.33827], ["586526032", 51.8609499, 10.33827], ["539292577", 51.8609499, 10.33827]], "51.8600589316,10.3387519252": [], "51.8599118292,10.3388803359": [], "51.8586154841,10.3383873962": [], "51.8598583527,10.338883521": [], "51.8598198798,10.3388729598": [], "51.8598320335,10.338872876": [], "51.8559483625,10.3370144404": [], "51.8566147238,10.3374705836": [], "51.8602392264,10.3379160818": [], "51.8613509182,10.338280946": [["79813149", 51.8614, 10.3383199], ["79813149", 51.8614, 10.3383199]], "51.8602527212,10.338726528": [], "51.8607639335,10.3383411281": [], "51.8604775239,10.3379347734": [], "51.8612163886,10.3381080274": [], "51.8607166596,10.3378858231": [], "51.8607741594,10.3384123743": [], "51.8599553313,10.3388929926": [], "51.8578615319,10.3383127972": [], "51.8611756526,10.3381182533": [], "51.8607249577,10.3382887412": [], "51.8598089833,10.3388589621": []}}