{"802282": {"52.3193504289,10.4963632207": [], "52.3190079443,10.497413557": [], "52.3182811495,10.498591885": [], "52.3188380431,10.4981294554": [], "52.3186215386,10.4995338432": [], "52.318612067,10.4995731544": [], "52.3185808863,10.4995710589": [], "52.3194352537,10.495669283": [], "52.3190651927,10.4973232839": [], "52.3193447292,10.4964590259": [], "52.3186076246,10.4994663689": [], "52.3186730873,10.4991502874": [], "52.3191329185,10.4972244613": [], "52.3185651284,10.499571478": [], "52.3187293299,10.4983818345": [], "52.3192159832,10.4970326833": [], "52.3189225327,10.4979573749": [["51805774", 52.3190094, 10.4978786]], "52.3186118994,10.4995738249": [], "52.3185415752,10.4995780997": [], "52.3185338639,10.4995015729": [], "52.3186656274,10.499250032": [], "52.3186030984,10.4995488469": [], "52.3193659354,10.4961353168": [], "52.3194598965,10.4956833646": [], "52.318668142,10.4995116312": [], "52.3189271428,10.497818822": [["51805774", 52.3190094, 10.4978786]], "52.3187180981,10.4991874192": [], "52.3189537972,10.4976774193": [], "52.3193644267,10.4962771386": [], "52.3185237218,10.4995367769": [], "52.3188703973,10.4980475642": [], "52.3194312304,10.4958891403": [["51805774", 52.3194777, 10.4959099]], "52.3186684772,10.4991457611": [], "52.3195465654,10.4957271181": [], "52.318672752,10.4991635308": [], "52.3187212832,10.4987556674": [], "52.3194473237,10.4956722166": [], "52.3185905255,10.4995709751": [], "52.3191797733,10.4971332662": [], "52.3193239421,10.4967143387": [], "52.318643583,10.4995100386": [], "52.318669986,10.4991456773": [], "52.3186714947,10.4991455935": [], "52.3186941259,10.4991732538": [], "52.3186729196,10.4991468508": [], "52.3186762724,10.4990015924": [], "52.3187928647,10.4982530884": [], "52.3185373843,10.4995620903": [], "52.3186710756,10.4991454259": [], "52.3185999971,10.4995576479": [], "52.3186860792,10.4991553165": [], "52.3189718183,10.4975449853": [], "52.3186553176,10.4987532366": [], "52.3186689802,10.4991464317": [], "52.3192524444,10.4968511313": [], "52.3186206166,10.4995407164": [], "52.319452269,10.4956983682": [], "52.3193416279,10.4965885263": [], "52.3187197745,10.4988268297": [], "52.3181562591,10.4986281786": [], "52.319407342,10.4960205685": [], "52.3194293864,10.4959456343": [["51805774", 52.3194777, 10.4959099]]}, "802281": {"52.3181210551,10.501674749": [], "52.3183884379,10.5003074929": [["572247781", 52.31845, 10.50023], ["792712550", 52.31845, 10.50023], ["586484852", 52.31845, 10.50023]], "52.3182436824,10.5007403344": [], "52.3183502164,10.5008428451": [], "52.3178054765,10.5029145163": [], "52.3177842703,10.5030236486": [], "52.3181327898,10.5014737509": [], "52.3181880265,10.5012481939": [], "52.3178795725,10.5025808327": [], "52.3180116713,10.5020250287": [], "52.3182479572,10.5006771348": [], "52.3182807304,10.500811832": [], "52.3183294293,10.5004450399": [], "52.318280898,10.500997575": [], "52.318295734,10.5005292781": [], "52.3177249264,10.5034001637": [], "52.31795853,10.5023454688": [], "52.3183191195,10.5004523322": [], "52.3183745239,10.5003598798": [], "52.3183708359,10.4998555407": [], "52.3181518167,10.5013695639": [], "52.3183092289,10.5008403305": [], "52.3187487759,10.4997176584": [], "52.3179919738,10.5022198241": [], "52.3181330413,10.5015502777": [], "52.3180742841,10.5018734839": [], "52.3183629569,10.5004415195": [], "52.3178207316,10.5028036237": [], "52.3183802236,10.5004188884": [], "52.3183781281,10.5003761407": [], "52.3182422575,10.5011711642": [], "52.3181984201,10.5012518819": [], "52.3180874437,10.5017878208": [], "52.3183097318,10.5008526519": [], "52.3183334526,10.5004589539": [], "52.317910837,10.5024804175": [], "52.3183755297,10.5002703611": [["792712550", 52.31845, 10.50023], ["586484852", 52.31845, 10.50023], ["572247781", 52.31845, 10.50023]], "52.3188297451,10.4995730706": [], "52.3183863424,10.5003275257": [["572247781", 52.31845, 10.50023], ["792712550", 52.31845, 10.50023], ["586484852", 52.31845, 10.50023]], "52.3178553488,10.502655264": [], "52.3182425927,10.5007111654": [], "52.3180176225,10.5021371786": [], "52.3183337878,10.5004453752": [], "52.3187844828,10.4998224322": [], "52.3183296807,10.5004398432": []}}