{"135336": {"52.1161613613,9.99058309011": [], "52.1159628779,9.99103294685": [], "52.1162221301,9.99048309401": [], "52.1162213758,9.99047496356": [], "52.1161588468,9.99058342539": [], "52.1161626186,9.99058292247": [], "52.1161563322,9.99058275484": [], "52.1161593497,9.99058367684": [], "52.1162220463,9.99048242345": [], "52.1157123428,9.99145883135": [], "52.1155090816,9.99178513885": [], "52.1162221301,9.99047831632": [], "52.1162227169,9.99048359692": [], "52.1162224654,9.99048108235": [], "52.1158070583,9.99263967387": [], "52.1162258182,9.99047311954": [], "52.1161638759,9.99058535323": [], "52.1162291709,9.99047152698": [], "52.1161584277,9.99058325775": [], "52.1162261534,9.99047286808": [], "52.1161807235,9.99057278037": [], "52.1161590982,9.99058074318": [], "52.116223136,9.99048309401": [], "52.115446385,9.99228402972": [], "52.1161557455,9.99057387002": [], "52.1161745209,9.99057973735": [], "52.1162194479,9.99047018588": [], "52.1161584277,9.99043866992": [], "52.1162227169,9.99048317783": [], "52.116163373,9.99302918091": [], "52.1161599364,9.99058032408": [], "52.1161724254,9.99058074318": [], "52.1161669772,9.99058409594": [], "52.1162263211,9.9904768914": [], "52.1153573692,9.99208604917": [["51901825", 52.1153799, 9.9921499], ["51901826", 52.1153799, 9.9921499]], "52.1162222978,9.99048326164": [], "52.116223136,9.99048292637": [], "52.116223136,9.99049172737": [], "52.1161581762,9.99058417976": [], "52.1161786281,9.99057387002": [], "52.1161605231,9.99058283865": [], "52.1162245609,9.99047303572": [], "52.1161567513,9.99070177786": []}, "135337": {"52.113508489,10.0010315515": [["51901939", 52.11345, 10.00099], ["51901939", 52.11359, 10.00109], ["51901939", 52.11345, 10.00099]], "52.1135745384,10.000970196": [], "52.1135642286,10.0009795837": [], "52.1134734526,10.0010092556": [["51901939", 52.11345, 10.00099], ["51901939", 52.11345, 10.00099]], "52.1132375859,10.0007514283": [], "52.1144163329,9.99931133352": [], "52.1134948265,10.001017889": [["51901939", 52.11345, 10.00099], ["51901939", 52.11359, 10.00109], ["51901939", 52.11345, 10.00099]], "52.1132996958,10.0005776715": [], "52.1135520749,10.0009847805": [], "52.1135232411,10.0009607244": [["51901939", 52.11345, 10.00099], ["51901939", 52.11345, 10.00099]], "52.1149475779,9.99751467258": [], "52.1136095747,10.0009479839": [], "52.1134974249,10.0010306295": [["51901939", 52.11359, 10.00109], ["51901939", 52.11345, 10.00099], ["51901939", 52.11345, 10.00099]], "52.1149502601,9.99752062373": [], "52.1133119334,10.0008746423": [["51901939", 52.11323, 10.0008], ["51901939", 52.1133099, 10.00089]], "52.1149000525,9.99754836783": [], "52.113541849,10.0009767339": [["51901939", 52.11345, 10.00099], ["51901939", 52.11345, 10.00099]], "52.1135223191,10.0010145362": [["51901939", 52.11345, 10.00099], ["51901939", 52.11359, 10.00109], ["51901939", 52.11345, 10.00099]], "52.1133902203,10.0003538746": [], "52.1135477163,10.0009848643": [["51901939", 52.11345, 10.00099], ["51901939", 52.11345, 10.00099]], "52.1135333832,10.0009810925": [["51901939", 52.11345, 10.00099], ["51901939", 52.11345, 10.00099]], "52.1148239449,9.99789982103": [["51901881", 52.11476, 9.99797]], "52.1135526616,10.00098872": [], "52.113606222,10.0009508338": [], "52.1135247499,10.0010121893": [["51901939", 52.11345, 10.00099], ["51901939", 52.11359, 10.00109], ["51901939", 52.11345, 10.00099]], "52.1136053838,10.0009492412": [], "52.1135012805,10.0010052323": [["51901939", 52.11345, 10.00099], ["51901939", 52.11359, 10.00109], ["51901939", 52.11345, 10.00099]], "52.1135591995,10.0009759795": [], "52.113486696,10.0010298751": [["51901939", 52.11345, 10.00099], ["51901939", 52.11345, 10.00099]], "52.1135238279,10.000997521": [["51901939", 52.11345, 10.00099], ["51901939", 52.11359, 10.00109], ["51901939", 52.11345, 10.00099]], "52.1148131322,9.9978155829": [], "52.1135026217,10.0010177214": [["51901939", 52.11345, 10.00099], ["51901939", 52.11359, 10.00109], ["51901939", 52.11345, 10.00099]], "52.1145684645,9.9987457227": [], "52.1135331318,10.0009976886": [["51901939", 52.11345, 10.00099], ["51901939", 52.11359, 10.00109], ["51901939", 52.11345, 10.00099]], "52.1149623301,9.99752749689": [], "52.1134674177,10.0001961272": [], "52.1149148885,9.99769832008": [], "52.1134886239,10.0010338984": [["51901939", 52.11345, 10.00099], ["51901939", 52.11345, 10.00099]], "52.1135059744,10.0010262709": [["51901939", 52.11345, 10.00099], ["51901939", 52.11359, 10.00109], ["51901939", 52.11345, 10.00099]], "52.113520056,10.0000689737": [["51901926", 52.11356, 10.0]], "52.1134914737,10.0010371674": [["51901939", 52.11359, 10.00109], ["51901939", 52.11345, 10.00099], ["51901939", 52.11345, 10.00099]], "52.1141102258,10.0000437442": [["51901906", 52.11421, 10.00003]], "52.1147018205,9.9981846381": [], "52.1134961676,10.0010232534": [["51901939", 52.11359, 10.00109], ["51901939", 52.11345, 10.00099], ["51901939", 52.11345, 10.00099]], "52.11387394,9.99999814667": [], "52.1149608213,9.9975460209": [], "52.1135653183,10.0009760633": [], "52.1138041187,10.0001118891": [], "52.1135837585,10.0009700283": [], "52.1133220755,10.000933148": [["51901939", 52.1133099, 10.00089]], "52.1135104168,10.0009902287": [["51901939", 52.11345, 10.00099], ["51901939", 52.11359, 10.00109], ["51901939", 52.11345, 10.00099]], "52.1135399211,10.0009934977": [["51901939", 52.11345, 10.00099], ["51901939", 52.11359, 10.00109], ["51901939", 52.11345, 10.00099]], "52.1135302819,10.0009967666": [["51901939", 52.11345, 10.00099], ["51901939", 52.11359, 10.00109], ["51901939", 52.11345, 10.00099]], "52.1145571489,9.99874647707": [], "52.1142438333,9.99984006397": [], "52.1135055553,10.0010172185": [["51901939", 52.11345, 10.00099], ["51901939", 52.11359, 10.00109], ["51901939", 52.11345, 10.00099]], "52.1134998556,10.0010204874": [["51901939", 52.11345, 10.00099], ["51901939", 52.11359, 10.00109], ["51901939", 52.11345, 10.00099]], "52.1136069763,9.99993762933": [], "52.1135249175,10.0010027178": [["51901939", 52.11345, 10.00099], ["51901939", 52.11359, 10.00109], ["51901939", 52.11345, 10.00099]], "52.1147103701,9.99830726534": [], "52.113488121,10.0009972695": [["51901939", 52.11345, 10.00099], ["51901939", 52.11345, 10.00099]], "52.1135470457,10.0009916537": [["51901939", 52.11345, 10.00099], ["51901939", 52.11359, 10.00109], ["51901939", 52.11345, 10.00099]]}, "170980": {"53.425564589,10.0344118942": [["792888029", 53.42557, 10.03434]], "53.4171023872,10.0306153949": [], "53.4244878497,10.0339776278": [["792888029", 53.42457, 10.03392]], "53.4124775883,10.029469924": [], "53.4231155645,10.0331442989": [["792490810", 53.42313, 10.0332099]], "53.4187217709,10.0311045628": [], "53.430184694,10.0341028534": [], "53.4107861202,10.029051248": [], "53.4270643629,10.0347465836": [], "53.4141271468,10.0298522227": [], "53.42161512,10.0324538816": [["792490810", 53.4217098, 10.0325099]], "53.4087322187,10.0285421312": [], "53.4052925371,10.0276808906": [], "53.4156429302,10.0302092917": [], "53.4285960719,10.034642145": [], "53.420182988,10.0317232311": [["792490810", 53.42022, 10.0317699]], "53.4070159402,10.0281140674": []}, "136356": {"51.8217758462,8.51608922705": [], "51.8206469715,8.51519077085": [], "51.8223903235,8.51650262251": [["74890330", 51.82236, 8.51649], ["74890330", 51.8224, 8.51643], ["74889995", 51.8224, 8.51643]], "51.8222024851,8.51651142351": [], "51.8186835945,8.51395863108": [["74890332", 51.81862, 8.51389]], "51.8225884717,8.51668233052": [], "51.823022319,8.51717744954": [], "51.8194969743,8.51493151858": [], "51.8212469481,8.51558757015": [], "51.8243788462,8.51842517965": [], "51.8237130716,8.51792762987": [["587022104", 51.8237299, 8.5178799]], "51.8190498836,8.51455156691": [["74890332", 51.81899, 8.5144999]], "51.8200313207,8.5150672216": []}}