{"109302": {"52.4101538491,9.78532335721": [], "52.4125574436,9.78159558959": [["51909876", 52.41265, 9.78152], ["51909727", 52.41265, 9.78152], ["51909735", 52.41265, 9.78152]], "52.4125163723,9.78160422295": [], "52.4124919809,9.78128713556": [], "52.412535483,9.78160648607": [], "52.4107829947,9.78151805699": [], "52.4125817511,9.78160313331": [["51909876", 52.41265, 9.78152], ["51909727", 52.41265, 9.78152], ["51909735", 52.41265, 9.78152]], "52.412550319,9.7816057317": [["51909876", 52.41265, 9.78152], ["51909727", 52.41265, 9.78152], ["51909735", 52.41265, 9.78152]], "52.410152927,9.78425567038": [["51910181", 52.4101999, 9.78428]], "52.4105783924,9.79116537608": [], "52.4107854255,9.79189577512": [["51910134", 52.4108599, 9.7919499]], "52.4103585351,9.79038066231": [], "52.4101348221,9.7875421308": [], "52.410969073,9.79254445061": [], "52.4126076512,9.78139626794": [], "52.4113776907,9.7815172188": [["51910011", 52.4113, 9.78146]], "52.4101911485,9.78211652488": [], "52.4101914,9.78213898838": [], "52.4126325455,9.781420324": [["51909735", 52.41265, 9.78152], ["51909727", 52.41265, 9.78152], ["51909876", 52.41265, 9.78152]], "52.4125619698,9.78146818466": [["51909727", 52.41265, 9.78152], ["51909876", 52.41265, 9.78152], ["51909735", 52.41265, 9.78152]], "52.4125276878,9.78160606697": [], "52.4123516679,9.78155393153": [], "52.4125013687,9.7815361619": [], "52.4101576209,9.78958781809": [["51910170", 52.4101999, 9.7896099]], "52.4125207309,9.78131035343": [], "52.410147395,9.78640009649": [["586482498", 52.4101999, 9.7864299]], "52.4125492293,9.78160237893": [], "52.4101889692,9.78181293234": [], "52.4101576209,9.7832520213": [], "52.4125398416,9.78160237893": [], "52.4124994408,9.78150263429": [], "52.4113226216,9.79379142635": [], "52.4125224911,9.7815916501": [], "52.4119649269,9.78153532371": [["51909876", 52.412, 9.78149]], "52.4124869518,9.78130012751": [], "52.4111510441,9.79318197817": [["51910049", 52.41118, 9.7930899]], "52.4101192318,9.78863135912": [], "52.4103399273,9.78150925599": [], "52.410180755,9.78259203024": [], "52.4101900589,9.78221165948": []}, "109301": {"52.4126601219,9.7814894747": [["51909735", 52.41265, 9.78152], ["51909876", 52.41265, 9.78152], ["51909727", 52.41265, 9.78152]], "52.4126024544,9.78151068091": [["51909727", 52.41265, 9.78152], ["51909876", 52.41265, 9.78152], ["51909735", 52.41265, 9.78152]], "52.4124711938,9.78140255436": [], "52.4125937372,9.78152233176": [["51909876", 52.41265, 9.78152], ["51909727", 52.41265, 9.78152], ["51909735", 52.41265, 9.78152]], "52.4125750456,9.78157036006": [["51909876", 52.41265, 9.78152], ["51909727", 52.41265, 9.78152], ["51909735", 52.41265, 9.78152]], "52.412703624,9.781483775": [["51909876", 52.41265, 9.78152], ["51909727", 52.41265, 9.78152], ["51909735", 52.41265, 9.78152]], "52.4124477245,9.78137229569": [], "52.4126078188,9.78148754686": [["51909727", 52.41265, 9.78152], ["51909876", 52.41265, 9.78152], ["51909735", 52.41265, 9.78152]], "52.4124770612,9.78135528043": [], "52.412648974,9.78151889518": [["51909727", 52.41265, 9.78152], ["51909876", 52.41265, 9.78152], ["51909735", 52.41265, 9.78152]], "52.4125208985,9.7813802585": [], "52.4125243351,9.78162266314": [], "52.4123523384,9.78149886243": [], "52.4124177173,9.78133055381": [], "52.4126638938,9.78152803145": [["51909727", 52.41265, 9.78152], ["51909876", 52.41265, 9.78152], ["51909735", 52.41265, 9.78152]], "52.4123269413,9.78138713166": [], "52.4126988463,9.78149592876": [["51909876", 52.41265, 9.78152], ["51909735", 52.41265, 9.78152]], "52.4125170428,9.78146541864": [], "52.4125000276,9.78162635118": []}}