{"152850": {"53.0603748746,8.7918622233": [], "53.058133889,8.79489915445": [], "53.0589850713,8.79377254285": [], "53.0701860599,8.7843236234": [], "53.072567191,8.78839035518": [], "53.0661499221,8.78344737925": [], "53.0648707598,8.78540606238": [], "53.0666291993,8.7827742286": [["586532429", 53.0665699, 8.78277], ["51881453", 53.0665699, 8.78277], ["51881455", 53.0665699, 8.78277]], "53.0678804498,8.78079844639": [], "53.0725809373,8.78839697689": [], "53.0671532359,8.78194131888": [["51881687", 53.06709, 8.7819899]], "53.0666451249,8.78273231909": [["51881453", 53.0665699, 8.78277], ["51881455", 53.0665699, 8.78277], ["586532429", 53.0665699, 8.78277]], "53.0668355618,8.78244247288": [], "53.0666518304,8.78272184171": [["51881453", 53.0665699, 8.78277], ["51881455", 53.0665699, 8.78277], ["586532429", 53.0665699, 8.78277]], "53.0626526568,8.7887374498": [], "53.0608326942,8.79120818339": [], "53.0725862179,8.78839907236": [], "53.0613074452,8.79055012017": [], "53.0626491364,8.78870911896": [], "53.062662296,8.78866662271": [], "53.069214765,8.78264271654": [], "53.065730324,8.78408172168": [], "53.0560627207,8.79800414667": [], "53.0560669955,8.79835652187": [], "53.0705093499,8.78490624949": [], "53.0698241293,8.78370202146": [], "53.0622516666,8.78926928155": [], "53.0563983321,8.79903461784": [["51881853", 53.0564599, 8.7991299]], "53.0594281387,8.79313392565": [], "53.0599233415,8.79246412776": [], "53.0628214683,8.7883754354": [], "53.0563391559,8.79753258079": [], "53.0631071236,8.7879270874": [], "53.0666463822,8.78273625858": [["51881453", 53.0665699, 8.78277], ["51881455", 53.0665699, 8.78277], ["586532429", 53.0665699, 8.78277]], "53.0720899254,8.78756373189": [], "53.0664314702,8.7830604706": [], "53.0675405636,8.78133287653": [["51881648", 53.0675358, 8.7812965]], "53.0639903247,8.78666896373": [], "53.0707681831,8.7853612192": [], "53.0725520197,8.78838339821": [], "53.0626472924,8.78870325163": [], "53.0625648983,8.78885848448": [], "53.071368495,8.78633301705": [], "53.0617622472,8.78990689293": [], "53.0666454602,8.78273366019": [["51881453", 53.0665699, 8.78277], ["51881455", 53.0665699, 8.78277], ["586532429", 53.0665699, 8.78277]], "53.0688682571,8.78205112182": [], "53.0576695316,8.79554782994": [], "53.063481627,8.78739123233": [], "53.0644465517,8.78603587858": [], "53.0709941592,8.78570864908": [["572236547", 53.07096, 8.78565], ["572236547", 53.07099, 8.78568], ["51883123", 53.07096, 8.78565], ["51883130", 53.07108, 8.78565]], "53.0571853928,8.79620002583": [], "53.0685286224,8.78147033975": [], "53.0724479165,8.78819413483": [], "53.0585458595,8.79433547147": [], "53.0666453764,8.78273257054": [["51881453", 53.0665699, 8.78277], ["51881455", 53.0665699, 8.78277], ["586532429", 53.0665699, 8.78277]], "53.0561693385,8.79856875166": [], "53.0717263184,8.78694472834": [], "53.0567541439,8.79685683176": [["762732458", 53.05671, 8.7967999]], "53.0653159227,8.78472872078": [["51881465", 53.0652299, 8.78474]], "53.0682491697,8.78099533729": [], "53.0695070419,8.78317262046": [], "53.0680681206,8.78068428487": []}, "196510": {"50.6661309209,9.67653161846": [["792588898", 50.6661899, 9.67645]], "50.6581775844,9.67771656811": [], "50.6468188483,9.68254094012": [], "50.6456104293,9.6826879587": [], "50.6646640878,9.67650194652": [], "50.638865428,9.68102943152": [], "50.661961427,9.67673663981": [], "50.6594392285,9.67730635777": [], "50.6422489509,9.68237472698": [], "50.6411478203,9.68207012862": [["772016107", 50.64112, 9.6821499]], "50.6366361771,9.67951322906": [], "50.6543125212,9.67948934063": [], "50.6555716507,9.67887251638": [], "50.6632677466,9.67658492737": [["52523012", 50.66322, 9.6765299]], "50.6400206219,9.68163234182": [], "50.6377083901,9.6802920755": [], "50.6530584209,9.68013851903": [], "50.6568621285,9.67826742679": [], "50.6480337214,9.68230297789": [], "50.6492535397,9.68190986663": [], "50.6675904617,9.67669322155": [["792588899", 50.66759, 9.6765999]], "50.6606783252,9.67696622014": [], "50.6505164411,9.68139152974": [], "50.6433343235,9.68256658874": [], "50.6444513798,9.68268762343": [], "50.6518001296,9.68079029582": []}}