{"163981": {"52.9066949431,8.79856204614": [["554750112", 52.9066199, 8.7985999]], "52.9121417552,8.7924197875": [["792796534", 52.91212, 8.79234], ["792796534", 52.91214, 8.7924999]], "52.9196567181,8.76987154596": [], "52.9207626265,8.78089793958": [["79912233", 52.92079, 8.78098], ["51735043", 52.92079, 8.78098], ["79772449", 52.92079, 8.78098]], "52.9203156196,8.77689667046": [], "52.9119608738,8.79055372439": [], "52.92179754,8.76308589242": [], "52.9204503167,8.76733727753": [], "52.9195012338,8.78029502928": [], "52.9200826865,8.76862582751": [], "52.9207751993,8.78091059625": [["79912233", 52.92079, 8.78098], ["51735043", 52.92079, 8.78098], ["79772449", 52.92079, 8.78098]], "52.9206805676,8.77966093831": [], "52.9205082357,8.7783462368": [], "52.9065396264,8.7979840301": [], "52.9121030308,8.79163473845": [], "52.9072071612,8.79651317373": [], "52.9076008592,8.7956291344": [["766772461", 52.90755, 8.79569]], "52.9207758699,8.78091679886": [["79912233", 52.92079, 8.78098], ["51735043", 52.92079, 8.78098], ["79772449", 52.92079, 8.78098]], "52.9198075924,8.77442685887": [], "52.9106544703,8.79305706359": [], "52.9130656924,8.78670902923": [], "52.9221994523,8.76183489338": [], "52.9193156585,8.77198328264": [["79912233", 52.91937, 8.7720499]], "52.9080077168,8.79468826577": [], "52.9152229428,8.78290959634": [], "52.9118090775,8.79259211943": [], "52.9068354238,8.79734138958": [], "52.9207745288,8.78090363927": [["79912233", 52.92079, 8.78098], ["51735043", 52.92079, 8.78098], ["79772449", 52.92079, 8.78098]], "52.9207589384,8.78090229817": [["51735043", 52.92079, 8.78098], ["79772449", 52.92079, 8.78098], ["79912233", 52.92079, 8.78098]], "52.909973776,8.79335252568": [], "52.9165913723,8.78054162487": [["783892876", 52.9164999, 8.7806099]], "52.9118205607,8.78950959072": [], "52.9207615368,8.78088712692": [["79912233", 52.92079, 8.78098], ["51735043", 52.92079, 8.78098], ["79772449", 52.92079, 8.78098]], "52.9228870198,8.75968636014": [], "52.9125095531,8.78774436191": [], "52.9207740258,8.78089793958": [["79912233", 52.92079, 8.78098], ["51735043", 52.92079, 8.78098], ["79772449", 52.92079, 8.78098]], "52.9207737744,8.78089542501": [["79912233", 52.92079, 8.78098], ["51735043", 52.92079, 8.78098], ["79772449", 52.92079, 8.78098]], "52.9120989237,8.78848222084": [], "52.9112733901,8.79275405779": [], "52.9207751993,8.78058562987": [], "52.9201516695,8.78064002842": [], "52.9119325429,8.78875723109": [], "52.9225786496,8.76065103337": [], "52.9064478446,8.79821302369": [], "52.9209530633,8.76574798487": [], "52.9092230927,8.79344447516": [], "52.9193189275,8.77093319781": [], "52.913738424,8.78552885726": [], "52.9085025843,8.79376692697": [], "52.91732613,8.77949556336": [], "52.920101881,8.77556922846": [], "52.9187290929,8.77990568988": [], "52.9205991793,8.78087019548": [], "52.9118285235,8.78891036846": [["792796531", 52.91186, 8.78897], ["792796531", 52.91186, 8.78897]], "52.9213821329,8.76438885927": [], "52.9207741935,8.78092031926": [["79912233", 52.92079, 8.78098], ["51735043", 52.92079, 8.78098], ["79772449", 52.92079, 8.78098]], "52.9207069706,8.78080372699": [], "52.9207377322,8.78085569479": [], "52.9195084423,8.77321181819": [], "52.915906487,8.78171123564": [["783892876", 52.9159099, 8.78165]], "52.9144856706,8.78420233727": [], "52.917927783,8.77953018062": []}, "170911": {"52.359975921,9.68538869172": [], "52.3592790496,9.67785109766": [["51926777", 52.35935, 9.6778199], ["51925658", 52.35922, 9.67779], ["51925657", 52.35922, 9.67779], ["51925653", 52.35935, 9.6778199]], "52.3616431654,9.69409765676": [], "52.3616066203,9.69409572892": [], "52.3580476642,9.66833193786": [], "52.36073507,9.68987963162": [], "52.3570712563,9.66194719076": [], "52.3598500248,9.6831992548": [], "52.3593560793,9.67793642543": [], "52.3572130781,9.66288336553": [], "52.3583830241,9.67164069414": [], "52.3592937179,9.67783726752": [["51926777", 52.35935, 9.6778199], ["51925658", 52.35922, 9.67779], ["51925653", 52.35935, 9.6778199], ["51925657", 52.35922, 9.67779]], "52.3582235165,9.67025734484": [], "52.3585343175,9.67547717504": [], "52.3593819793,9.67792955227": [], "52.3579691257,9.66767203063": [], "52.3591685761,9.67771086842": [["51925657", 52.35922, 9.67779], ["51925658", 52.35922, 9.67779]], "52.3583991174,9.67124464922": [], "52.3610925581,9.69268949702": [], "52.3590540793,9.67691894621": [], "52.3583517596,9.67082857154": [], "52.3592643812,9.67784129083": [["51926777", 52.35935, 9.6778199], ["51925658", 52.35922, 9.67779], ["51925657", 52.35922, 9.67779], ["51925653", 52.35935, 9.6778199]], "52.3582162242,9.67391369864": [], "52.3569150176,9.66108653694": [], "52.3580276314,9.67260402627": [], "52.3609016184,9.69178425148": [], "52.357793441,9.66635942459": [], "52.3603775818,9.68827173114": [], "52.3610601202,9.69083969481": [], "52.3596451711,9.68053154647": [], "52.3593050335,9.67782913707": [["51926777", 52.35935, 9.6778199], ["51925658", 52.35922, 9.67779], ["51925653", 52.35935, 9.6778199], ["51925657", 52.35922, 9.67779]], "52.3592172749,9.67786299996": [["51925657", 52.35922, 9.67779], ["51925658", 52.35922, 9.67779]], "52.3616155889,9.69409732148": [], "52.3599347658,9.6841408778": [], "52.3574593384,9.66418339871": [], "52.3576726578,9.66549122706": [], "52.3616524693,9.69418692403": [], "52.3595498689,9.67918474227": [], "52.3601344228,9.68668369576": [], "52.3593201209,9.67786115594": [["51926777", 52.35935, 9.6778199], ["51925653", 52.35935, 9.6778199]], "52.3581133783,9.66904255562": [], "52.3592847493,9.67785168439": [["51926777", 52.35935, 9.6778199], ["51925658", 52.35922, 9.67779], ["51925657", 52.35922, 9.67779], ["51925653", 52.35935, 9.6778199]], "52.3616760224,9.69471414573": [], "52.3612446897,9.69383069314": [["51918400", 52.36115, 9.69392], ["718071575", 52.36115, 9.69392], ["51918312", 52.36115, 9.69392], ["51918196", 52.36115, 9.69392]], "52.3575613461,9.66479963623": [], "52.3588588648,9.67638133094": [], "52.3593071289,9.67784464359": [["51926777", 52.35935, 9.6778199], ["51925658", 52.35922, 9.67779], ["51925653", 52.35935, 9.6778199], ["51925657", 52.35922, 9.67779]], "52.3615396488,9.69409883022": [], "52.3593666404,9.67794614844": [], "52.3614191171,9.69401123933": [], "52.3597868253,9.68188078143": [], "52.3573652934,9.66363396496": [["586508091", 52.3574, 9.66371], ["51918767", 52.3574, 9.66371], ["51918902", 52.3574, 9.66371], ["51918768", 52.3574, 9.66371]], "52.3579040822,9.66705168597": [], "52.359176958,9.67785646208": [["51925658", 52.35922, 9.67779], ["51925657", 52.35922, 9.67779]], "52.3581548687,9.66960037127": [], "52.3594460171,9.67792653479": [["51925652", 52.35954, 9.67799]], "52.3594196979,9.67794656754": [], "52.3591791373,9.67788278125": [["51925657", 52.35922, 9.67779], ["51925658", 52.35922, 9.67779]], "52.3595647886,9.67812594026": [["51925652", 52.3594899, 9.6780699]], "52.3592370562,9.67781027779": [["51925658", 52.35922, 9.67779], ["51925657", 52.35922, 9.67779]]}}