{"338564": {"53.0546226259,8.89458102174": [], "53.0598015524,8.89417835511": [], "53.0544708297,8.89466467313": [], "53.054657327,8.89457255602": [], "53.0549032521,8.89485603198": [], "53.0549178366,8.89482166618": [], "53.0545051955,8.89466743916": [], "53.0599390995,8.8937585894": [], "53.0583304446,8.89709584415": [], "53.0597362574,8.89421649277": [], "53.0546804611,8.89432235621": [], "53.0574722216,8.89644691721": [], "53.0585116614,8.8970762305": [], "53.0585986655,8.89693499543": [], "53.0598182324,8.89422839507": [], "53.0548911821,8.89488528483": [], "53.0594802741,8.89508033171": [], "53.0588160921,8.89674095437": [["51872312", 53.05875, 8.89673], ["51872313", 53.05875, 8.89673]], "53.0597302224,8.89422562905": [], "53.0616100319,8.88976637274": [], "53.0563424248,8.89561031945": [], "53.0592492688,8.89588071965": [], "53.0599226709,8.89405346476": [], "53.0545705743,8.89452276751": [], "53.0585084762,8.8973598741": [], "53.0546407308,8.89438119717": [], "53.0597122852,8.89431841671": [], "53.0611547269,8.89057623222": [], "53.055088995,8.89501822181": [], "53.058971744,8.89650039375": [], "53.0614324193,8.88956772164": [], "53.05984254,8.89413384721": [], "53.0549496878,8.89485376887": [], "53.058530353,8.89753405005": [["51872313", 53.05858, 8.89748], ["51872307", 53.05858, 8.89748], ["586491286", 53.05858, 8.89748]], "53.0586011801,8.89756875113": [["51872313", 53.05858, 8.89748], ["586491286", 53.05858, 8.89748], ["51872307", 53.05858, 8.89748]], "53.0546450894,8.89443106949": [], "53.059926359,8.89399621636": [["726155813", 53.05995, 8.89393]], "53.0584582686,8.89719366096": [], "53.0549249612,8.89491671696": [], "53.0569394678,8.89600904658": [], "53.0598298833,8.8941866532": [], "53.0544747692,8.89459677972": [], "53.0547373742,8.89494655654": [], "53.0546387192,8.89432436787": [], "53.0615875684,8.88955204748": [["780282325", 53.0616099, 8.8894899], ["51872323", 53.0616099, 8.8894899], ["779122027", 53.0616099, 8.8894899]], "53.0598838627,8.89397341758": [["726155813", 53.05995, 8.89393]], "53.0545829795,8.89430525713": [], "53.0546824727,8.89463609084": [], "53.0602182169,8.89303204603": [], "53.0547749251,8.89463173226": [], "53.0597923324,8.89418832958": [], "53.0584805645,8.89715208672": [], "53.0586151779,8.89757034369": [["586491286", 53.05858, 8.89748], ["51872307", 53.05858, 8.89748], ["51872313", 53.05858, 8.89748]], "53.0597276241,8.89421037398": [], "53.0596890673,8.89456224628": [], "53.05972117,8.89421758242": [], "53.0546532199,8.89458873309": [], "53.0545469373,8.89462905005": [], "53.0605792254,8.89211841859": [], "53.0544978194,8.89462494291": [], "53.0555741396,8.89527219348": [], "53.0598162208,8.89415052719": []}, "338565": {"53.0658226926,8.88804984279": [], "53.065851694,8.88807088137": [], "53.0645917263,8.88875727542": [], "53.0623928178,8.88951432891": [], "53.0658429768,8.88811446726": [], "53.065861417,8.88810859993": [], "53.0620611459,8.88956545852": [], "53.0620892253,8.88954274356": [], "53.0658666976,8.88808194548": [], "53.0658857245,8.88816517778": [], "53.0647386611,8.88782302849": [], "53.0621025525,8.88958482072": [], "53.0658611655,8.88808052056": [], "53.0658682901,8.8882965222": [], "53.0620117765,8.88959982432": [], "53.0643904768,8.88865468092": [], "53.0658740737,8.888115054": [], "53.0620756466,8.88955162838": [], "53.0658313259,8.88806954026": [], "53.0620714556,8.88957048766": [], "53.0658665299,8.88817791827": [], "53.0657163262,8.88814732432": [], "53.0658892449,8.88813072816": [], "53.0658809468,8.88809812255": [], "53.0629607756,8.88951675966": [], "53.0658518616,8.88807741925": [], "53.0658968724,8.88814439066": [], "53.0657838844,8.88825243339": []}}