{"3664673": {"52.3588114232,9.88404013216": [], "52.357025072,9.85865939409": [], "52.358224187,9.86327639781": [], "52.355638789,9.85016039573": [], "52.3550103977,9.84462029301": [], "52.3559165653,9.84587682411": [], "52.3562716227,9.85431932844": [], "52.359730918,9.87569502555": [], "52.3575517908,9.86121369526": [], "52.359444676,9.8689630162": [], "52.3598189279,9.87332697026": [["51925605", 52.3598499, 9.8733]], "52.359362198,9.87843439914": [], "52.3597258888,9.87042347901": [], "52.3591932189,9.86749107018": [], "52.3548697494,9.84372837469": [], "52.3566591181,9.85628102906": [], "52.3559706286,9.85231102444": [], "52.3589724395,9.88175832666": [], "52.3587408476,9.86512913369": [], "52.3588471301,9.88321392797": [["540621963", 52.3588699, 9.8831699]], "52.3587943241,9.88471345045": []}, "196324": {"53.2767809462,10.3555872291": [], "53.2767572254,10.3554922622": [], "53.2767217699,10.3557564598": [], "53.276752783,10.3555440623": [], "53.2767711394,10.3558172286": [], "53.2767801918,10.3558199946": [], "53.2767687924,10.3557975311": [], "53.2767669484,10.3558079246": [], "53.2767058443,10.3554311581": [], "53.2767481729,10.35563685": [], "53.2767665293,10.3555977903": [], "53.2767086942,10.3554032464": [], "53.2767604943,10.3555199225": [], "53.2767022401,10.3556637559": [["540628625", 53.27661, 10.3556499], ["540628625", 53.27661, 10.3556499]], "53.2767497655,10.3556594811": [], "53.2767530344,10.3557939269": [], "53.2767785992,10.355579434": [], "53.2767436467,10.3556186613": [], "53.2767572254,10.3555546235": [], "53.2767664455,10.355531238": [], "53.2767204288,10.3554899991": [], "53.2767471671,10.3556397837": [], "53.2767246198,10.3555243649": [], "53.2767702173,10.3557705414": [], "53.2767632604,10.3557768278": [], "53.2767738216,10.3558329865": [], "53.2767414674,10.3556038253": [], "53.276720345,10.3557278775": [], "53.276758818,10.3557488322": [], "53.2767664455,10.3555606585": [], "53.2767532859,10.3555671964": [], "53.2767760847,10.3558058292": [], "53.2767968718,10.3556500934": [], "53.2767339237,10.3555033263": [], "53.2767641824,10.3557468206": [], "53.276776839,10.3555757459": [], "53.2768090256,10.3559540212": [["80723346", 53.27671, 10.35602], ["80723339", 53.27671, 10.35602], ["540628625", 53.27671, 10.35602]], "53.276760662,10.3555769194": [], "53.27670509,10.3554185852": [], "53.2767111249,10.3554688767": [], "53.2767514419,10.3556523565": [], "53.2767881546,10.3556152247": [], "53.2767706364,10.3555915877": [], "53.2767584827,10.3557001334": [], "53.2767129689,10.3554774262": [], "53.2767389528,10.3555125464": [], "53.2767750788,10.3555684537": [], "53.2767591532,10.355566442": [], "53.2767631765,10.3558307234": [], "53.2767449878,10.3557483293": [], "53.2767289784,10.3556965292": [], "53.2767536212,10.3557563759": [], "53.2767402939,10.3557179868": [], "53.2767758332,10.3559158836": [], "53.2767684571,10.3555740695": [], "53.2767064311,10.3554359358": [], "53.276775917,10.3557795938": [], "53.2767077722,10.3554494306": [], "53.2767594885,10.3558484931": [], "53.2767489273,10.3557245247": [], "53.2767668646,10.3555634245": [], "53.2767053414,10.355408024": [], "53.2767790183,10.3558210842": [], "53.276722692,10.3554634284": [], "53.2767893281,10.355956452": [["80723346", 53.27671, 10.35602], ["540628625", 53.27671, 10.35602], ["80723339", 53.27671, 10.35602]], "53.2767690439,10.3555935994": [], "53.2767533697,10.3557539452": [], "53.2768095285,10.356029626": [["80723346", 53.27671, 10.35602], ["80723339", 53.27671, 10.35602], ["540628625", 53.27671, 10.35602]], "53.2767793536,10.3558090981": [], "53.2767623384,10.3557690326": [], "53.276721267,10.3556873929": [], "53.2767592371,10.3554981295": []}}