{"781340": {"52.8670157678,9.73483672366": [["67946028", 52.8669299, 9.7346299], ["67946028", 52.8674299, 9.73554]], "52.8490860388,9.69275621697": [["792664875", 52.84883, 9.6925199], ["727971310", 52.8486, 9.6923], ["792664876", 52.84961, 9.6933099], ["51739991", 52.8482, 9.69191]], "52.8630024288,9.72597822547": [["727971326", 52.8632199, 9.7265]], "52.8509533592,9.69481841661": [["792664876", 52.85061, 9.6944199], ["727971346", 52.8515099, 9.69553], ["554713986", 52.85103, 9.69493], ["792664876", 52.85034, 9.69411]], "52.8500180226,9.6937393304": [["792664876", 52.85061, 9.6944199], ["792664876", 52.84961, 9.6933099], ["792664876", 52.85034, 9.69411], ["753665982", 52.8509499, 9.6947199]], "52.8599695209,9.71660692245": [["51739994", 52.85986, 9.71617], ["80736095", 52.8592, 9.71585], ["80736095", 52.8592499, 9.71604], ["80736095", 52.85933, 9.71647]], "52.8655667882,9.73202995956": [["67946028", 52.86527, 9.73136], ["67946028", 52.86576, 9.7323699]], "52.8594789281,9.71502366476": [["80736095", 52.85894, 9.71515], ["80736095", 52.8592, 9.71585], ["80736095", 52.8590799, 9.71549], ["80736095", 52.85861, 9.71456]], "52.8642327245,9.72908782773": [["67946028", 52.86402, 9.7285299], ["67946028", 52.8643999, 9.7294199]], "52.8685965948,9.7375212796": [["67946029", 52.86855, 9.7374299]], "52.8662671801,9.73343627527": [["67946028", 52.8662399, 9.73333]], "52.854883885,9.70118941739": [["750233765", 52.85497, 9.70133], ["727971328", 52.85529, 9.7020399], ["750233764", 52.8546499, 9.70065], ["750233772", 52.85526, 9.70029]], "52.8677840531,9.73617891781": [["67946028", 52.86776, 9.7361399], ["67946028", 52.8674299, 9.73554]], "52.8694388922,9.73882785067": [["67946029", 52.8697599, 9.7392999]], "52.8575292975,9.70874939114": [["51739996", 52.8577378, 9.7093202]], "52.8560573515,9.70409374684": [["727971328", 52.8561299, 9.70426]], "52.8702929243,9.74007373676": [["67946029", 52.8697599, 9.7392999]], "52.8609205317,9.71967805177": [["51739995", 52.8609785, 9.7197599]], "52.8570439853,9.70717803575": [["51739996", 52.8571398, 9.7074079]], "52.8624425177,9.72441374324": [["727971325", 52.86229, 9.72392], ["727971326", 52.86264, 9.72491]], "52.8565589245,9.70560944639": [["51739996", 52.85654, 9.7054899]], "52.8542076331,9.69979483634": [["750233764", 52.85434, 9.7000299], ["750233764", 52.8546499, 9.70065], ["554713990", 52.8540699, 9.6995], ["750233771", 52.85454, 9.7007199]], "52.87115274,9.74125147797": [["80686247", 52.87145, 9.7416599], ["80686247", 52.8717299, 9.7420199]], "52.8554954287,9.70262045972": [["727971328", 52.85562, 9.70287], ["727971328", 52.85529, 9.7020399]], "52.8534746356,9.6984465234": [["792664855", 52.853, 9.69766], ["554713989", 52.8534099, 9.6982999]], "52.8580150288,9.71032368019": [["51739996", 52.85816, 9.7106699], ["80685198", 52.85884, 9.70937]], "52.8614038322,9.72122862004": [["51739995", 52.8615799, 9.72169]], "52.8619048186,9.72281514667": [["727971325", 52.8618799, 9.72263]], "52.8526858985,9.69716417603": [["792664854", 52.8526499, 9.6971099], ["792664854", 52.85267, 9.69714], ["792664855", 52.853, 9.69766], ["67952332", 52.85261, 9.6966499]], "52.8720328398,9.74238119088": [["80686247", 52.8717299, 9.7420199], ["80686247", 52.87145, 9.7416599]], "52.8518379852,9.69594234601": [["727971346", 52.8515099, 9.69553], ["727971346", 52.85227, 9.69654], ["727971346", 52.85191, 9.69605], ["753665982", 52.85138, 9.69519]], "52.8585011791,9.71189143136": [["67912267", 52.8586299, 9.71219], ["67912266", 52.85844, 9.71155]], "52.8589883354,9.7134550754": [["80736095", 52.8580399, 9.7135299], ["80736095", 52.85819, 9.7137299], ["80736095", 52.85835, 9.7139899]], "52.8604443558,9.71814181656": [["80736095", 52.8594499, 9.7173399]], "52.8648878541,9.73057687283": [["67946028", 52.86527, 9.73136], ["67946028", 52.8648599, 9.73044]], "52.8636010643,9.7275440488": [["67946028", 52.8636199, 9.72753], ["67946028", 52.86402, 9.7285299]]}, "781339": {"52.8201873321,9.68303463422": [["727971312", 52.82093, 9.68325], ["727971315", 52.81998, 9.68301], ["79953754", 52.8199899, 9.68321]], "52.8158816323,9.68166637234": [["727971314", 52.8165099, 9.6818799]], "52.8207639232,9.68319581822": [["727971312", 52.82093, 9.68325], ["727971315", 52.81998, 9.68301]], "52.824768126,9.6840902511": [["727971312", 52.82385, 9.68394], ["727971312", 52.82473, 9.6841099]], "52.8177197836,9.68228378333": [], "52.8200382181,9.68298945576": [["727971312", 52.82093, 9.68325], ["727971315", 52.81998, 9.68301], ["79953754", 52.8199899, 9.68321]], "52.8189196531,9.68266574666": [["727971315", 52.8188, 9.6826399]], "52.8211975191,9.68330947682": [["727971312", 52.82093, 9.68325], ["727971312", 52.82205, 9.68357]], "52.8202102985,9.68304259703": [["727971312", 52.82093, 9.68325], ["727971315", 52.81998, 9.68301], ["79953754", 52.8199899, 9.68321]], "52.8165099397,9.68187533319": [["727971314", 52.8165099, 9.6818799]], "52.8201872483,9.68303564005": [["727971312", 52.82093, 9.68325], ["727971315", 52.81998, 9.68301], ["79953754", 52.8199899, 9.68321]], "52.8175055422,9.68221094459": [["727971314", 52.8165099, 9.6818799]], "52.8315924201,9.68534837477": [["727971312", 52.83136, 9.68534]], "52.8357701283,9.686115738": [["727971313", 52.8358, 9.6861499]], "52.8167717904,9.68196761794": [["727971314", 52.8165099, 9.6818799]], "52.8183386195,9.68248612247": [["727971315", 52.8188, 9.6826399], ["727929984", 52.81876, 9.6828399]], "52.820267966,9.68305516988": [["727971312", 52.82093, 9.68325], ["727971315", 52.81998, 9.68301], ["79953754", 52.8199899, 9.68321]], "52.8201870807,9.68303672969": [["727971312", 52.82093, 9.68325], ["727971315", 52.81998, 9.68301], ["79953754", 52.8199899, 9.68321]], "52.8201873321,9.68303522095": [["727971312", 52.82093, 9.68325], ["727971315", 52.81998, 9.68301], ["79953754", 52.8199899, 9.68321]], "52.8199308459,9.68295886181": [["727971315", 52.81998, 9.68301], ["727971312", 52.82093, 9.68325], ["79953754", 52.8199899, 9.68321]], "52.8201888409,9.68303438276": [["727971312", 52.82093, 9.68325], ["727971315", 52.81998, 9.68301], ["79953754", 52.8199899, 9.68321]], "52.8306525573,9.68517989852": [["727971312", 52.83136, 9.68534]], "52.8201884218,9.68303438276": [["727971312", 52.82093, 9.68325], ["727971315", 52.81998, 9.68301], ["79953754", 52.8199899, 9.68321]], "52.8180523776,9.68239618465": [["727971315", 52.8188, 9.6826399]], "52.8201873321,9.68303647824": [["727971312", 52.82093, 9.68325], ["727971315", 52.81998, 9.68301], ["79953754", 52.8199899, 9.68321]], "52.8150486387,9.68139102682": [["727971314", 52.8142, 9.68111]], "52.8155564982,9.68155816197": [["727971314", 52.8165099, 9.6818799]], "52.8179195244,9.6823523473": [["727971315", 52.8188, 9.6826399], ["727929984", 52.8170179, 9.6822566], ["727929984", 52.81876, 9.6828399]], "52.8163099475,9.68180995435": [["727971314", 52.8165099, 9.6818799]], "52.8201877512,9.68303446658": [["727971312", 52.82093, 9.68325], ["727971315", 52.81998, 9.68301], ["79953754", 52.8199899, 9.68321]], "52.827590229,9.68461671844": [], "52.8203940298,9.68309867196": [["727971312", 52.82093, 9.68325], ["727971315", 52.81998, 9.68301]], "52.8326153476,9.68553319573": [["727971312", 52.8335099, 9.68574]], "52.8298503254,9.68503212556": [], "52.829081621,9.68488804065": [], "52.8201881703,9.68303429894": [["727971312", 52.82093, 9.68325], ["727971315", 52.81998, 9.68301], ["79953754", 52.8199899, 9.68321]], "52.8181909304,9.68244069256": [["727971315", 52.8188, 9.6826399]], "52.8195146844,9.68284185044": [["727971315", 52.81998, 9.68301], ["727971315", 52.8188, 9.6826399]], "52.8233887162,9.68382102437": [["727971312", 52.8224899, 9.6836599], ["727971312", 52.8234399, 9.68387], ["727971312", 52.82385, 9.68394]], "52.8192247543,9.68275861815": [["727971315", 52.81998, 9.68301], ["727971315", 52.8188, 9.6826399]], "52.8216309473,9.68342129141": [["727971312", 52.82093, 9.68325], ["727971312", 52.82205, 9.68357], ["727971312", 52.8224899, 9.6836599]], "52.8184781782,9.68253046274": [["727971315", 52.8188, 9.6826399]], "52.8201862425,9.68303597532": [["727971312", 52.82093, 9.68325], ["727971315", 52.81998, 9.68301], ["79953754", 52.8199899, 9.68321]], "52.8227358498,9.68367945403": [["727971312", 52.8224899, 9.6836599], ["727971312", 52.8234399, 9.68387], ["727971312", 52.82205, 9.68357]], "52.8201872483,9.68303471804": [["727971312", 52.82093, 9.68325], ["727971315", 52.81998, 9.68301], ["79953754", 52.8199899, 9.68321]], "52.8254478984,9.68421681784": [["727971312", 52.82473, 9.6841099], ["727971312", 52.8264199, 9.6844399]], "52.8196289297,9.68287453987": [["727971315", 52.81998, 9.68301], ["727971315", 52.8188, 9.6826399], ["727929984", 52.81876, 9.6828399], ["79953754", 52.8199899, 9.68321]], "52.8202765994,9.68306514435": [["727971312", 52.82093, 9.68325], ["727971315", 52.81998, 9.68301], ["79953754", 52.8199899, 9.68321]], "52.8262589313,9.68436894938": [["727971312", 52.8264199, 9.6844399]], "52.8201866616,9.68303672969": [["727971312", 52.82093, 9.68325], ["727971315", 52.81998, 9.68301], ["79953754", 52.8199899, 9.68321]], "52.8347182833,9.6859219484": [["727971313", 52.83445, 9.68591]], "52.8173024487,9.68214321882": [["727971314", 52.8165099, 9.6818799]], "52.8169403505,9.68202503398": [["727971314", 52.8165099, 9.6818799]], "52.8240764514,9.68395882286": [["727971312", 52.82385, 9.68394], ["727971312", 52.82473, 9.6841099], ["727971312", 52.8234399, 9.68387]], "52.820185991,9.68303698115": [["727971312", 52.82093, 9.68325], ["727971315", 52.81998, 9.68301], ["79953754", 52.8199899, 9.68321]], "52.8187091835,9.68260388821": [["727971315", 52.8188, 9.6826399], ["727929984", 52.81876, 9.6828399]], "52.8197958972,9.68292147852": [["727971315", 52.81998, 9.68301], ["727971315", 52.8188, 9.6826399]], "52.8221597616,9.68354593031": [["727971312", 52.8224899, 9.6836599], ["727971312", 52.82205, 9.68357]], "52.8336856328,9.68573452905": [["727971313", 52.83445, 9.68591], ["727971312", 52.8335099, 9.68574]], "52.8201617673,9.68302566558": [["727971312", 52.82093, 9.68325], ["727971315", 52.81998, 9.68301], ["79953754", 52.8199899, 9.68321]], "52.8283103183,9.6847468894": [], "52.826912133,9.684492331": [["727971312", 52.8264199, 9.6844399]]}}