{"274652": {"52.5752107892,10.1879975293": [], "52.5631298684,10.187572483": [], "52.5643442385,10.188371446": [], "52.5727109704,10.1872739196": [], "52.5736456364,10.1865476277": [], "52.5594652165,10.1837098505": [], "52.5586135313,10.1829205267": [], "52.577032093,10.1918961201": [], "52.5734084286,10.1866740268": [], "52.5772593264,10.1893032622": [], "52.5636546593,10.1880269498": [], "52.5772291515,10.1887340471": [], "52.5748182647,10.1879398618": [], "52.5732087716,10.186801767": [], "52.5689126272,10.1885300316": [], "52.5767558254,10.19443525": [], "52.566073928,10.1883855276": [["586531562", 52.56608, 10.1883099]], "52.553701736,10.1794662606": [], "52.5600998942,10.1850353647": [], "52.5773944426,10.1910012681": [], "52.5769941229,10.1955491211": [], "52.5774101168,10.1904906426": [], "52.5738591235,10.1867932174": [], "52.5590886176,10.1833516918": [], "52.5659536477,10.1883826777": [], "52.5693561975,10.1885675825": [], "52.5524810795,10.1794779953": [], "52.5606772397,10.1855884865": [], "52.5755785871,10.1880065817": [["79920984", 52.57559, 10.18799]], "52.5672050659,10.1884049736": [], "52.572251223,10.1876146439": [], "52.5650699437,10.1884013694": [], "52.5762332976,10.1879362576": [], "52.5616928749,10.1863379963": [], "52.5560862198,10.1808213629": [], "52.5772107951,10.1914509572": [], "52.5768313464,10.1878538635": [["79920988", 52.5767899, 10.18777]], "52.5565898884,10.181243727": [], "52.5767646264,10.1934391446": [], "52.5771683827,10.1878541987": [], "52.5678127538,10.1884666644": [], "52.5624779239,10.1869797986": [], "52.5730364397,10.187007878": [], "52.5570933893,10.181661984": [], "52.576847272,10.1923436299": [], "52.5555604231,10.1804789621": [], "52.5773287285,10.1898973715": [], "52.5767623633,10.1939096209": [], "52.570884889,10.1880762354": [], "52.5743222237,10.1872780267": [], "52.57573382,10.1880350802": [], "52.5761326309,10.1880134549": [], "52.5612286851,10.1859990321": [], "52.5767857488,10.1928912196": [], "52.5646622479,10.1884442847": [], "52.5767591782,10.1950041298": [], "52.5551136676,10.1801052969": [], "52.5597779453,10.1844305266": [], "52.5544964243,10.1797197293": [], "52.5686961226,10.1885164529": [], "52.5772251282,10.188174136": [], "52.5696444511,10.188565487": []}, "2358187": {"53.0730584543,8.7985759601": [], "53.0730815884,8.79868056625": [], "53.0730913952,8.79842801951": [], "53.0730878748,8.79841938615": [], "53.0731115956,8.79839885049": [], "53.0732689239,8.79796089604": [["51883185", 53.0733299, 8.798], ["51883184", 53.0733299, 8.798], ["51883215", 53.0733299, 8.798]], "53.0731089972,8.79840429872": [], "53.0731552653,8.79834487103": [], "53.0731565226,8.79834445193": [], "53.0730375834,8.79865986295": [], "53.0731777288,8.79827521741": [], "53.0731496494,8.79834461957": [], "53.0732677504,8.79796022549": [["51883185", 53.0733299, 8.798], ["51883184", 53.0733299, 8.798], ["51883215", 53.0733299, 8.798]], "53.0732687563,8.79796097986": [["51883185", 53.0733299, 8.798], ["51883184", 53.0733299, 8.798], ["51883215", 53.0733299, 8.798]], "53.0732641462,8.7979576271": [["51883185", 53.0733299, 8.798], ["51883184", 53.0733299, 8.798], ["51883215", 53.0733299, 8.798]], "53.0732687563,8.7979611475": [["51883185", 53.0733299, 8.798], ["51883184", 53.0733299, 8.798], ["51883215", 53.0733299, 8.798]], "53.0732283555,8.79809224047": [], "53.0732651521,8.79795888439": [["51883185", 53.0733299, 8.798], ["51883184", 53.0733299, 8.798], ["51883215", 53.0733299, 8.798]], "53.0731093325,8.7984376587": [], "53.0730057321,8.79864603281": []}, "2358186": {"53.072373569,8.80022996105": [], "53.0709520821,8.80660808645": [], "53.0718824733,8.80315843038": [], "53.0725878943,8.79996626638": [], "53.0710691772,8.8062612433": [], "53.0723945238,8.80019534379": [], "53.0721406359,8.80052232184": [], "53.0709078256,8.80666499957": [], "53.072426375,8.80014278926": [], "53.0728845298,8.79953803495": [["51883215", 53.0729399, 8.79947], ["51882755", 53.0729399, 8.79947], ["51882912", 53.0729399, 8.79947]], "53.072395362,8.8001949247": [], "53.0726835318,8.79986233078": [], "53.0715776235,8.80102305673": [], "53.0712511484,8.80602185614": [], "53.0723947752,8.80019542761": [], "53.0714181997,8.80118407309": [["586485423", 53.0713699, 8.80111]], "53.0719998199,8.80478493869": [["51884092", 53.0720499, 8.80478], ["51883258", 53.0720499, 8.80478]], "53.0722526181,8.80038443953": [], "53.0731601268,8.79906487651": [], "53.0729223322,8.79952412099": [["51883215", 53.0729399, 8.79947], ["51882755", 53.0729399, 8.79947], ["51882912", 53.0729399, 8.79947]], "53.0722495168,8.80038745701": [], "53.0713600293,8.80170199089": [["51883233", 53.0713863, 8.8017389]], "53.0709011201,8.80666332319": [], "53.0729047302,8.799534766": [["51883215", 53.0729399, 8.79947], ["51882755", 53.0729399, 8.79947], ["51882912", 53.0729399, 8.79947]], "53.0728089251,8.79969578236": [["51883216", 53.0729, 8.7996499], ["51882755", 53.0729, 8.7996499]], "53.0716221314,8.80241973326": [], "53.0724983755,8.80006609485": [["51883230", 53.0725499, 8.80013], ["51883217", 53.0725499, 8.80013], ["51883216", 53.0725499, 8.80013]], "53.0722343456,8.80433248356": [], "53.0723950267,8.80019534379": [], "53.0730061512,8.7994748354": [["51882912", 53.0729399, 8.79947], ["51883215", 53.0729399, 8.79947], ["51882755", 53.0729399, 8.79947]], "53.0731684249,8.79940912127": [], "53.0731589533,8.79906621762": [], "53.0722572282,8.80403584801": [], "53.0715828203,8.80100822076": [], "53.0731565226,8.79906454124": [], "53.0723941885,8.80019081756": [], "53.0728964321,8.79953619093": [["51883215", 53.0729399, 8.79947], ["51882755", 53.0729399, 8.79947], ["51882912", 53.0729399, 8.79947]], "53.0709663313,8.80643692799": [], "53.0709083285,8.80666885525": [], "53.0728110205,8.79968002439": [["51883216", 53.0729, 8.7996499], ["51882755", 53.0729, 8.7996499]], "53.0721742474,8.80385295488": [["67948524", 53.07221, 8.80384]], "53.0715834908,8.80102615803": [], "53.0723153986,8.80030866712": [], "53.0731565226,8.79913595505": [], "53.0709347315,8.80662024021": [], "53.0731511582,8.79906035028": [], "53.0714911222,8.80567543209": [["51883254", 53.0715299, 8.8057]], "53.0722454935,8.80402956158": [], "53.0729589611,8.79946092144": [["51883215", 53.0729399, 8.79947], ["51882755", 53.0729399, 8.79947], ["51882912", 53.0729399, 8.79947]], "53.0727834441,8.79974724725": [], "53.0715807248,8.80102531984": [], "53.0715771206,8.80102062598": [], "53.0708986893,8.80666986108": [], "53.0731453747,8.79920669831": [], "53.0717268214,8.80524326116": [["51883259", 53.0718, 8.80524]], "53.0709342286,8.80662216805": [], "53.0730565265,8.79947408102": [], "53.071584329,8.80101576447": [], "53.0731593724,8.79906672053": [], "53.0709199794,8.80662904121": [], "53.0718246382,8.80083689466": [], "53.0715813953,8.80102079362": []}}