{"273498": {"51.546649849,9.87902976573": [], "51.5448622406,9.87905289978": [], "51.55760617,9.87961121835": [], "51.5487272199,9.87900244072": [], "51.5537497401,9.87902079709": [], "51.5477651451,9.87901107408": [["792532144", 51.5477117, 9.879078]], "51.5560583677,9.87923864275": [], "51.5574784297,9.88180216402": [], "51.5571873263,9.88194557838": [], "51.5571647789,9.8820751626": [], "51.5567479469,9.87926445901": [["554756478", 51.5568199, 9.87928], ["762348754", 51.5568199, 9.87928], ["762348754", 51.5568199, 9.87928]], "51.5571687184,9.88207625225": [], "51.5581910592,9.8811947275": [], "51.5506366175,9.87899942324": [], "51.5457441844,9.87903739326": [], "51.5571877453,9.88207818009": [], "51.5422503557,9.8790160194": [], "51.5431244206,9.87903026864": [], "51.5517922305,9.87899841741": [], "51.5527592506,9.87899799831": [], "51.5571678802,9.88206082955": [], "51.5496951621,9.87900696695": [], "51.5545216296,9.87917812541": [], "51.544007957,9.87903965637": [], "51.5581375826,9.88008018583": [], "51.5571644437,9.8819962889": [], "51.5571723226,9.88203803077": [], "51.5552950278,9.87924442627": []}, "274648": {"52.3243145272,10.4428085592": [], "52.3244119249,10.4423913918": [], "52.3246890306,10.4426507279": [], "52.3240850307,10.4423248395": [["554735673", 52.3240399, 10.44229]], "52.3246984184,10.4425714351": [], "52.32442718,10.4427022766": [], "52.3248136695,10.4427744448": [["586515748", 52.32484, 10.4428599], ["586515747", 52.32484, 10.4428599]], "52.3254735768,10.4428048711": [], "52.3244598694,10.442260718": [], "52.3249457683,10.4426508956": [], "52.3241932411,10.4428494629": [], "52.3241426982,10.4427013546": [], "52.3248502985,10.442740079": [], "52.3243271839,10.4422249272": [], "52.3246168625,10.4425993469": [], "52.3251095507,10.4428490438": [], "52.3248028569,10.4423963372": [], "52.3243335541,10.4420951754": [], "52.3246686626,10.4426950682": [], "52.3244052194,10.4428232275": [], "52.3249608558,10.4429633729": [], "52.3242710251,10.4427964892": [], "52.324045971,10.4423564393": [["554735672", 52.3240399, 10.44229]], "52.3256452382,10.4430227168": [], "52.3239948414,10.4423088301": [["554735672", 52.3240399, 10.44229], ["554735673", 52.3240399, 10.44229]], "52.3233584873,10.4448990896": [], "52.3243219871,10.4431843199": [], "52.3246730212,10.4426333774": [], "52.3241762258,10.4425226524": [], "52.3249256518,10.4428187851": [["586515747", 52.32484, 10.4428599]], "52.3249392305,10.4427923821": [["586515747", 52.32484, 10.4428599]], "52.3241995275,10.4426619597": [], "52.3242662475,10.4428874329": [], "52.3241827637,10.4427346308": [], "52.3256391194,10.4431241378": [], "52.3249474447,10.4427240696": [], "52.3243828397,10.442796573": [], "52.3242229968,10.4421915673": [], "52.3243024573,10.4421888851": [], "52.3239757307,10.4423119314": [["554735672", 52.3240399, 10.44229], ["554735673", 52.3240399, 10.44229]], "52.324669417,10.4428463615": [], "52.3240707815,10.4423328862": [["554735673", 52.3240399, 10.44229], ["554735672", 52.3240399, 10.44229]], "52.3242130224,10.4427739419": [], "52.3256356828,10.4429799691": [], "52.3241868708,10.4424178787": [], "52.3242259305,10.4427905381": [], "52.3239273671,10.4439043254": [], "52.3252971377,10.4428072181": [], "52.3241611384,10.4424352292": [], "52.3248785455,10.4426000174": [], "52.3244424351,10.4422830977": [], "52.3241433688,10.442206068": [], "52.3243150301,10.4427019414": [], "52.3254388757,10.442845691": [], "52.324407734,10.442672018": [], "52.3241683468,10.4425756261": [], "52.325068647,10.4431917798": [], "52.3241509963,10.442927666": [], "52.3247097339,10.4426910449": [], "52.3247760348,10.442648381": [], "52.3242848553,10.4426926374": [], "52.3241466377,10.4423358198": []}, "273497": {"51.5564961545,9.93866357021": [], "51.5574570559,9.93119236082": [["51832554", 51.5574499, 9.9312499], ["51832242", 51.55737, 9.9312886], ["51832242", 51.55737, 9.9311442]], "51.5570252202,9.93470664136": [], "51.5573696326,9.93121046573": [["51832242", 51.55737, 9.9312886], ["51832242", 51.55737, 9.9311442], ["51832554", 51.5574499, 9.9312499]], "51.5556748956,9.94067916647": [], "51.5562750399,9.91940606385": [["67941957", 51.55625, 9.91948]], "51.5580998641,9.90111432038": [], "51.5583378263,9.90892776288": [["51832873", 51.5583999, 9.90892]], "51.554866964,9.9407779891": [], "51.5580664203,9.91086272523": [], "51.5503739286,9.93953403085": [], "51.5537793282,9.94034992531": [], "51.5576862171,9.91278402507": [], "51.5563348867,9.93970384821": [], "51.5545221325,9.94077765383": [], "51.5574126318,9.93116998114": [["51832554", 51.5574499, 9.9312499], ["51832242", 51.55737, 9.9311442]], "51.5524606872,9.93945909664": [["586519974", 51.5525599, 9.9395299]], "51.5510524437,9.93889348581": [], "51.5543010179,9.94066692889": [], "51.5534836985,9.94010785595": [["586519974", 51.5534, 9.9401799]], "51.5518880356,9.9390158616": [], "51.5574018192,9.91402823478": [], "51.5569397248,9.91589999758": [], "51.5583182964,9.90263588727": [["781830410", 51.55826, 9.90258]], "51.5573049244,9.93079505861": [], "51.5540138539,9.94046559557": [], "51.557402825,9.93115631863": [["51832554", 51.5574499, 9.9312499], ["51832242", 51.55737, 9.9311442]], "51.5528842248,9.93964802474": [], "51.5530256275,9.93976461701": [], "51.5571987256,9.93005602621": [], "51.5561836772,9.92106014863": [["792545832", 51.55615, 9.92113]], "51.5573539585,9.93124256842": [["51832242", 51.55737, 9.9312886], ["51832242", 51.55737, 9.9311442], ["51832554", 51.5574499, 9.9312499]], "51.5558926575,9.94069324806": [], "51.5563035384,9.92298337631": [], "51.5505521279,9.93921476416": [], "51.5585216414,9.90722003393": [["51832873", 51.55855, 9.9071899], ["51832867", 51.55845, 9.90718]], "51.5562343877,9.94050079957": [], "51.5574402921,9.93119806051": [["51832554", 51.5574499, 9.9312499], ["51832242", 51.55737, 9.9312886], ["51832242", 51.55737, 9.9311442]], "51.5553357638,9.94062761776": [["51830495", 51.55543, 9.94062]], "51.5573599935,9.93121666834": [["51832242", 51.55737, 9.9312886], ["51832242", 51.55737, 9.9311442], ["51832554", 51.5574499, 9.9312499]], "51.5585261676,9.90588773042": [], "51.5565248206,9.91778668016": [], "51.5572139807,9.93363945745": [["755858441", 51.55713, 9.93364], ["755858442", 51.5572199, 9.9336499], ["51833027", 51.55713, 9.93364]], "51.5569014195,9.92726007476": [["792587519", 51.5569599, 9.9273199], ["792587518", 51.5569599, 9.9273199], ["792587518", 51.55687, 9.9273199], ["792587517", 51.55687, 9.9273199]], "51.5584725235,9.90417388268": [], "51.5538320504,9.94035704993": [], "51.5575965308,9.89795207977": [], "51.5578288771,9.89956098609": [], "51.5567856655,9.93673263118": [], "51.5573520306,9.93122714572": [["51832242", 51.55737, 9.9312886], ["51832242", 51.55737, 9.9311442], ["51832554", 51.5574499, 9.9312499]], "51.5572121367,9.93235157803": [], "51.5574473329,9.93118984625": [["51832554", 51.5574499, 9.9312499], ["51832242", 51.55737, 9.9312886], ["51832242", 51.55737, 9.9311442]], "51.5573911741,9.93119772524": [["51832242", 51.55737, 9.9312886], ["51832242", 51.55737, 9.9311442], ["51832554", 51.5574499, 9.9312499]], "51.5566829871,9.93766997941": [], "51.5573406313,9.93138397112": [["51832242", 51.55737, 9.9312886], ["51832241", 51.5572447, 9.9313017]], "51.5573485941,9.93122798391": [["51832242", 51.55737, 9.9312886], ["51832242", 51.55737, 9.9311442]], "51.5566585958,9.92578385398": [], "51.5569127351,9.93571213447": [], "51.5502742678,9.93976989761": [], "51.553865578,9.94036702439": [], "51.5572066884,9.92886562832": [], "51.5564809833,9.92465212941": []}}