{"552674": {"53.1998991966,9.29453652352": [], "53.2097866572,9.30953501724": [], "53.2188624982,9.32029763237": [], "53.2026811503,9.29876033217": [], "53.2381372713,9.37830358744": [], "53.2383456454,9.3797735218": [], "53.2361186575,9.36073729768": [["732700210", 53.2361099, 9.36067]], "53.2379214372,9.37682032585": [], "53.2129231654,9.31373083033": [], "53.2342273649,9.35102568939": [["732700209", 53.2342, 9.3509399]], "53.2385550253,9.38119391911": [], "53.2364437915,9.36396156438": [["732700210", 53.23645, 9.36406]], "53.2365871221,9.36555001885": [], "53.2315318286,9.34167441912": [], "53.2225887571,9.32486241683": [], "53.2387576997,9.38254281878": [], "53.1977825984,9.29125333205": [], "53.2078063488,9.30654997006": [["772399527", 53.2077899, 9.30651]], "53.2151105907,9.31627976708": [], "53.2372594345,9.37220399268": [], "53.2007698249,9.29585122503": [], "53.2367318776,9.36720318161": [], "53.2176115829,9.31895485148": [], "53.2087907195,9.3080524262": [], "53.1982239895,9.29192455485": [["772399531", 53.19819, 9.2919299]], "53.1993582286,9.29371912032": [], "53.2213705312,9.32326206006": [], "53.1974139623,9.29069392383": [], "53.2108034659,9.31098139845": [], "53.2353563234,9.35589825734": [], "53.2362979464,9.36235902831": [], "53.2140009943,9.31505206972": [], "53.2368884515,9.36891954392": [], "53.1970879901,9.29019888863": [], "53.2374729216,9.37377895229": [], "53.2337013166,9.34914629906": [], "53.2356495224,9.35751697049": [], "53.2201346196,9.32174887508": [], "53.2270760927,9.33148101903": [], "53.2118519582,9.3123742193": [], "53.2036622521,9.30027083494": [], "53.2331899367,9.34732482769": [], "53.2067537494,9.30500007235": [], "53.2299256884,9.33691131882": [], "53.2248775195,9.32806329802": [], "53.2359013986,9.35912512243": [], "53.2281506527,9.33322906494": [], "53.2237719465,9.32648984715": [], "53.2321788277,9.34383049607": [["732700209", 53.23222, 9.34384]], "53.2164634299,9.31772908196": [], "53.2292707264,9.33541104198": [], "53.2350243162,9.35426663607": [], "53.2259662449,9.32971562259": [], "53.2307955623,9.33924995363": [], "53.2046697568,9.30186029524": [], "53.2370655611,9.37058988959": [], "53.2057007309,9.30342863314": [], "53.2346430235,9.35263694264": [], "53.2017202489,9.29729852825": [], "53.2327510603,9.34574961662": [], "53.2376976404,9.37531761825": [["732700210", 53.2377, 9.3753699]], "53.1987543963,9.29275629111": []}, "451971": {"50.9734439291,11.0331310797": [], "50.9756809752,11.0384043865": [["53547040", 50.9756899, 11.03839]], "50.9747128654,11.0426673386": [], "50.9753255825,11.0419776756": [["53546509", 50.9753299, 11.0419]], "50.9755779617,11.039044261": [["53547507", 50.9755599, 11.0389599], ["53547508", 50.9755899, 11.0391199], ["53547517", 50.9755599, 11.0389599]], "50.9749167971,11.0372875817": [], "50.9726387635,11.0302724317": [], "50.9740200173,11.0424970184": [], "50.9733495489,11.04276767": [], "50.9755114932,11.0390522238": [["53547517", 50.9755599, 11.0389599], ["53547507", 50.9755599, 11.0389599], ["53547508", 50.9755899, 11.0391199]], "50.9755798895,11.0390446801": [["53547508", 50.9755899, 11.0391199], ["53547507", 50.9755599, 11.0389599], ["53547517", 50.9755599, 11.0389599]], "50.9724251926,11.0231237579": [], "50.9752088226,11.0432304349": [], "50.9758195281,11.0386594478": [["53544593", 50.9759, 11.0386699], ["53547039", 50.9758199, 11.0386299], ["53547043", 50.9758199, 11.0386299], ["53547045", 50.9759, 11.0386699]], "50.9744142182,11.0363275185": [["53547041", 50.9745099, 11.03639]], "50.9753792267,11.039230423": [["53544684", 50.97535, 11.0393], ["53547516", 50.97535, 11.0393]], "50.9756845795,11.0388608649": [["53547515", 50.97568, 11.03879]], "50.9755814821,11.0390428361": [["53547508", 50.9755899, 11.0391199], ["53547507", 50.9755599, 11.0389599], ["53547517", 50.9755599, 11.0389599]], "50.9755789675,11.0390449315": [["53547508", 50.9755899, 11.0391199], ["53547507", 50.9755599, 11.0389599], ["53547517", 50.9755599, 11.0389599]], "50.9745880589,11.0366770439": [], "50.9755804762,11.0390438419": [["53547508", 50.9755899, 11.0391199], ["53547507", 50.9755599, 11.0389599], ["53547517", 50.9755599, 11.0389599]], "50.9736286663,11.0337648354": [], "50.9755831584,11.0390407406": [["53547508", 50.9755899, 11.0391199], ["53547507", 50.9755599, 11.0389599], ["53547517", 50.9755599, 11.0389599]], "50.9752265923,11.0379269533": [], "50.9730896261,11.042802874": [], "50.9737791214,11.0342661571": [], "50.9727458842,11.0309874918": [], "50.9752708487,11.0401409492": [], "50.9751769714,11.0378514323": [], "50.9729336388,11.031627031": [], "50.9753010236,11.0394042637": [["746572841", 50.9753999, 11.0393599], ["53547516", 50.9753999, 11.0393599]], "50.9755250718,11.0390481167": [["53547507", 50.9755599, 11.0389599], ["53547517", 50.9755599, 11.0389599], ["53547508", 50.9755899, 11.0391199]], "50.9714909457,11.0263926163": [], "50.9755820688,11.0390420817": [["53547508", 50.9755899, 11.0391199], ["53547507", 50.9755599, 11.0389599], ["53547517", 50.9755599, 11.0389599]], "50.9726163838,11.0225691274": [], "50.9752352256,11.039713053": [], "50.974236941,11.0423879698": [], "50.9724394418,11.0231224168": [], "50.9715491999,11.0269000567": [], "50.971637629,11.02528763": [["53547053", 50.97158, 11.0252699]], "50.9721332509,11.0293072555": [], "50.9726640768,11.0307069495": [], "50.9754621238,11.0390899424": [], "50.9738343582,11.0349050257": [["77277481", 50.9738499, 11.0349899]], "50.9731687512,11.0323248245": [], "50.9754121676,11.0428707674": [["53546516", 50.9754299, 11.04286]], "50.972246239,11.0237314459": [], "50.9716418199,11.0275489837": [], "50.9723917488,11.0232487321": [], "50.9755730163,11.039044261": [["53547507", 50.9755599, 11.0389599], ["53547517", 50.9755599, 11.0389599], ["53547508", 50.9755899, 11.0391199]], "50.975520378,11.0382663365": [["53547040", 50.97549, 11.0381799]], "50.9755377285,11.0390457697": [["53547507", 50.9755599, 11.0389599], ["53547517", 50.9755599, 11.0389599], ["53547508", 50.9755899, 11.0391199]], "50.9714876767,11.0259663966": [], "50.9718672931,11.028417768": [], "50.9724591393,11.0299208947": [], "50.9741962887,11.0355462413": [], "50.9752735309,11.0380293801": [], "50.9719510283,11.0245560575": [], "50.9755602758,11.0390444286": [["53547507", 50.9755599, 11.0389599], ["53547517", 50.9755599, 11.0389599], ["53547508", 50.9755899, 11.0391199]], "50.9752801526,11.0409449413": [], "50.9743049182,11.0360422824": [["53547041", 50.97437, 11.0361099]], "50.9724498354,11.0229219217": []}, "552673": {"53.1850366574,9.2724605184": [], "53.1647987198,9.24484466203": [], "53.1707791239,9.25185679458": [], "53.1754402164,9.25876172259": [], "53.1694331579,9.25009751692": [], "53.1844077632,9.27159324288": [], "53.1913097575,9.28142437711": [], "53.1701107509,9.2509685643": [], "53.1766894553,9.26065226085": [], "53.1721110921,9.25374875776": [["732998995", 53.17205, 9.2536899]], "53.1734241173,9.255717583": [], "53.189223418,9.27829298191": [], "53.1812944729,9.26731947809": [], "53.1641333643,9.24411736429": [], "53.1778483372,9.26239142194": [["572246756", 53.17783, 9.26239]], "53.1908002216,9.28066438995": [], "53.1818969641,9.26815045998": [], "53.1661289278,9.24629674293": [], "53.1831408385,9.26985743456": [], "53.1714352593,9.25277385861": [], "53.1784052309,9.26322751679": [], "53.166793026,9.24702806398": [], "53.1868937518,9.27501875907": [], "53.1825186498,9.26900474355": [], "53.1772818882,9.26153604873": [], "53.1746953167,9.25763586536": [], "53.1856563315,9.27331329323": [], "53.1837747619,9.27072412334": [["572246756", 53.1837, 9.27067]], "53.1897599436,9.27908892743": [], "53.1687649526,9.24927349202": [], "53.1795395538,9.26490892656": [], "53.1740736309,9.25669105724": [["732998995", 53.17405, 9.25669]], "53.1654638238,9.24556936137": [], "53.1875160243,9.27587555721": [], "53.1807128526,9.26652227528": [], "53.1789603643,9.26406545565": [], "53.1674477365,9.24774236977": [], "53.186271647,9.27416414022": [], "53.1902780291,9.27987506613": [["554742977", 53.1902499, 9.27986]], "53.1727667246,9.25472851843": [], "53.1801276281,9.26571987569": [["572246756", 53.18004, 9.26564]], "53.1680981722,9.24848333001": [], "53.1881225388,9.27670871839": [], "53.1886849646,9.27750575356": [], "53.1760667637,9.25970502198": []}}