{"439351": {"52.4965514895,10.5688072555": [], "52.4957589805,10.5610340461": [], "52.4962467235,10.566227138": [["764787258", 52.49629, 10.5662499], ["764787259", 52.49629, 10.5662499]], "52.4964841828,10.5695709307": [["717712079", 52.4964699, 10.56949], ["554734125", 52.4964699, 10.56949], ["554734126", 52.4964699, 10.56949]], "52.4964865297,10.5695720203": [["717712079", 52.4964699, 10.56949], ["554734125", 52.4964699, 10.56949], ["554734126", 52.4964699, 10.56949]], "52.4964272697,10.5663053412": [], "52.4943874497,10.5546749476": [], "52.4946508929,10.5572870839": [], "52.4961276166,10.5640337616": [], "52.4954039231,10.5597246252": [], "52.4965213984,10.5695176218": [["717712079", 52.4964699, 10.56949], ["554734125", 52.4964699, 10.56949], ["554734126", 52.4964699, 10.56949]], "52.4964781478,10.5695645604": [["717712079", 52.4964699, 10.56949], ["554734125", 52.4964699, 10.56949], ["554734126", 52.4964699, 10.56949]], "52.4949988257,10.5585101712": [], "52.496529026,10.5680653732": [], "52.4964880385,10.569574032": [["717712079", 52.4964699, 10.56949], ["554734125", 52.4964699, 10.56949], ["554734126", 52.4964699, 10.56949]], "52.4960100185,10.5623427965": [], "52.4962467235,10.5663411319": [["764787259", 52.49629, 10.5662499], ["764787258", 52.49629, 10.5662499]], "52.496429868,10.5663794372": [], "52.4944519904,10.5559813511": [], "52.496244628,10.5660557281": [], "52.4963978492,10.5661375355": [], "52.4965155311,10.5695290212": [["717712079", 52.4964699, 10.56949], ["554734125", 52.4964699, 10.56949], ["554734126", 52.4964699, 10.56949]], "52.4964652397,10.5695792288": [["554734125", 52.4964699, 10.56949], ["717712079", 52.4964699, 10.56949], ["554734126", 52.4964699, 10.56949]], "52.4962232541,10.5655313563": [], "52.4963077437,10.5662622582": [["764787258", 52.49629, 10.5662499], ["764787259", 52.49629, 10.5662499]], "52.4962796643,10.5663003959": [["764787259", 52.49629, 10.5662499], ["764787258", 52.49629, 10.5662499]], "52.4961486552,10.5643291399": [["764787257", 52.4961699, 10.56423], ["764787257", 52.4961699, 10.56423]], "52.496438669,10.5667240173": [], "52.4963089172,10.5662598275": [["764787258", 52.49629, 10.5662499], ["764787259", 52.49629, 10.5662499]], "52.4964065664,10.5661253817": [], "52.4961184803,10.5642879847": [["764787257", 52.4961699, 10.56423], ["764787257", 52.4961699, 10.56423]], "52.4965027906,10.5695486348": [["717712079", 52.4964699, 10.56949], ["554734125", 52.4964699, 10.56949], ["554734126", 52.4964699, 10.56949]], "52.4963634834,10.5661777686": [["764787259", 52.49629, 10.5662499], ["764787258", 52.49629, 10.5662499]], "52.4961258564,10.5642793514": [["764787257", 52.4961699, 10.56423], ["764787257", 52.4961699, 10.56423]], "52.4963932391,10.5661408883": [], "52.4962179735,10.5656133313": [], "52.4962229189,10.5652434379": [], "52.4964866973,10.569582833": [["717712079", 52.4964699, 10.56949], ["554734125", 52.4964699, 10.56949], ["554734126", 52.4964699, 10.56949]], "52.4964352325,10.5660865735": [], "52.4964814167,10.5695642252": [["717712079", 52.4964699, 10.56949], ["554734125", 52.4964699, 10.56949], ["554734126", 52.4964699, 10.56949]], "52.4963917304,10.5661444925": [], "52.496249238,10.5663412996": [["764787259", 52.49629, 10.5662499], ["764787258", 52.49629, 10.5662499]], "52.4962437898,10.5657983199": [], "52.496196432,10.5647485703": [], "52.4964866973,10.5695814919": [["717712079", 52.4964699, 10.56949], ["554734125", 52.4964699, 10.56949], ["554734126", 52.4964699, 10.56949]], "52.4963490665,10.5661994778": [["764787259", 52.49629, 10.5662499], ["764787258", 52.49629, 10.5662499]], "52.4964873679,10.5695782229": [["717712079", 52.4964699, 10.56949], ["554734125", 52.4964699, 10.56949], ["554734126", 52.4964699, 10.56949]], "52.4961203244,10.5642655212": [["764787257", 52.4961699, 10.56423], ["764787257", 52.4961699, 10.56423]], "52.4964542594,10.5673243292": [], "52.4964870326,10.569582833": [["717712079", 52.4964699, 10.56949], ["554734125", 52.4964699, 10.56949], ["554734126", 52.4964699, 10.56949]], "52.4962563626,10.5663325824": [["764787259", 52.49629, 10.5662499], ["764787258", 52.49629, 10.5662499]], "52.4964223243,10.5663059279": [], "52.4965326302,10.5693342257": [], "52.4964493979,10.5661700573": [], "52.4961214978,10.5642851349": [["764787257", 52.4961699, 10.56423], ["764787257", 52.4961699, 10.56423]], "52.4964487273,10.566073833": [], "52.4964406807,10.566269299": [], "52.4964849371,10.56958979": [["717712079", 52.4964699, 10.56949], ["554734125", 52.4964699, 10.56949], ["554734126", 52.4964699, 10.56949]], "52.4965149444,10.5695243273": [["717712079", 52.4964699, 10.56949], ["554734125", 52.4964699, 10.56949], ["554734126", 52.4964699, 10.56949]], "52.4963261839,10.5662329216": [["764787259", 52.49629, 10.5662499], ["764787258", 52.49629, 10.5662499]], "52.4964856915,10.5695862696": [["717712079", 52.4964699, 10.56949], ["554734125", 52.4964699, 10.56949], ["554734126", 52.4964699, 10.56949]], "52.4961106852,10.5633708369": []}, "439350": {"52.4913539551,10.6293346547": [], "52.4855261855,10.6335206609": [], "52.4926849175,10.6272878777": [["67952882", 52.4926899, 10.6272999]], "52.4962143693,10.5946534406": [], "52.4975282326,10.6074924208": [], "52.4984695204,10.5873832293": [], "52.4964696821,10.6018528249": [], "52.4977363553,10.6088761892": [], "52.4967599474,10.6033314765": [], "52.4895024765,10.6308038346": [], "52.496630447,10.6160200853": [["554734069", 52.49665, 10.6160499]], "52.497067228,10.6146626361": [], "52.4975732435,10.5906415265": [["67952915", 52.49761, 10.59066]], "52.4961812608,10.617391197": [], "52.4931706488,10.6264593266": [], "52.4860013556,10.632431265": [], "52.4966839235,10.5932731926": [["586514942", 52.49669, 10.59329]], "52.495899545,10.5961318407": [], "52.4974967167,10.6132534705": [], "52.493558228,10.6255246606": [], "52.4962355755,10.6006757542": [], "52.4970311858,10.6047759298": [], "52.4977707211,10.6117673591": [["554734084", 52.4978099, 10.6118399]], "52.4971266557,10.5919490196": [], "52.4907828961,10.6299994234": [["67954922", 52.4908492, 10.6299515]], "52.4944457877,10.6226530205": [], "52.4956652708,10.6189337187": [["554734069", 52.4957099, 10.6188999]], "52.4981141277,10.5891131703": [["67952915", 52.49813, 10.58915]], "52.4941437878,10.6235871837": [], "52.4870208465,10.6309476681": [], "52.4958286341,10.5977066327": [], "52.4946975801,10.6217993237": [], "52.4952780269,10.6200320832": [["67953941", 52.49533, 10.62006]], "52.4864349514,10.631458126": [["67955157", 52.48641, 10.63155]], "52.488242425,10.6311686989": [], "52.4984302931,10.5855588242": [["67952915", 52.4984, 10.58547]], "52.4901792314,10.6305468455": [["67954922", 52.4901999, 10.6306]], "52.4917915743,10.6287904177": [], "52.4972817209,10.6061388273": [], "52.4876551889,10.631156126": [["67955158", 52.4876435, 10.6311249], ["67955158", 52.48773, 10.63117]], "52.4888567347,10.6310019828": [], "52.4959846213,10.5992177222": [], "52.4978414644,10.6102995202": [], "52.4938627426,10.6245312374": [], "52.4949747697,10.6209243368": [], "52.4921882898,10.6281197816": []}}