{"241883": {"52.3236690369,9.64493779466": [], "52.3203733563,9.65238033794": [], "52.3479535896,9.66163496487": [], "52.3313596845,9.63626302779": [["51890144", 52.3313299, 9.63628], ["586524304", 52.3313299, 9.63628], ["51890144", 52.3314299, 9.63624]], "52.3480543401,9.64433622546": [["586519248", 52.34799, 9.6442699]], "52.3267407529,9.64231878519": [], "52.333889259,9.64221945964": [], "52.3220569454,9.64973366819": [], "52.3497302178,9.64819123037": [], "52.3243936524,9.64373616502": [], "52.3223854322,9.6469612699": [["717715036", 52.3224699, 9.64697]], "52.3313704971,9.63627635501": [["51890144", 52.3313299, 9.63628], ["51890144", 52.3314299, 9.63624], ["586524304", 52.3313299, 9.63628]], "52.3494026531,9.65713606216": [], "52.3313641269,9.63627669029": [["51890144", 52.3313299, 9.63628], ["51890144", 52.3314299, 9.63624], ["586524304", 52.3313299, 9.63628]], "52.331377957,9.63627853431": [["51890144", 52.3314299, 9.63624], ["51890144", 52.3313299, 9.63628], ["586524304", 52.3313299, 9.63628]], "52.3377548251,9.64409189299": [], "52.3501181323,9.65038318187": [["717746264", 52.35015, 9.6504699]], "52.3284019623,9.64049035683": [], "52.3485623673,9.65957259759": [], "52.3310477939,9.63668522425": [], "52.3219270259,9.65122665279": [["717715027", 52.3219399, 9.65124], ["51890417", 52.3219399, 9.65124]], "52.3490262218,9.64612542652": [["717746264", 52.34901, 9.64605]], "52.3219198175,9.64868224226": [], "52.3221906368,9.65059071779": [["51890397", 52.32222, 9.65052], ["51890394", 52.32222, 9.6505999], ["51890394", 52.32221, 9.6506699]], "52.3305044789,9.63745744899": [], "52.3209226225,9.65198571794": [], "52.3313729279,9.63628096506": [["586524304", 52.3313299, 9.63628]], "52.3197766487,9.65277613141": [], "52.331363624,9.63627392426": [["51890144", 52.3313299, 9.63628], ["51890144", 52.3314299, 9.63624], ["586524304", 52.3313299, 9.63628]], "52.3298426438,9.63842153549": [], "52.3323059175,9.63835766539": [], "52.3402549792,9.64358612895": [], "52.3319087829,9.6372628212": [], "52.3389653396,9.64393288828": [], "52.3347213306,9.64323107153": [["51890030", 52.3347399, 9.64327]], "52.3347196542,9.64322277345": [["51890030", 52.3347399, 9.64327]], "52.3441569228,9.64230344631": [], "52.3501992691,9.65267362073": [], "52.331351554,9.63627291843": [["51890144", 52.3313299, 9.63628], ["586524304", 52.3313299, 9.63628], ["51890144", 52.3314299, 9.63624]], "52.3313912842,9.63627258316": [["51890144", 52.3314299, 9.63624], ["51890144", 52.3313299, 9.63628], ["586524304", 52.3313299, 9.63628]], "52.3313609418,9.63627174497": [["51890144", 52.3313299, 9.63628], ["586524304", 52.3313299, 9.63628], ["51890144", 52.3314299, 9.63624]], "52.32500243,9.64309846982": [["717715047", 52.32501, 9.6431899]], "52.3347213306,9.64325143956": [["51890030", 52.3347399, 9.64327], ["51890030", 52.3348099, 9.64334]], "52.3499569483,9.65498023666": [], "52.3344639223,9.64302345179": [["51890047", 52.3345499, 9.6430799], ["51890047", 52.3344199, 9.64293]], "52.3291429225,9.63942593895": [["781486889", 52.32922, 9.63935]], "52.3258981202,9.64296067134": [["717715047", 52.3259399, 9.6430499]], "52.3468708992,9.64306033216": [["586519248", 52.34684, 9.6431]], "52.3327461351,9.63961746544": [], "52.3332818225,9.64091238566": [], "52.3275694717,9.64143499732": [["781486888", 52.3275799, 9.64149]], "52.3366914969,9.6440611314": [], "52.345535662,9.64238265529": [], "52.3214481678,9.6516059339": [], "52.3347084224,9.64318715036": [["51890030", 52.3347399, 9.64327]], "52.3351499811,9.64354329742": [["586499187", 52.33509, 9.6435499]], "52.3415768892,9.64306125417": [], "52.3229821399,9.64601805434": [], "52.3218981922,9.64775562286": [["586524301", 52.32199, 9.64776]], "52.3358191922,9.64386968873": [["586499187", 52.3359, 9.64393]], "52.3428619187,9.64256881736": [], "52.3315976467,9.63640065864": [["51890134", 52.33168, 9.63633]]}, "240595": {"52.0217719954,8.65280971862": [], "52.0214110706,8.65941742435": [["74832456", 52.02142, 8.6594599]], "52.0210813265,8.66108927876": [["74832456", 52.0210999, 8.66108]], "52.0193263236,8.67770506069": [], "52.021438228,8.65597413853": [], "52.0205089264,8.66258176044": [], "52.0190095715,8.66541509517": [["756636551", 52.01904, 8.6653699]], "52.0197417308,8.66391716525": [], "52.0214999188,8.65433832631": [], "52.018384533,8.66918661632": [], "52.0185207389,8.67109676823": [], "52.0185384247,8.66723732091": [["756636550", 52.01853, 8.66732]], "52.0187332202,8.67292184383": [], "52.0189316198,8.6746569816": [], "52.0214887708,8.65767071955": [["74832456", 52.0214999, 8.65777]], "52.0191284269,8.67627033032": [["74817540", 52.0190999, 8.6762899]]}, "240593": {"52.0353952702,8.56656027026": [], "52.0347886719,8.56405198574": [], "52.0332655963,8.55660382658": [], "52.0340699237,8.56056419201": [], "52.0357379224,8.5683141835": [], "52.0355322305,8.56736158021": [], "52.0362492185,8.57060026377": [], "52.036519954,8.57175981626": [], "52.0335104316,8.55772842653": [], "52.0338568557,8.55945392512": [], "52.0336582884,8.55845262296": [], "52.0333457273,8.55696332641": [], "52.0368521288,8.57283756137": [], "52.0350157376,8.56497106142": [], "52.0352245308,8.56575896032": [], "52.0345423277,8.56299284846": [], "52.0359844342,8.56942847371": [], "52.0343162678,8.56177185662": []}, "240594": {"52.0390361175,8.59280677512": [], "52.0377208292,8.61352105625": [], "52.0389490295,8.591915695": [], "52.028398728,8.62320173532": [], "52.0391054358,8.59367731959": [], "52.0291035622,8.62280828878": [], "52.0401370805,8.59952378087": [["51573026", 52.0401399, 8.5996099]], "52.0306100417,8.62185736187": [], "52.0403813291,8.60153677873": [], "52.0366005879,8.61498545855": [], "52.0249446295,8.63209585659": [], "52.0315130241,8.62113635056": [["52716685", 52.0315099, 8.62113]], "52.0372152328,8.61423376948": [["52716684", 52.0372499, 8.6141599], ["51573349", 52.0372499, 8.6141599]], "52.0256585162,8.62986157648": [], "52.0390364528,8.59280769713": [], "52.0391693898,8.61175691709": [], "52.0402866974,8.60041477717": [["51573026", 52.04028, 8.6003399]], "52.0331269596,8.61963808537": [], "52.0406766236,8.60436642542": [["51572924", 52.04065, 8.6042799]], "52.0399588812,8.6108400207": [], "52.0362058841,8.61549105495": [], "52.036882136,8.61466753297": [], "52.0386775397,8.58944152482": [], "52.0268477406,8.62436145544": [["587007088", 52.0268499, 8.6243999]], "52.0252075698,8.63089188002": [["587007084", 52.02528, 8.63085]], "52.0247154683,8.63586209714": [], "52.0357508305,8.6161844898": [], "52.0388249774,8.59078288078": [], "52.0248152968,8.63347903825": [], "52.0390356984,8.5928066913": [], "52.039036788,8.59280719422": [], "52.0390582457,8.59309142455": [], "52.0409270748,8.60582965426": [], "52.0399231743,8.59874225222": [], "52.0262538828,8.62759645097": [], "52.0390370395,8.59280752949": [], "52.0260199439,8.62877704203": [], "52.0271656662,8.62384219654": [], "52.0298499707,8.62235885113": [], "52.039702395,8.59801009297": [["587007361", 52.0396499, 8.598], ["51573085", 52.0396499, 8.598]], "52.0266643446,8.62534398213": [], "52.0390388835,8.5928176716": [], "52.0245410409,8.6393592786": [], "52.0246463176,8.63822353072": [["587007074", 52.0246799, 8.63823], ["51574684", 52.0246799, 8.63823]], "52.0410664659,8.60866382718": [], "52.0406512264,8.60985782929": [], "52.0392749179,8.59599382617": [], "52.0352095272,8.61703014001": [["52716684", 52.03516, 8.61713]], "52.0246846229,8.63704587333": [], "52.0338904671,8.618786484": [["52716685", 52.03396, 8.61876]], "52.0247371774,8.63471394405": [], "52.0264657773,8.62647025846": [], "52.0394339226,8.59705816023": [], "52.0345876738,8.61790621653": [["52716684", 52.0346199, 8.6178999]], "52.0383878611,8.61266065389": [], "52.0385694969,8.58811927959": [], "52.0390329324,8.59266545624": [["51582566", 52.0390199, 8.59268]], "52.0391965471,8.59475615434": [], "52.0411456749,8.60725239851": [], "52.0277420897,8.62355947495": [["587007089", 52.02768, 8.62357]], "52.0323223807,8.62044283189": [["52716685", 52.03235, 8.62045]], "52.0404903777,8.60286648385": []}, "241882": {"52.3600767553,9.70957651734": [], "52.3598978855,9.70886279829": [], "52.3575316742,9.70244259574": [["554733648", 52.3575199, 9.70245]], "52.3466449231,9.69070005231": [], "52.3503254168,9.69009043649": [["554733652", 52.3503399, 9.69011]], "52.3526795581,9.69397217967": [], "52.3475463968,9.69129759818": [["51925969", 52.34763, 9.69122]], "52.3606167175,9.71202353016": [], "52.3604084272,9.71139983274": [["792617550", 52.36046, 9.7114599]], "52.3522620555,9.69294372015": [["554733650", 52.3522999, 9.69299]], "52.3536020704,9.69604527578": [["792898780", 52.3535899, 9.69598]], "52.3585818429,9.70473035239": [], "52.3600720614,9.70957794227": [], "52.3466510419,9.69186161645": [["51926041", 52.3466599, 9.6918299]], "52.3530988209,9.69500047155": [["792898780", 52.35315, 9.69504]], "52.360160239,9.70998337492": [], "52.3608637322,9.71324427053": [], "52.3490302451,9.68950881623": [], "52.3468962964,9.69027441926": [], "52.3580848798,9.70359292813": [], "52.351861652,9.69209052622": [["554733650", 52.3518799, 9.69211]], "52.3569235671,9.70131925307": [], "52.3509106413,9.69065361656": [["554733652", 52.3509199, 9.69066]], "52.3548139259,9.69797755592": [], "52.3541855346,9.69701305032": [["792898782", 52.3542, 9.697]], "52.3597029224,9.70796694048": [], "52.3496562894,9.68967352062": [["554733652", 52.3496499, 9.6897299]], "52.3594084661,9.70693194307": [["586499162", 52.35941, 9.70694]], "52.3473954387,9.68993738294": [], "52.3590274248,9.70584263094": [], "52.351393858,9.69130187295": [["554733650", 52.35137, 9.6912399]], "52.3609240819,9.71334393136": [["586501295", 52.36099, 9.71331]], "52.3472121265,9.69216235913": [], "52.3485146742,9.68952222727": [], "52.360029649,9.70937375911": [["51929343", 52.3600199, 9.70934], ["51929344", 52.3600199, 9.70934], ["51918343", 52.3601199, 9.70928]], "52.3480109219,9.68965197913": [], "52.3598355241,9.70858812332": [], "52.360798521,9.71279835328": [["51918225", 52.3608399, 9.7127099]], "52.3556101229,9.6991925966": [["554733648", 52.3556499, 9.6992799], ["51918942", 52.3556499, 9.6992799]], "52.3608669173,9.71321912482": [], "52.3475019727,9.68989924528": [["79947502", 52.3475699, 9.68987], ["51925976", 52.3475699, 9.68987]], "52.356271036,9.70025123097": [], "52.3602672759,9.7106592916": [], "52.3598204367,9.70851352438": []}}