{"291181": {"52.9406204447,9.8635331355": [["727971329", 52.94071, 9.86369], ["67945922", 52.9406199, 9.8638999]], "52.9405907728,9.86347001977": [["727971329", 52.94071, 9.86369], ["67945922", 52.9406199, 9.8638999]], "52.9403827339,9.8630992882": [["727971329", 52.94071, 9.86369], ["67945922", 52.9406199, 9.8638999]], "52.9396580346,9.8614816647": [["727971329", 52.9397699, 9.8617299], ["572219646", 52.93932, 9.8607799]], "52.9408328421,9.86388375051": [["727971329", 52.94071, 9.86369], ["67945922", 52.9406199, 9.8638999]], "52.9410946928,9.86440141685": [["727971329", 52.94149, 9.86519], ["727971329", 52.94071, 9.86369], ["67945922", 52.9406199, 9.8638999]], "52.9397309572,9.86163161695": [["727971329", 52.9397699, 9.8617299], ["572219646", 52.93932, 9.8607799], ["67945922", 52.9392099, 9.86089]], "52.9403894395,9.86311974004": [["727971329", 52.94071, 9.86369], ["67945922", 52.9406199, 9.8638999]], "52.9403746873,9.86298604868": [["727971329", 52.94071, 9.86369], ["67945922", 52.9406199, 9.8638999]], "52.9405460972,9.86337983049": [["727971329", 52.94071, 9.86369], ["67945922", 52.9406199, 9.8638999]], "52.9401356354,9.86253242008": [["727971329", 52.9397699, 9.8617299]], "52.9401527345,9.86253376119": [["727971329", 52.9397699, 9.8617299]], "52.940111747,9.86244851723": [["727971329", 52.9397699, 9.8617299]], "52.9405877553,9.86346147023": [["727971329", 52.94071, 9.86369], ["67945922", 52.9406199, 9.8638999]], "52.9409756698,9.86412464641": [["727971329", 52.94071, 9.86369], ["67945922", 52.9406199, 9.8638999]], "52.9393309727,9.86076559871": [["572219646", 52.93932, 9.8607799], ["727971329", 52.9397699, 9.8617299], ["67945922", 52.9392099, 9.86089]], "52.9398150276,9.86183605157": [["727971329", 52.9397699, 9.8617299]], "52.9395965952,9.86136197113": [["727971329", 52.9397699, 9.8617299], ["572219646", 52.93932, 9.8607799], ["67945922", 52.9392099, 9.86089]], "52.9391587246,9.86042076722": [["572219646", 52.93932, 9.8607799], ["67945922", 52.9392099, 9.86089]], "52.9395690188,9.8613169603": [["727971329", 52.9397699, 9.8617299], ["572219646", 52.93932, 9.8607799], ["67945922", 52.9392099, 9.86089]], "52.9410601594,9.86427158117": [["727971329", 52.94149, 9.86519], ["727971329", 52.94071, 9.86369], ["67945922", 52.9406199, 9.8638999]], "52.94021409,9.86265848391": [["727971329", 52.9397699, 9.8617299]], "52.940008482,9.86223553307": [["727971329", 52.9397699, 9.8617299]], "52.9402631242,9.86277482472": [["727971329", 52.94071, 9.86369]], "52.9393982794,9.86091144383": [["727971329", 52.9397699, 9.8617299], ["572219646", 52.93932, 9.8607799]], "52.9398741201,9.86197242513": [["727971329", 52.9397699, 9.8617299]], "52.9409072734,9.86399179325": [["727971329", 52.94071, 9.86369], ["67945922", 52.9406199, 9.8638999]], "52.9407972191,9.86382884905": [["727971329", 52.94071, 9.86369], ["67945922", 52.9406199, 9.8638999]], "52.9407280684,9.86372114159": [["727971329", 52.94071, 9.86369], ["67945922", 52.9406199, 9.8638999]], "52.939265091,9.86062939279": [["572219646", 52.93932, 9.8607799], ["67945922", 52.9392099, 9.86089]], "52.9401442688,9.86254189163": [["727971329", 52.9397699, 9.8617299]], "52.940146951,9.86255748197": [["727971329", 52.9397699, 9.8617299]], "52.9405884258,9.86346482299": [["727971329", 52.94071, 9.86369], ["67945922", 52.9406199, 9.8638999]], "52.9401462805,9.86254583113": [["727971329", 52.9397699, 9.8617299]], "52.9411238618,9.86452463083": [["727971329", 52.94162, 9.86543], ["727971329", 52.94071, 9.86369], ["727971329", 52.94149, 9.86519], ["67945922", 52.9406199, 9.8638999]], "52.9404039402,9.86310448498": [["727971329", 52.94071, 9.86369], ["67945922", 52.9406199, 9.8638999]], "52.9399272613,9.86207367852": [["727971329", 52.9397699, 9.8617299]], "52.9401473701,9.86255899072": [["727971329", 52.9397699, 9.8617299]], "52.9401494656,9.86256519333": [["727971329", 52.9397699, 9.8617299]], "52.9403108172,9.86286886968": [["727971329", 52.94071, 9.86369]], "52.9401719291,9.86256167293": [["727971329", 52.9397699, 9.8617299]], "52.9404613562,9.86322417855": [["727971329", 52.94071, 9.86369], ["67945922", 52.9406199, 9.8638999]], "52.9411603231,9.86459126696": [["727971329", 52.94162, 9.86543], ["727971329", 52.94149, 9.86519], ["727971329", 52.94071, 9.86369], ["67945922", 52.9406199, 9.8638999]], "52.9394919891,9.86111093313": [["727971329", 52.9397699, 9.8617299], ["572219646", 52.93932, 9.8607799]], "52.9401577637,9.86258614808": [["727971329", 52.9397699, 9.8617299]]}, "291182": {"52.9458716232,9.87247788347": [["727971298", 52.9454, 9.87173], ["727971299", 52.9464781, 9.8733706], ["51736325", 52.9466599, 9.8721999], ["51736325", 52.9465699, 9.8723299]], "52.9455800168,9.8720604647": [["727971298", 52.9454, 9.87173], ["554713956", 52.9451799, 9.8716799], ["51736324", 52.9463999, 9.87173], ["51736324", 52.94527, 9.8710899]], "52.9423106555,9.86682688817": [["727971330", 52.9422299, 9.8665599], ["554713818", 52.94271, 9.86743], ["67945922", 52.9419299, 9.86635]], "52.9451750871,9.87137641758": [["727971298", 52.9454, 9.87173], ["51736324", 52.94592, 9.87156], ["51736324", 52.9461699, 9.8716799], ["51736324", 52.9450199, 9.87084]], "52.9450609256,9.87115748227": [["51736324", 52.94592, 9.87156], ["727971298", 52.9454, 9.87173], ["51736324", 52.9450199, 9.87084], ["51736324", 52.9455099, 9.8712899]], "52.9459938314,9.87265574746": [["727971298", 52.9454, 9.87173], ["727971299", 52.9464781, 9.8733706], ["51736325", 52.9466599, 9.8721999], ["51736325", 52.9465699, 9.8723299]], "52.9421830829,9.86665782519": [["67945922", 52.9419299, 9.86635], ["727971330", 52.9422299, 9.8665599], ["554713818", 52.94271, 9.86743]], "52.9460923187,9.87280318514": [["51736325", 52.9466599, 9.8721999], ["727971299", 52.9464781, 9.8733706], ["51736325", 52.9465699, 9.8723299], ["51736325", 52.94651, 9.87251]], "52.9421369825,9.86655011773": [["554713818", 52.94271, 9.86743], ["727971330", 52.9422299, 9.8665599], ["67945922", 52.9419299, 9.86635]], "52.9417172167,9.86579323187": [["727971329", 52.94149, 9.86519], ["727971330", 52.9422299, 9.8665599], ["727971329", 52.94162, 9.86543], ["67945922", 52.9419299, 9.86635]], "52.9435835313,9.86910785548": [["67945922", 52.9433199, 9.86874], ["554713818", 52.9434799, 9.86873], ["554713818", 52.94429, 9.8700299]], "52.9452887457,9.87162024714": [["727971298", 52.9454, 9.87173], ["51736324", 52.94592, 9.87156], ["51736324", 52.9450199, 9.87084], ["51736324", 52.9461699, 9.8716799]], "52.942120051,9.86652522348": [["67945922", 52.9419299, 9.86635], ["554713818", 52.94271, 9.86743], ["727971330", 52.9422299, 9.8665599]], "52.9438889679,9.86946207471": [["554713818", 52.9434799, 9.86873], ["554713818", 52.94429, 9.8700299]], "52.9423572589,9.86690877937": [["727971330", 52.9422299, 9.8665599], ["554713818", 52.94271, 9.86743], ["67945922", 52.9419299, 9.86635]], "52.9418539256,9.86603102647": [["727971329", 52.94149, 9.86519], ["727971330", 52.9422299, 9.8665599], ["727971329", 52.94162, 9.86543], ["67945922", 52.9419299, 9.86635]], "52.9435825255,9.86916602589": [["67945922", 52.9433199, 9.86874], ["727938235", 52.9441999, 9.87015], ["554713818", 52.9434799, 9.86873], ["554713818", 52.94429, 9.8700299]], "52.9426680598,9.867455028": [["727971330", 52.9422299, 9.8665599], ["554713818", 52.94271, 9.86743]], "52.9440626409,9.86969794147": [["554713818", 52.9434799, 9.86873], ["554713818", 52.94429, 9.8700299], ["51736324", 52.9448299, 9.8705899]], "52.9415493272,9.86549969763": [["727971329", 52.94149, 9.86519], ["727971329", 52.94162, 9.86543], ["67945922", 52.9419299, 9.86635]], "52.9435849562,9.8691841308": [["727938235", 52.9441999, 9.87015], ["67945922", 52.9433199, 9.86874], ["554713818", 52.9434799, 9.86873], ["554713818", 52.94429, 9.8700299]], "52.9422147665,9.86664634198": [["727971330", 52.9422299, 9.8665599], ["554713818", 52.94271, 9.86743], ["67945922", 52.9419299, 9.86635]], "52.9454246163,9.87184773199": [["727971298", 52.9454, 9.87173], ["51736324", 52.9463999, 9.87173], ["51736324", 52.94592, 9.87156], ["51736324", 52.9461699, 9.8716799]], "52.9456426296,9.87214269117": [["727971298", 52.9454, 9.87173], ["51736324", 52.9463999, 9.87173], ["51736324", 52.94592, 9.87156], ["51736324", 52.9457099, 9.87147]], "52.942260867,9.86673594452": [["727971330", 52.9422299, 9.8665599], ["554713818", 52.94271, 9.86743], ["67945922", 52.9419299, 9.86635]], "52.9419378284,9.86620143056": [["727971330", 52.9422299, 9.8665599], ["727971329", 52.94162, 9.86543]], "52.9432475846,9.86848114058": [["554713818", 52.9434799, 9.86873]], "52.9436110239,9.86907684244": [["554713818", 52.9434799, 9.86873], ["67945922", 52.9433199, 9.86874], ["554713818", 52.94429, 9.8700299]], "52.9421828315,9.86658733338": [["554713818", 52.94271, 9.86743], ["727971330", 52.9422299, 9.8665599], ["67945922", 52.9419299, 9.86635]], "52.9430034198,9.8680420965": [["554713818", 52.94271, 9.86743], ["554713818", 52.9434799, 9.86873]], "52.9435732216,9.86910324544": [["67945922", 52.9433199, 9.86874], ["554713818", 52.9434799, 9.86873], ["554713818", 52.94429, 9.8700299]], "52.9420387466,9.86639019102": [["727971330", 52.9422299, 9.8665599], ["727971329", 52.94162, 9.86543]], "52.9415264446,9.8653824348": [["727971329", 52.94149, 9.86519], ["727971329", 52.94162, 9.86543], ["67945922", 52.9419299, 9.86635]], "52.9457561206,9.87230848521": [["727971298", 52.9454, 9.87173], ["51736324", 52.9463999, 9.87173], ["51736324", 52.9457099, 9.87147], ["51736324", 52.94667, 9.87182]], "52.9421845917,9.86660133116": [["554713818", 52.94271, 9.86743], ["727971330", 52.9422299, 9.8665599], ["67945922", 52.9419299, 9.86635]], "52.9448087979,9.87082497217": [["727971298", 52.9454, 9.87173], ["554713818", 52.94429, 9.8700299], ["51736324", 52.9455099, 9.8712899], ["51736324", 52.9457099, 9.87147]], "52.9425156768,9.86719225533": [["727971330", 52.9422299, 9.8665599], ["554713818", 52.94271, 9.86743]], "52.9424499627,9.86707951874": [["727971330", 52.9422299, 9.8665599], ["554713818", 52.94271, 9.86743], ["67945922", 52.9419299, 9.86635]], "52.9437418655,9.8692294769": [["554713818", 52.9434799, 9.86873], ["554713818", 52.94429, 9.8700299]], "52.9421821609,9.86666109413": [["67945922", 52.9419299, 9.86635], ["727971330", 52.9422299, 9.8665599], ["554713818", 52.94271, 9.86743]], "52.94420572,9.86993322149": [["51736324", 52.9448299, 9.8705899], ["554713818", 52.94429, 9.8700299], ["51736324", 52.9450199, 9.87084]], "52.9416635726,9.86564638093": [["727971329", 52.94149, 9.86519], ["727971330", 52.9422299, 9.8665599], ["727971329", 52.94162, 9.86543]], "52.9455200862,9.87196901813": [["727971298", 52.9454, 9.87173], ["554713956", 52.9451799, 9.8716799], ["51736324", 52.9463999, 9.87173], ["51736324", 52.94592, 9.87156]], "52.9446964804,9.8706903588": [["554713818", 52.94429, 9.8700299], ["51736324", 52.9455099, 9.8712899], ["51736324", 52.94527, 9.8710899], ["727938235", 52.9441999, 9.87015]], "52.9445056245,9.87034427002": [["51736324", 52.94527, 9.8710899], ["554713818", 52.94429, 9.8700299], ["51736324", 52.9448299, 9.8705899], ["51736324", 52.9450199, 9.87084]], "52.944956487,9.87098464742": [["727971298", 52.9454, 9.87173], ["554713818", 52.94429, 9.8700299], ["51736324", 52.9455099, 9.8712899], ["51736324", 52.94592, 9.87156]], "52.9431356862,9.86826865934": [["554713818", 52.94271, 9.86743], ["554713818", 52.9434799, 9.86873]], "52.9415297974,9.8654031381": [["727971329", 52.94149, 9.86519], ["727971329", 52.94162, 9.86543], ["67945922", 52.9419299, 9.86635]], "52.9421875253,9.86665866338": [["67945922", 52.9419299, 9.86635], ["727971330", 52.9422299, 9.8665599], ["554713818", 52.94271, 9.86743]], "52.9415483214,9.8654894717": [["727971329", 52.94149, 9.86519], ["727971329", 52.94162, 9.86543], ["67945922", 52.9419299, 9.86635]], "52.9417155404,9.86577479169": [["727971329", 52.94149, 9.86519], ["727971330", 52.9422299, 9.8665599], ["727971329", 52.94162, 9.86543], ["67945922", 52.9419299, 9.86635]], "52.9415445495,9.86546508037": [["727971329", 52.94149, 9.86519], ["727971329", 52.94162, 9.86543], ["67945922", 52.9419299, 9.86635]], "52.9415578768,9.86540154554": [["727971329", 52.94149, 9.86519], ["727971329", 52.94162, 9.86543]], "52.9427612666,9.86763171852": [["554713818", 52.94271, 9.86743]], "52.9417616408,9.86586104147": [["727971329", 52.94149, 9.86519], ["727971330", 52.9422299, 9.8665599], ["727971329", 52.94162, 9.86543]], "52.9428613465,9.86780731939": [["554713818", 52.94271, 9.86743], ["554713818", 52.9434799, 9.86873]], "52.9424156807,9.86701564863": [["727971330", 52.9422299, 9.8665599], ["554713818", 52.94271, 9.86743], ["67945922", 52.9419299, 9.86635]], "52.9461912252,9.87295305356": [["727971299", 52.94678, 9.87383], ["727971299", 52.9464781, 9.8733706], ["51736325", 52.9465699, 9.8723299], ["51736325", 52.9466599, 9.8721999]], "52.9446247313,9.8705119919": [["51736324", 52.9455099, 9.8712899], ["554713818", 52.94429, 9.8700299], ["51736324", 52.94527, 9.8710899], ["51736324", 52.9448299, 9.8705899]], "52.941719396,9.86578074284": [["727971329", 52.94149, 9.86519], ["727971330", 52.9422299, 9.8665599], ["727971329", 52.94162, 9.86543], ["67945922", 52.9419299, 9.86635]], "52.9443641379,9.8701472953": [["554713818", 52.94429, 9.8700299], ["51736324", 52.94527, 9.8710899], ["51736324", 52.9448299, 9.8705899], ["51736324", 52.9450199, 9.87084]], "52.9434508458,9.86883753911": [["554713818", 52.9434799, 9.86873]]}}