{"292273": {"51.7147848755,9.17964108288": [["792807001", 51.7148099, 9.1796899]], "51.7120470945,9.1793852672": [], "51.7043064907,9.1705143638": [], "51.705587497,9.17516062036": [], "51.6929497663,9.16503109038": [], "51.6940803174,9.16597003117": [], "51.7016610783,9.1709671542": [], "51.7071688268,9.18088562787": [["74890445", 51.7072299, 9.1809499]], "51.7061584722,9.17825069278": [["75018060", 51.70613, 9.1782199]], "51.7063648347,9.17922802269": [["75018060", 51.7063399, 9.17922]], "51.715979632,9.175447952": [], "51.6997248586,9.17056079954": [["587010581", 51.6997, 9.17056]], "51.7047777213,9.17211966589": [["792806977", 51.70481, 9.1721499], ["792806977", 51.70471, 9.1720799]], "51.7052260693,9.17299088091": [["75386421", 51.70522, 9.17292]], "51.7066514958,9.18021775782": [["75018061", 51.70666, 9.1802599], ["74890129", 51.70666, 9.1802599]], "51.7006994225,9.17090412229": [["51529938", 51.70078, 9.17091]], "51.7160915304,9.17690095492": [], "51.711585084,9.17962121777": [["786898558", 51.7114899, 9.17968]], "51.6975786723,9.16895868257": [], "51.6952377744,9.1669183597": [["76193526", 51.6952199, 9.1669599]], "51.715542851,9.17089884169": [], "51.7160439212,9.17619167827": [], "51.7042589653,9.17006308213": [], "51.7149123643,9.17974015698": [], "51.715730438,9.179222323": [], "51.7153180484,9.17961568572": [], "51.7091559246,9.18065018021": [["74890496", 51.7090999, 9.18069], ["74890496", 51.70924, 9.1806393]], "51.7159282509,9.1748251766": [["74890530", 51.71594, 9.17488]], "51.6909569688,9.16244007647": [["762453608", 51.69097, 9.16247]], "51.7111976724,9.17995263822": [["786898557", 51.7111072, 9.1799013], ["786898557", 51.7111072, 9.1799013]], "51.7158126645,9.17366679758": [], "51.7140131537,9.17922508903": [["792807001", 51.7139899, 9.17918]], "51.7044466361,9.17145975865": [["792806976", 51.7045099, 9.1715499]], "51.7158748582,9.1743297223": [], "51.7156714294,9.17223257013": [], "51.705984883,9.17724033818": [], "51.7163809575,9.17857867666": [], "51.7148892302,9.17972456664": [["792807001", 51.7148099, 9.1796899], ["792807002", 51.7148099, 9.1796899]], "51.7129924893,9.17896935716": [["75387010", 51.71299, 9.1789]], "51.7105751485,9.18018397875": [], "51.7084991187,9.18086299673": [["74890445", 51.7084965, 9.1809062]], "51.7144561373,9.17943656445": [["792807001", 51.7143799, 9.1793999]], "51.7149392702,9.17976354249": [["792807002", 51.71503, 9.17984], ["792807002", 51.71503, 9.17984]], "51.7040929198,9.16997733526": [], "51.7157336231,9.17295282707": [], "51.7078272253,9.18104538694": [], "51.7156047933,9.17156042531": [], "51.7162599228,9.17815363035": [], "51.7026036233,9.17072793469": [], "51.7161495332,9.17758734897": [["74877567", 51.71618, 9.17762]], "51.6964131687,9.16792293079": [], "51.6987216286,9.17001161724": [["762453590", 51.6986999, 9.1699499]], "51.7150776554,9.17985339649": [["792807002", 51.71503, 9.17984], ["792807002", 51.71509, 9.1798899], ["74877566", 51.71509, 9.1798899]], "51.7051255703,9.17221312411": [["792806977", 51.7051299, 9.17213]], "51.6919034533,9.16384077631": [], "51.7135171965,9.17899752036": [], "51.7057880759,9.17621003464": [], "51.709964443,9.1804339271": [["74890496", 51.71004, 9.1803499]], "51.7161589209,9.17882367969": [], "51.7053992394,9.17407977395": [], "51.7124743201,9.17918058112": [["75387010", 51.7125099, 9.17916]], "51.7034895904,9.17030062526": []}, "477313": {"52.4270996265,10.7682133187": [["51838222", 52.42712, 10.7682], ["51838222", 52.4270799, 10.76831], ["51838222", 52.42712, 10.7682], ["51838222", 52.4270799, 10.76831]], "52.4258596916,10.7658923697": [], "52.4288970418,10.762789892": [], "52.4266047589,10.7687410433": [["51834504", 52.42663, 10.76883]], "52.425627429,10.7659337763": [], "52.4300168641,10.7624501735": [], "52.4270865507,10.7682179287": [["51838222", 52.42712, 10.7682], ["51838222", 52.4270799, 10.76831], ["51838222", 52.42712, 10.7682], ["51838222", 52.4270799, 10.76831]], "52.4273060728,10.7632227335": [], "52.4312851299,10.7620038372": [], "52.42848197,10.7628597971": [["67951289", 52.4283899, 10.7629099], ["759311295", 52.4283899, 10.7629099]], "52.4254119303,10.7659577485": [], "52.4259724282,10.7692964282": [], "52.4270867184,10.7682152465": [["51838222", 52.42712, 10.7682], ["51838222", 52.4270799, 10.76831], ["51838222", 52.42712, 10.7682], ["51838222", 52.4270799, 10.76831]], "52.4254249223,10.7659722492": [], "52.4288448226,10.7627586275": [], "52.4289535359,10.7627295423": [], "52.4262072891,10.7661244646": [], "52.4288356863,10.7627973519": [], "52.4261006713,10.7682630233": [], "52.4294968508,10.7626094297": [], "52.425415786,10.7659639511": [], "52.4284251407,10.7628747169": [["792650905", 52.4283899, 10.7629099], ["67951289", 52.4283899, 10.7629099], ["759311295", 52.4283899, 10.7629099]], "52.4287881609,10.7627903949": [["67951290", 52.42871, 10.7628099]], "52.4284059461,10.7628735434": [["759311295", 52.4283899, 10.7629099], ["792650905", 52.4283899, 10.7629099], ["67951289", 52.4283899, 10.7629099]], "52.4262417387,10.7680267375": [], "52.425412517,10.7659592573": [], "52.4271250237,10.7680448424": [["51838222", 52.42716, 10.76804]], "52.4283854943,10.7629008684": [["759311295", 52.4283899, 10.7629099], ["67951289", 52.4283899, 10.7629099]], "52.4279116653,10.7630586997": [["792650904", 52.4278399, 10.76308]], "52.4262707401,10.7666850463": [], "52.4262625258,10.7691627368": [["51835403", 52.42627, 10.7691799]], "52.4261190277,10.7692829333": [], "52.4256029539,10.7688081823": [], "52.4288428947,10.762806572": [], "52.427085964,10.7682158332": [["51838222", 52.42712, 10.7682], ["51838222", 52.4270799, 10.76831], ["51838222", 52.42712, 10.7682], ["51838222", 52.4270799, 10.76831]], "52.4259799719,10.7687755767": [], "52.4259441812,10.7694912236": [], "52.4291179888,10.7627275307": [], "52.4316657521,10.7619053498": [], "52.4284208659,10.7628731243": [["792650905", 52.4283899, 10.7629099], ["67951289", 52.4283899, 10.7629099], ["759311295", 52.4283899, 10.7629099]], "52.4269532785,10.7664769236": [["51835174", 52.4269199, 10.76641]], "52.4320519902,10.7618607581": [["51835872", 52.43205, 10.76191]], "52.4267147295,10.7643573917": [["51835174", 52.42667, 10.76439]], "52.4254240841,10.7659681421": [], "52.4289646,10.7627363317": [], "52.4270908255,10.7682133187": [["51838222", 52.42712, 10.7682], ["51838222", 52.4270799, 10.76831], ["51838222", 52.42712, 10.7682], ["51838222", 52.4270799, 10.76831]], "52.4269555416,10.7684206869": [["51838222", 52.42703, 10.76841]], "52.4258797243,10.7688142173": [], "52.4268624187,10.7636527251": [["51835174", 52.4268199, 10.76368]], "52.4267829582,10.7654247433": [["51835174", 52.42674, 10.76544]], "52.4270862993,10.7682178449": [["51838222", 52.42712, 10.7682], ["51838222", 52.4270799, 10.76831], ["51838222", 52.42712, 10.7682], ["51838222", 52.4270799, 10.76831]], "52.4271547794,10.7674075663": [["51835174", 52.4271499, 10.76739]], "52.4305385537,10.7622405421": [], "52.4308754224,10.7621435635": [], "52.43215953,10.7620754186": [], "52.4263963848,10.7677548286": [], "52.4254788179,10.7659449242": [], "52.4259192869,10.7691171393": [], "52.4289106205,10.7627505809": [], "52.4263344426,10.7673054747": [], "52.4260919541,10.7658695709": [], "52.4284355342,10.7628742978": [["792650905", 52.4283899, 10.7629099], ["67951289", 52.4283899, 10.7629099], ["759311295", 52.4283899, 10.7629099]]}}