{"322793": {"52.7480450459,10.8637737203": [["541238792", 52.7481399, 10.8633199], ["551693382", 52.7481399, 10.8633199], ["551693382", 52.74757, 10.86375]], "52.748043118,10.8637712896": [["541238792", 52.7481399, 10.8633199], ["551693382", 52.7481399, 10.8633199], ["551693382", 52.74757, 10.86375]], "52.748046387,10.8637743909": [["541238792", 52.7481399, 10.8633199], ["551693382", 52.7481399, 10.8633199], ["551693382", 52.74757, 10.86375]], "52.7480123565,10.863745138": [["551693382", 52.7481399, 10.8633199], ["551693382", 52.74757, 10.86375], ["541238792", 52.7481399, 10.8633199]], "52.7480511647,10.8637750614": [["541238792", 52.7481399, 10.8633199], ["551693382", 52.7481399, 10.8633199], ["551693382", 52.74757, 10.86375]], "52.7480487339,10.8637747262": [["541238792", 52.7481399, 10.8633199], ["551693382", 52.7481399, 10.8633199], ["551693382", 52.74757, 10.86375]], "52.7480281983,10.8637588844": [["551693382", 52.7481399, 10.8633199], ["551693382", 52.74757, 10.86375], ["541238792", 52.7481399, 10.8633199]], "52.7480411902,10.8637695294": [["551693382", 52.7481399, 10.8633199], ["551693382", 52.74757, 10.86375], ["541238792", 52.7481399, 10.8633199]], "52.748015793,10.8637457248": [["551693382", 52.7481399, 10.8633199], ["551693382", 52.74757, 10.86375], ["541238792", 52.7481399, 10.8633199]], "52.7480529249,10.8637747262": [["541238792", 52.7481399, 10.8633199], ["551693382", 52.7481399, 10.8633199], ["551693382", 52.74757, 10.86375]], "52.7480442915,10.8637726307": [["541238792", 52.7481399, 10.8633199], ["551693382", 52.7481399, 10.8633199], ["551693382", 52.74757, 10.86375]], "52.7480372507,10.8637658414": [["551693382", 52.7481399, 10.8633199], ["551693382", 52.74757, 10.86375], ["541238792", 52.7481399, 10.8633199]]}, "322795": {"52.7288263477,10.7351827528": [["67957592", 52.72886, 10.7352299], ["67957592", 52.7288699, 10.73538], ["67959661", 52.72885, 10.7358299], ["67959661", 52.72886, 10.7356599]], "52.728690058,10.7309318706": [["67959578", 52.72873, 10.73066], ["67959577", 52.7286999, 10.7316499], ["67959577", 52.72869, 10.7318499]], "52.7286346536,10.7320508547": [["67957592", 52.72868, 10.73266], ["67957592", 52.72868, 10.73266], ["67959577", 52.72869, 10.7318499], ["67957592", 52.7286699, 10.73227]], "52.7297693957,10.7354208827": [["67959562", 52.7299499, 10.73528], ["67959562", 52.72947, 10.7354299], ["67959562", 52.7302099, 10.7352299], ["67959691", 52.72886, 10.7356599]], "52.7292217221,10.7356284186": [["67959660", 52.72883, 10.7362899], ["67959562", 52.72947, 10.7354299], ["67959691", 52.72886, 10.7356599], ["67959562", 52.7299499, 10.73528]], "52.7289122622,10.7242684253": [["792582177", 52.72899, 10.7235799], ["717708724", 52.72896, 10.72442], ["792582176", 52.7289699, 10.72426]], "52.7289958298,10.7221784815": [["67959703", 52.72901, 10.72313], ["764767521", 52.7290699, 10.7216]], "52.7288031299,10.7275417261": [["67966983", 52.72885, 10.7275499]], "52.7287163772,10.7354418375": [["67959662", 52.7279199, 10.73627], ["67959662", 52.7279199, 10.73627], ["67959662", 52.72807, 10.73613], ["67959691", 52.72807, 10.73613]], "52.7288800757,10.7253392972": [["717708724", 52.72896, 10.72442], ["67959571", 52.72892, 10.7254199]], "52.7286722884,10.7331990916": [["67957592", 52.7286699, 10.73227], ["67957592", 52.72868, 10.73266], ["67957592", 52.7287399, 10.73344]], "52.729040673,10.7211368624": [["792582912", 52.72912, 10.7201699], ["764767521", 52.7290999, 10.7208599], ["764767521", 52.7290699, 10.7216], ["764767521", 52.7290903, 10.7210977]], "52.7303979546,10.7353837509": [["67959562", 52.7303799, 10.73525], ["67959562", 52.7302099, 10.7352299], ["67959562", 52.7299499, 10.73528], ["67959562", 52.73056, 10.73531]], "52.728791479,10.7356887683": [["67959691", 52.72866, 10.73574], ["67959562", 52.72886, 10.7356599], ["67959691", 52.7284799, 10.7358299], ["67959562", 52.72947, 10.7354299]], "52.7288450394,10.7264290284": [], "52.7289572731,10.7232323382": [["792582177", 52.72899, 10.7235799], ["67959703", 52.72901, 10.72313]], "52.7287142817,10.7354465313": [["67959662", 52.7279199, 10.73627], ["67959662", 52.7279199, 10.73627], ["67959662", 52.72807, 10.73613], ["67959691", 52.72807, 10.73613]], "52.728765076,10.728678396": [], "52.7287166286,10.7354374789": [["67959662", 52.7279199, 10.73627], ["67959662", 52.7279199, 10.73627], ["67959662", 52.72807, 10.73613], ["67959691", 52.72807, 10.73613]], "52.7287237532,10.7298115455": [["67959578", 52.72873, 10.73066], ["67959701", 52.7287699, 10.72974]], "52.7287177183,10.7354391553": [["67959662", 52.7279199, 10.73627], ["67959662", 52.7279199, 10.73627], ["67959662", 52.72807, 10.73613], ["67959691", 52.72807, 10.73613]], "52.7287558559,10.7342826203": [["67957592", 52.7287399, 10.73344], ["67957592", 52.72886, 10.7352299]]}, "322794": {"52.7275832277,10.7560256962": [["67973043", 52.72763, 10.7558]], "52.72770904,10.7621494308": [["67973043", 52.72778, 10.7630099]], "52.7278574836,10.7760714367": [["67973043", 52.7279, 10.77592]], "52.7356932219,10.8265080303": [], "52.7278196812,10.7876091264": [["67958022", 52.7278499, 10.7870599]], "52.7371752262,10.8390594274": [], "52.7277655341,10.7930996921": [["541235201", 52.72783, 10.79364], ["541235201", 52.7278199, 10.79338], ["779683368", 52.7278199, 10.79338], ["541235200", 52.72786, 10.79387]], "52.7278046776,10.7897094637": [["67958022", 52.7278499, 10.78938]], "52.7342308313,10.8171815705": [["592197523", 52.7342, 10.8169999], ["592197523", 52.7343199, 10.81758], ["592197523", 52.7344, 10.81791]], "52.7298951242,10.7975243311": [["541238110", 52.72928, 10.79656], ["541238111", 52.7301, 10.79785]], "52.7352290321,10.8206192404": [["541239003", 52.73548, 10.8209699]], "52.7317527216,10.8009839617": [["592197522", 52.7317199, 10.80083], ["592197522", 52.7318199, 10.80123], ["541238111", 52.73158, 10.80044], ["592197522", 52.7319199, 10.80168]], "52.7278764267,10.771431718": [], "52.7276214492,10.7579623349": [["67973043", 52.7276599, 10.7574599]], "52.7360357903,10.8320084866": [], "52.732635336,10.8066018485": [["592197523", 52.73263, 10.8064599]], "52.7411654312,10.8462742344": [["53377875", 52.7413399, 10.8461499]], "52.7363767661,10.8337028883": [["541235250", 52.73735, 10.83294]], "52.7352462988,10.8225436416": [["541239004", 52.7357599, 10.8218199], ["541239004", 52.73598, 10.8225499], ["541239004", 52.73618, 10.82331]], "52.7278282307,10.7853535563": [], "52.7277939487,10.7915729284": [["779683369", 52.72783, 10.79072], ["779683368", 52.72784, 10.792]], "52.7323350962,10.8046273235": [["592197523", 52.7322199, 10.8037099]], "52.7275116462,10.7525643893": [["67973043", 52.72757, 10.75232]], "52.7305007167,10.7984920219": [["541238111", 52.7301, 10.79785], ["541238111", 52.73053, 10.79856], ["541238111", 52.7310999, 10.79946]], "52.7278035879,10.7666866388": [["67973043", 52.7278499, 10.76633]], "52.72754509,10.7542172167": [["67973043", 52.7275899, 10.7537499]], "52.7274145,10.7472836226": [["51743930", 52.72745, 10.74645], ["586511299", 52.7274899, 10.7478099]], "52.7278412227,10.7806983311": [["67957943", 52.7278799, 10.77989]], "52.7279495168,10.7942859828": [["541235200", 52.7280199, 10.79444], ["541235200", 52.72786, 10.79387], ["541235200", 52.7279199, 10.7941599], ["541235201", 52.72783, 10.79364]], "52.7362656221,10.8354335837": [], "52.7276623528,10.7600085251": [["67973043", 52.7277199, 10.76004]], "52.7359411586,10.8283816371": [], "52.7311799861,10.7995795738": [["541238111", 52.73128, 10.79978], ["541238111", 52.7310999, 10.79946], ["541238111", 52.73142, 10.80007], ["541238111", 52.73158, 10.80044]], "52.7277578227,10.7643778436": [], "52.7332600392,10.8107874356": [], "52.736625541,10.8371822163": [], "52.737552328,10.8408635482": [], "52.7278317511,10.7830396481": [["67957943", 52.72787, 10.78242]], "52.7278668713,10.773783261": [["67973043", 52.72791, 10.7742899]], "52.7320508659,10.8027423173": [["592197523", 52.7322199, 10.8037099], ["592197523", 52.73204, 10.80244], ["592197523", 52.73197, 10.80198]], "52.7284495812,10.7442729268": [["67957546", 52.72826, 10.7443199]], "52.7418158669,10.8481412195": [["53377875", 52.7423899, 10.84893], ["53377875", 52.74214, 10.8483099], ["53377875", 52.74182, 10.8474299]], "52.7273669746,10.7453405298": [["51743930", 52.7274199, 10.7452099], ["51743929", 52.7267399, 10.7446199], ["51743929", 52.72704, 10.7446499], ["67957726", 52.7274199, 10.7446499]], "52.7353440318,10.82450266": [], "52.7329392638,10.8086622879": [["592197523", 52.7329999, 10.8089199]], "52.7339184377,10.8152112365": [["592197523", 52.73407, 10.81617]], "52.7274076268,10.7447291538": [["51743930", 52.7274199, 10.7452099], ["51743929", 52.7267399, 10.7446199], ["67957546", 52.72826, 10.7443199], ["67957726", 52.7274199, 10.7446499]], "52.7274999954,10.7510837261": [["586511299", 52.72754, 10.7512899], ["586511299", 52.7275299, 10.75042]], "52.7346950211,10.8188619744": [["592197523", 52.7344, 10.81791], ["541239003", 52.7348099, 10.81909], ["592197523", 52.7346499, 10.81863], ["592197523", 52.7345, 10.8182099]], "52.727443669,10.7484332845": [["586511299", 52.7274899, 10.7478099], ["586511299", 52.72751, 10.7491]], "52.7278545499,10.769049162": [["67973043", 52.7278899, 10.76853]], "52.7289065626,10.7959497906": [["541235200", 52.7284799, 10.79525], ["541238110", 52.72928, 10.79656], ["551693155", 52.72948, 10.79614]], "52.7293808945,10.796697624": [["541238110", 52.72928, 10.79656], ["551693155", 52.72948, 10.79614]], "52.728408929,10.7951606344": [["541235200", 52.7281199, 10.79467], ["541235200", 52.7282799, 10.79493], ["541235200", 52.7284799, 10.79525], ["541235200", 52.7280199, 10.79444]], "52.727477029,10.7497224212": [["586511299", 52.72751, 10.7491], ["586511299", 52.7275299, 10.75042]], "52.7273794636,10.7462191209": [["51743930", 52.72745, 10.74645]], "52.7358686551,10.8302667271": [], "52.73358576,10.8129796386": [["592197523", 52.73372, 10.8138199]], "52.7278473414,10.7783737779": [["67957943", 52.7278899, 10.77795]], "52.7404475212,10.8443963528": [["53377875", 52.74087, 10.84492]], "52.7277892549,10.7445402257": [["67957546", 52.72826, 10.7443199], ["67957726", 52.7274199, 10.7446499], ["51743929", 52.72704, 10.7446499], ["51743930", 52.7274199, 10.7452099]]}}