{"255239": {"52.2106304392,8.81085972302": [], "52.2118680272,8.81328083575": [["75330370", 52.2118099, 8.81323], ["792865476", 52.2118099, 8.81323], ["75314087", 52.2118099, 8.81323]], "52.2095417976,8.80918359384": [["74831880", 52.20959, 8.80916], ["809247756", 52.20959, 8.80916], ["74603247", 52.20959, 8.80916]], "52.212558277,8.81381803192": [], "52.2094938532,8.8090394251": [], "52.211722685,8.81266552024": [], "52.2108595166,8.81123858504": [], "52.2126453649,8.81370646879": [], "52.2125623841,8.81376354955": [], "52.211308619,8.81178684533": [], "52.2120784968,8.81361569278": [], "52.212259965,8.81392976269": [["75330370", 52.2121917, 8.8139301]], "52.2120568715,8.8135202229": [], "52.210523067,8.81069568917": [], "52.2123836819,8.81405314431": [["75330371", 52.21229, 8.81411], ["75330370", 52.21229, 8.81411]], "52.2126224823,8.81377595477": [], "52.2095461562,8.80918904208": [["74831880", 52.20959, 8.80916], ["809247756", 52.20959, 8.80916], ["74603247", 52.20959, 8.80916]], "52.2095894907,8.80918744951": [["74603247", 52.20959, 8.80916], ["809247756", 52.20959, 8.80916], ["74831880", 52.20959, 8.80916]], "52.2119490802,8.81339742802": [], "52.2095202561,8.80913296714": [["74831880", 52.20959, 8.80916], ["809247756", 52.20959, 8.80916], ["74603247", 52.20959, 8.80916]], "52.2095750738,8.80919113755": [["74831880", 52.20959, 8.80916], ["74603247", 52.20959, 8.80916], ["809247756", 52.20959, 8.80916]], "52.2094610799,8.80889299326": [], "52.2086755279,8.80744426511": [["74604964", 52.20872, 8.80751]], "52.2121942509,8.81377142854": [], "52.2087916173,8.80770879798": [], "52.2125440277,8.81373454817": [], "52.2097994573,8.80931485444": [], "52.2091545537,8.80839745514": [["74604964", 52.20923, 8.80846]], "52.2093565576,8.80892392248": [], "52.2094486747,8.80890732631": [], "52.2132609319,8.81341259927": [], "52.2126358934,8.81372029893": [], "52.2096089367,8.80920086056": [["74603247", 52.20959, 8.80916], ["809247756", 52.20959, 8.80916], ["74831880", 52.20959, 8.80916]], "52.2086465266,8.80739992484": [], "52.2096048295,8.80919742398": [["74603247", 52.20959, 8.80916], ["809247756", 52.20959, 8.80916], ["74831880", 52.20959, 8.80916]], "52.2096774168,8.80922634155": [["809247756", 52.20959, 8.80916], ["74603247", 52.20959, 8.80916], ["74831880", 52.20959, 8.80916]], "52.210263228,8.81032194011": [], "52.2100975178,8.80992497317": [], "52.212605048,8.81376313046": [], "52.2116049193,8.81234055385": [], "52.2125464585,8.8137417566": [], "52.209463343,8.80884446204": [], "52.2094599903,8.80869769491": [], "52.2125759628,8.81375282072": [], "52.2125491407,8.81373245269": [], "52.2125663236,8.8137329556": [], "52.2129664756,8.81355559453": [], "52.2095630877,8.80918133073": [["74831880", 52.20959, 8.80916], ["809247756", 52.20959, 8.80916], ["74603247", 52.20959, 8.80916]], "52.2089008335,8.80807726644": [], "52.2103497293,8.81048471667": [["809247756", 52.2102999, 8.81046], ["809247756", 52.21035, 8.81056]], "52.2099476494,8.80959112197": [], "52.2125870269,8.8137606997": [], "52.2094676178,8.8089900557": [], "52.2127264179,8.81361904554": [["75330371", 52.21268, 8.8135399], ["75330371", 52.21268, 8.8135399]], "52.2126282658,8.81376489066": [], "52.212545285,8.81373723038": [], "52.2126331273,8.81373153068": [], "52.212573532,8.81375047378": [], "52.2126248293,8.81373639219": [], "52.2125818301,8.81375541911": [], "52.2117728926,8.81303784437": [], "52.2093978804,8.80872418173": []}}