{"283308": {"53.2515510824,10.415586317": [["51693244", 53.25163, 10.4155], ["51693244", 53.25163, 10.4155]], "53.2486327551,10.4158830363": [], "53.2514917385,10.4155370314": [], "53.2472617272,10.41610457": [], "53.2490379363,10.415804917": [], "53.2467757445,10.4161874671": [], "53.2514834404,10.4154114705": [], "53.2480812259,10.4159227666": [], "53.2515304629,10.4155685473": [["51693244", 53.25163, 10.4155], ["51693244", 53.25163, 10.4155]], "53.2511428837,10.4154140688": [["51693244", 53.25123, 10.41548], ["51693245", 53.25123, 10.41548]], "53.2485109661,10.4158821981": [], "53.2476948202,10.4160131235": [], "53.2483403943,10.4158686195": [], "53.250094559,10.4155893344": [], "53.2515451312,10.4155712295": [["51693244", 53.25163, 10.4155], ["51693244", 53.25163, 10.4155]], "53.2485144865,10.4158334993": [], "53.2505557314,10.4154753406": [], "53.2515023835,10.4155100416": [], "53.2485241257,10.4158588964": [], "53.2495671697,10.4156892467": []}, "283310": {"53.2741612662,10.4024956282": [["540650725", 53.27421, 10.40248]], "53.2753103413,10.40186028": [["51692236", 53.27526, 10.40189]], "53.2692496385,10.4047506955": [], "53.270415226,10.4045314249": [], "53.2716828212,10.4040084779": [], "53.2730047312,10.4031767417": [["540650725", 53.273, 10.40325], ["540650726", 53.273, 10.40325]], "53.275678223,10.4016233236": [], "53.2736598607,10.4027735721": [], "53.2722320873,10.4034663364": [], "53.2711112592,10.404342832": [["60098519", 53.27108, 10.40444], ["60098517", 53.27108, 10.40444]], "53.2747121248,10.4021870904": [], "53.2698203623,10.4046161659": []}, "283309": {"53.253366854,10.4095686972": [["51693185", 53.2533, 10.4096099], ["759961013", 53.2533, 10.4096099]], "53.2527616806,10.4142108466": [["51693141", 53.25277, 10.41423], ["759961017", 53.25277, 10.41423], ["51693193", 53.25277, 10.41423]], "53.2527671289,10.4142208211": [["51693141", 53.25277, 10.41423], ["759961017", 53.25277, 10.41423], ["51693193", 53.25277, 10.41423]], "53.2538478915,10.4097606428": [["60099464", 53.2538699, 10.40973], ["51693093", 53.2538699, 10.40973], ["51693118", 53.2538699, 10.40973]], "53.2527386304,10.4142276943": [["51693193", 53.25277, 10.41423], ["51693141", 53.25277, 10.41423], ["759961017", 53.25277, 10.41423]], "53.2593708951,10.4090592451": [], "53.2556759845,10.4099268559": [["792582747", 53.25563, 10.4100099], ["792582747", 53.25563, 10.4100099]], "53.2540906314,10.409798529": [], "53.2541534957,10.4096627422": [], "53.2525793742,10.4119539354": [], "53.2536544371,10.4096705373": [], "53.2541550882,10.4097487405": [], "53.2580004539,10.4095411208": [["792582751", 53.25799, 10.40962]], "53.2531611621,10.4121581186": [], "53.253203826,10.4132101312": [], "53.2541386597,10.4096777458": [], "53.2587109879,10.4093121272": [], "53.252778193,10.4142072424": [["759961017", 53.25277, 10.41423], ["51693141", 53.25277, 10.41423], ["51693193", 53.25277, 10.41423]], "53.2622483186,10.4079502355": [], "53.2536566164,10.4096685257": [], "53.2527599204,10.4142142832": [["51693193", 53.25277, 10.41423], ["51693141", 53.25277, 10.41423], ["759961017", 53.25277, 10.41423]], "53.253672123,10.409677159": [], "53.2600405253,10.4088190198": [["540650728", 53.26012, 10.4088599]], "53.2528414764,10.4118417855": [["51704498", 53.2529199, 10.41193]], "53.253654018,10.4096702859": [], "53.2536550239,10.4096727166": [], "53.2536560297,10.4096699506": [], "53.255238533,10.4099902231": [["51714516", 53.25524, 10.40996]], "53.2532713842,10.4095639195": [["51693118", 53.2533, 10.4096099], ["51693185", 53.2533, 10.4096099], ["759961013", 53.2533, 10.4096099], ["51714503", 53.2533, 10.4096099]], "53.2535742223,10.4096408654": [], "53.2614208572,10.4083890282": [], "53.2528840564,10.4137148894": [], "53.2536552753,10.4096706212": [], "53.2543150987,10.4098213278": [], "53.2536541857,10.4096711241": [], "53.2533401996,10.4126414191": [], "53.2556301355,10.4099667538": [["792582747", 53.25563, 10.4100099], ["792582747", 53.25563, 10.4100099]], "53.252748521,10.4142259341": [["51693193", 53.25277, 10.41423], ["51693141", 53.25277, 10.41423], ["759961017", 53.25277, 10.41423]], "53.2528262213,10.4141198192": [], "53.2568226289,10.4098963458": [], "53.2572136447,10.4097877163": [["792582750", 53.25727, 10.40985]], "53.2536726259,10.4097084235": [], "53.2541431859,10.4096872173": [], "53.2541787252,10.4097326472": [], "53.2530146465,10.4100658279": [], "53.2524731755,10.4123994336": [["51693170", 53.25248, 10.4124399], ["51693170", 53.25248, 10.4124399]], "53.2564008515,10.4099640716": [["792582748", 53.2564999, 10.4099999]], "53.2532064244,10.409603063": [["51693185", 53.2533, 10.4096099], ["51693118", 53.2533, 10.4096099], ["51714503", 53.2533, 10.4096099], ["759961013", 53.2533, 10.4096099]], "53.2527565677,10.4107251484": [], "53.2547434978,10.4099040572": [], "53.2555592246,10.4100089986": [["792582747", 53.25563, 10.4100099], ["792582747", 53.25563, 10.4100099]], "53.2556081749,10.4099213239": [["792582747", 53.25563, 10.4100099], ["792582747", 53.25563, 10.4100099]], "53.2536587957,10.4096572939": [], "53.2525951322,10.4115820304": [], "53.2527793664,10.4141909815": [["759961017", 53.25277, 10.41423], ["51693141", 53.25277, 10.41423], ["51693193", 53.25277, 10.41423]], "53.2536598854,10.4096745607": [], "53.2558960933,10.4099849425": [["792582747", 53.25593, 10.4100099], ["792582748", 53.25593, 10.4100099]], "53.253659131,10.4096694477": [], "53.2541492209,10.409696186": [], "53.2607326191,10.4086657986": [], "53.2536571193,10.4096608981": [], "53.2536635734,10.4096587189": []}}