{"1111864": {"53.285082886,9.8713862244": [["51692134", 53.2850499, 9.8713199], ["51692095", 53.2850499, 9.8713199], ["51692131", 53.2850499, 9.8713199]], "53.2851246279,9.87131246366": [["51692134", 53.2850499, 9.8713199], ["51692095", 53.2850499, 9.8713199], ["51692131", 53.2850499, 9.8713199]], "53.2860964257,9.87121204846": [], "53.277315544,9.87548715435": [], "53.2752633188,9.87740619108": [], "53.2851421461,9.87127223052": [["51692095", 53.2850499, 9.8713199], ["51692134", 53.2850499, 9.8713199], ["51692131", 53.2850499, 9.8713199]], "53.2852515299,9.87132478505": [], "53.2744614221,9.87814933062": [], "53.2802979928,9.87257838249": [], "53.2851780206,9.87118807621": [], "53.2851645257,9.87130508758": [], "53.2823748607,9.87182392739": [], "53.2792083453,9.87362477928": [], "53.2851376198,9.87128421664": [["51692095", 53.2850499, 9.8713199], ["51692134", 53.2850499, 9.8713199], ["51692131", 53.2850499, 9.8713199]], "53.2851541322,9.87125513144": [], "53.2779788878,9.87482615747": [], "53.2835304737,9.87174178474": [], "53.2851705607,9.87124742009": [], "53.2851474266,9.8712536227": [["51692095", 53.2850499, 9.8713199], ["51692134", 53.2850499, 9.8713199], ["51692131", 53.2850499, 9.8713199]], "53.2837990299,9.87168512307": [], "53.2851692196,9.87125705928": [], "53.2861007843,9.87120685168": [], "53.285176428,9.87124146894": [], "53.2766797766,9.87605519593": [], "53.2727297209,9.87906128168": [], "53.2831766736,9.87175653689": [], "53.2736477908,9.87877118401": [["51692538", 53.2735599, 9.87878]], "53.282805942,9.87182049081": [], "53.2813335769,9.87194286659": [["51692211", 53.2813099, 9.87185]], "53.2717570849,9.87890303135": [], "53.2850071974,9.87138949335": [["51692131", 53.2850499, 9.8713199], ["51692095", 53.2850499, 9.8713199], ["51692134", 53.2850499, 9.8713199]], "53.2851373684,9.87132134847": [["51692134", 53.2850499, 9.8713199], ["51692095", 53.2850499, 9.8713199], ["51692131", 53.2850499, 9.8713199]], "53.2850727439,9.87143794075": [], "53.2850472629,9.87142662518": [], "53.2850490231,9.87141883001": [["51692131", 53.2850499, 9.8713199], ["51692134", 53.2850499, 9.8713199], ["51692095", 53.2850499, 9.8713199]], "53.2850424852,9.87142737955": [], "53.2851565629,9.87131279893": [], "53.2857644185,9.87126359716": [], "53.2850236259,9.87146392465": [], "53.2860784885,9.87122462131": [["51692095", 53.2859799, 9.8711899], ["51692060", 53.2859799, 9.8711899]], "53.2851775177,9.87124775536": [], "53.2851622626,9.87122772262": [], "53.2851454988,9.8712514434": [["51692095", 53.2850499, 9.8713199], ["51692134", 53.2850499, 9.8713199], ["51692131", 53.2850499, 9.8713199]], "53.280784646,9.87214537337": [], "53.284279732,9.87162075005": [], "53.2797725312,9.87307417206": [], "53.2708264422,9.87869943492": [], "53.2850549743,9.87139938399": [["51692131", 53.2850499, 9.8713199], ["51692134", 53.2850499, 9.8713199], ["51692095", 53.2850499, 9.8713199]], "53.2850807905,9.87137172371": [["51692134", 53.2850499, 9.8713199], ["51692095", 53.2850499, 9.8713199], ["51692131", 53.2850499, 9.8713199]], "53.2851769309,9.87124892883": [], "53.2850237936,9.87141078338": [["51692131", 53.2850499, 9.8713199], ["51692095", 53.2850499, 9.8713199], ["51692134", 53.2850499, 9.8713199]], "53.2848421577,9.87153232098": [], "53.2850445807,9.87142536789": [], "53.2850706484,9.87143131904": [], "53.2818811666,9.87187949941": [], "53.2851039246,9.87133853137": [["51692134", 53.2850499, 9.8713199], ["51692095", 53.2850499, 9.8713199], ["51692131", 53.2850499, 9.8713199]], "53.2851785235,9.8712571431": [], "53.276007548,9.87669314258": [], "53.2786158286,9.87421612255": [], "53.2698880881,9.87852131948": [], "53.2851202693,9.87124239095": [["51692095", 53.2850499, 9.8713199], ["51692134", 53.2850499, 9.8713199], ["51692131", 53.2850499, 9.8713199]], "53.2851240411,9.87131472677": [["51692134", 53.2850499, 9.8713199], ["51692095", 53.2850499, 9.8713199], ["51692131", 53.2850499, 9.8713199]]}, "1111865": {"53.302511964,9.87744055688": [], "53.3122127596,9.87908047624": [], "53.2921158895,9.87040109932": [], "53.2939823717,9.87008485012": [], "53.2959301583,9.87004889175": [["51691822", 53.2960199, 9.87002], ["572214902", 53.2959, 9.86996]], "53.3019289188,9.87703453749": [], "53.2970142737,9.87112487666": [], "53.3062591776,9.87969922833": [], "53.3083594311,9.87936981954": [["765140824", 53.3082999, 9.87937]], "53.3042074554,9.87958489917": [], "53.3009883855,9.87588822842": [], "53.2964913268,9.87052498385": [], "53.310455326,9.87922833301": [], "53.3004864771,9.87530677579": [], "53.297557421,9.87175896764": [], "53.2988315541,9.87328103743": [], "53.2953122444,9.86987463199": [["572214902", 53.2953299, 9.86986]], "53.2981717307,9.87248752266": [], "53.3128371276,9.87903001718": [["765140830", 53.31278, 9.87898]], "53.2994306926,9.87403549254": [], "53.303634217,9.87887914293": [], "53.3055595402,9.8797453288": [], "53.3069738187,9.87956704572": [["765140826", 53.3069799, 9.87948]], "53.2915568165,9.87047402188": [], "53.292708993,9.87031593919": [], "53.3096884657,9.87929245457": [["572214899", 53.30968, 9.8792599]], "53.3076984342,9.87944844179": [], "53.293447271,9.87019758672": [], "53.3031540178,9.87796358764": [], "53.2999677211,9.8747157678": [], "53.3090184163,9.87934626639": [], "53.3115967736,9.87913596444": [], "53.3014811575,9.87646222115": [], "53.3111004811,9.87917183898": [], "53.3048651833,9.87980467267": [], "53.2946423627,9.86998686567": []}}