{"451951": {"50.9944721963,11.0406406783": [], "51.0028087534,11.0468764789": [], "51.0025946796,11.0457116459": [], "51.0021124687,11.0431611165": [], "50.9976812918,11.0399956908": [], "51.0018798709,11.0418340936": [], "50.9888915252,11.0388687439": [], "51.0004463978,11.0405984335": [], "50.9789645858,11.0416953731": [], "50.9849360213,11.0362021253": [], "51.0037642904,11.0469926521": [["565439074", 51.0037299, 11.04699], ["565439098", 51.0037299, 11.04699]], "50.9901970904,11.039860826": [], "50.9895374347,11.0393180978": [], "50.9959578887,11.0407336336": [], "50.9983583819,11.0402048193": [], "50.980800977,11.0396557208": [], "51.0036455188,11.0470239166": [["565439098", 51.0037299, 11.04699], ["565439074", 51.0037299, 11.04699]], "50.9793575294,11.04142447": [], "50.9857353196,11.036706632": [["53544057", 50.98573, 11.03662], ["746583473", 50.98573, 11.03662]], "50.9964401834,11.039975239": [], "50.9780929517,11.0421531927": [], "50.9882427659,11.0384325497": [], "50.9949828219,11.0413301736": [], "50.9820741881,11.0378530249": [], "50.9928050358,11.0405302886": [], "50.9836159553,11.0352241248": [], "50.9832354169,11.0361290351": [], "50.9844103921,11.0355189163": [], "50.9849248733,11.0362057295": [], "50.9997346904,11.0405613855": [["53546766", 50.9997199, 11.04055]], "51.0031839274,11.0470992699": [["565439068", 51.0031999, 11.04706]], "51.0027018841,11.0462944396": [], "50.981397517,11.0387962405": [["77277240", 50.98145, 11.03885]], "50.9853349999,11.0365512315": [["53544074", 50.98536, 11.03658]], "51.0024803504,11.0450755432": [], "50.9839839209,11.0352043435": [], "50.9954912681,11.0413103923": [], "50.9849503543,11.0361794941": [], "50.9860474616,11.0368890222": [], "50.9936751612,11.0405161232": [], "50.9801882599,11.0405194759": [["77277242", 50.9802599, 11.04042]], "51.0017840657,11.0410104878": [], "50.9875356685,11.0380283743": [], "50.9827469196,11.036947025": [], "51.0010985937,11.0403090902": [], "51.0022147279,11.0437663738": [], "50.9990429319,11.0403913166": [], "51.0029226635,11.0471353959": [], "51.0020093713,11.0425053164": [], "51.0014921241,11.0399537813": [], "50.9911188483,11.0403861199": [["75077436", 50.9910499, 11.04033]], "50.9784886613,11.0420598183": [], "50.9847166669,11.0358814336": [], "50.9850173257,11.0362627264": [], "50.9849436488,11.0361933243": [], "51.0034579318,11.0470235813": [["565439098", 51.00345, 11.04703]], "51.0023481678,11.0444125347": [], "50.9919891413,11.0404220782": [], "50.9867941216,11.0375459958": [], "50.9848969616,11.03616843": [], "51.0016749334,11.0403036419": [], "50.9969963226,11.0397731513": [["53671771", 50.9969999, 11.03979]]}, "885462": {"52.2812277731,8.90943341888": [], "52.2761992179,8.90519066714": [["76173709", 52.27614, 8.9051099], ["76173709", 52.27624, 8.90514]], "52.2660273593,8.91252583824": [], "52.2747158725,8.90577807091": [["763655258", 52.27469, 8.9056799]], "52.2780360281,8.90502202325": [["587018854", 52.2780599, 8.90494]], "52.2671878338,8.91167306341": [], "52.2774420865,8.90499469824": [], "52.2792937327,8.90621216968": [["587018854", 52.2793299, 8.9061399]], "52.2694420628,8.90987606719": [], "52.2821404785,8.91103453003": [], "52.2683244199,8.91078332439": [], "52.2825999744,8.91182603315": [], "52.2830558661,8.91257042997": [], "52.2636721283,8.91410507262": [], "52.279808633,8.90702194534": [["61149532", 52.2798878, 8.9069462]], "52.2739395406,8.90635633841": [], "52.272069538,8.90773658641": [], "52.2627120651,8.91467873007": [], "52.2833834309,8.91315163113": [], "52.2617374174,8.91511634924": [], "52.2768232506,8.90541521832": [], "52.2707700916,8.90879019164": [], "52.2786609828,8.90560573898": [], "52.2807877231,8.90865046531": [], "52.26482003,8.9133655373": [], "52.2816893645,8.91023162752": [], "52.2755226307,8.9052869752": [], "52.2730558366,8.9069948718": [], "52.2802930232,8.90788972378": []}, "885464": {"52.2166235838,8.87742293067": [], "52.2328506969,8.90091254376": [], "52.2247234359,8.88402409852": [["763732852", 52.22472, 8.8839499]], "52.2333079297,8.90277181752": [], "52.228920171,8.89184667729": [], "52.212693477,8.87616111897": [["763732863", 52.21275, 8.8760699]], "52.223939728,8.88304802589": [], "52.2356519289,8.91116319224": [], "52.2357048187,8.91134021804": [], "52.2223138902,8.88131498359": [], "52.233660724,8.90466696583": [], "52.2270890605,8.88768631965": [["763732851", 52.22715, 8.88764]], "52.2254603729,8.88504442759": [], "52.2354437225,8.91054284759": [], "52.2357001249,8.91133309342": [], "52.2284770198,8.89044648036": [], "52.2357717901,8.91147022136": [], "52.2307850607,8.89587217011": [], "52.2231399268,8.88215309009": [], "52.2122970968,8.87606196105": [], "52.2340761311,8.9064923767": [], "52.2359394282,8.91192326322": [["69211728", 52.23602, 8.9118799], ["51518272", 52.23602, 8.9118799]], "52.2203384433,8.87961714529": [["763732880", 52.2203199, 8.87952]], "52.2135322541,8.87640251778": [], "52.22788685,8.88917687349": [], "52.2213973291,8.88046547771": [["587013643", 52.22141, 8.8803999]], "52.2178921849,8.87800203636": [], "52.2122962587,8.87606087141": [], "52.2191587742,8.87880485505": [], "52.215526225,8.87700299732": [], "52.2322162706,8.89919131994": [], "52.2262350284,8.88622585684": [["763732853", 52.22633, 8.8862699]], "52.2299776319,8.89411674812": [], "52.2144862823,8.87667166069": [], "52.2345740162,8.9080853574": [], "52.2123000305,8.87606179342": [], "52.2357015498,8.91133812256": [], "52.235063687,8.90944632702": [["763732877", 52.2351499, 8.90946]], "52.2362222336,8.91270152293": [], "52.2314948402,8.8975378219": []}, "885463": {"52.2405771352,8.92008447088": [["75419623", 52.2404999, 8.92], ["51605971", 52.24062, 8.9201199], ["51605970", 52.24062, 8.9201199]], "52.2405759618,8.92008187249": [["75419623", 52.2404999, 8.92], ["51605971", 52.24062, 8.9201199], ["51605970", 52.24062, 8.9201199]], "52.2425954975,8.91675702296": [], "52.2405726928,8.92007801682": [["75419623", 52.2404999, 8.92], ["51605971", 52.24062, 8.9201199], ["51605970", 52.24062, 8.9201199]], "52.2452732641,8.9166413527": [["51606012", 52.24532, 8.91658]], "52.2420749813,8.91788279638": [["587013561", 52.24203, 8.9179499]], "52.2434778605,8.91490646638": [["587013562", 52.2435, 8.91481]], "52.2405732796,8.92007851973": [["75419623", 52.2404999, 8.92], ["51605971", 52.24062, 8.9201199], ["51605970", 52.24062, 8.9201199]], "52.244541524,8.91576225869": [["587013559", 52.24455, 8.9157]], "52.2410123236,8.9199651964": [["51605972", 52.2410815, 8.9198913]], "52.2405701783,8.92007474788": [["75419623", 52.2404999, 8.92], ["51605971", 52.24062, 8.9201199], ["51605970", 52.24062, 8.9201199]], "52.2405993473,8.92009067349": [["75419623", 52.2404999, 8.92], ["51605970", 52.24062, 8.9201199], ["51605971", 52.24062, 8.9201199]], "52.2440207563,8.91509162262": [], "52.2405687533,8.92007206567": [["75419623", 52.2404999, 8.92], ["51605971", 52.24062, 8.9201199], ["51605970", 52.24062, 8.9201199]], "52.2456263937,8.9170553349": [], "52.240573531,8.92007919028": [["75419623", 52.2404999, 8.92], ["51605971", 52.24062, 8.9201199], ["51605970", 52.24062, 8.9201199]], "52.2405766323,8.92008396797": [["75419623", 52.2404999, 8.92], ["51605971", 52.24062, 8.9201199], ["51605970", 52.24062, 8.9201199]], "52.2430569213,8.91569277272": [], "52.2405760456,8.92008245923": [["75419623", 52.2404999, 8.92], ["51605971", 52.24062, 8.9201199], ["51605970", 52.24062, 8.9201199]], "52.2405712679,8.92007525079": [["75419623", 52.2404999, 8.92], ["51605971", 52.24062, 8.9201199], ["51605970", 52.24062, 8.9201199]], "52.2405746207,8.92008036375": [["75419623", 52.2404999, 8.92], ["51605971", 52.24062, 8.9201199], ["51605970", 52.24062, 8.9201199]], "52.2415324207,8.91901401803": [["587013561", 52.2415199, 8.9190299], ["76159797", 52.2415199, 8.9190299]], "52.2437326703,8.91481418163": [["51606007", 52.2437199, 8.91481], ["51606007", 52.2437899, 8.9148299]], "52.240571687,8.92007634044": [["75419623", 52.2404999, 8.92], ["51605971", 52.24062, 8.9201199], ["51605970", 52.24062, 8.9201199]]}}