{"435414": {"52.5245368201,9.47786961682": [["572242683", 52.52458, 9.4779399]], "52.5114404317,9.47577254847": [["792507141", 52.51149, 9.4758099]], "52.5295235496,9.48254604824": [["68104947", 52.52944, 9.48255]], "52.5228110701,9.47683528997": [["572242683", 52.52274, 9.47684], ["572242683", 52.52274, 9.47684]], "52.5107475836,9.4760880433": [], "52.5130953547,9.47576969862": [], "52.5199941639,9.47643195279": [], "52.5101427455,9.47639741935": [], "52.5230892655,9.4769917801": [["572242683", 52.52301, 9.4769599]], "52.525201086,9.47827027179": [], "52.5103600882,9.47630899027": [["83615128", 52.5103899, 9.4763999], ["83615128", 52.5103199, 9.4762999], ["83615128", 52.5103, 9.47629], ["83615128", 52.5103499, 9.4763299]], "52.5176071655,9.47619977407": [], "52.5212298241,9.47656162083": [], "52.5152732246,9.4759757258": [], "52.5279867277,9.48001446202": [["68104950", 52.5279799, 9.48002]], "52.5220350735,9.47663772851": [["572242683", 52.5220399, 9.4766599]], "52.5225803163,9.4767759461": [["572242683", 52.5224999, 9.4767599]], "52.5141163543,9.47586231865": [], "52.52999763,9.48322959244": [], "52.5272105634,9.47952772491": [], "52.5238065887,9.47741162963": [["572242683", 52.52377, 9.4774499]], "52.5286043901,9.48083463125": [["68104946", 52.52859, 9.48091]], "52.5258104503,9.47864611633": [], "52.5290278438,9.48182201944": [], "52.5122067891,9.475708846": [["792507131", 52.51218, 9.47572]], "52.5104065239,9.47627621703": [["83615128", 52.5103199, 9.4762999], ["83615128", 52.5103499, 9.4763299], ["83615128", 52.51038, 9.4763699]], "52.5164574198,9.47608888149": [], "52.5187204499,9.47630588897": [], "52.5263990276,9.47902036831": [["586525627", 52.5263999, 9.47904]]}, "419021": {"52.6343455352,10.0804607291": [], "52.6334411278,10.0841206871": [["51958831", 52.6334499, 10.0840499]], "52.6402787492,10.0779683702": [["554739526", 52.64019, 10.078]], "52.6340240892,10.08066223": [], "52.6521679759,10.0655674282": [], "52.6509278733,10.0677495729": [], "52.6340347342,10.081329681": [], "52.6382769831,10.0791419204": [], "52.6494197175,10.0704463664": [], "52.6369427517,10.079739131": [], "52.6326352917,10.0862852298": [["51961316", 52.63264, 10.08621]], "52.6511571184,10.0673290528": [["572232124", 52.65113, 10.0674], ["572232126", 52.65113, 10.0674]], "52.6340430323,10.0813513901": [], "52.6340339798,10.0813288428": [], "52.6348063722,10.0803373475": [], "52.642816538,10.076471027": [["51958549", 52.64285, 10.0765099]], "52.6509125344,10.0677701924": [], "52.6340446249,10.081355162": [], "52.645856319,10.0739452243": [], "52.6330219489,10.0850346498": [], "52.6325880177,10.0864846352": [["51961316", 52.63257, 10.08653], ["51958870", 52.63257, 10.08653], ["51958885", 52.63257, 10.08653]], "52.6364088245,10.0798784383": [], "52.6419878192,10.0771044474": [["51958549", 52.64196, 10.07715]], "52.6473077293,10.072975019": [["51958470", 52.64725, 10.0730199]], "52.6340360753,10.0813306868": [], "52.6516986731,10.066347532": [["572232125", 52.6516699, 10.06642]], "52.6325584296,10.0864389539": [["51958870", 52.63257, 10.08653], ["51961316", 52.63257, 10.08653], ["51958885", 52.63257, 10.08653]], "52.6519082207,10.0659937318": [["51961170", 52.6519599, 10.06591]], "52.6358396932,10.0800327491": [], "52.6339087542,10.0827232562": [["540650507", 52.6339099, 10.0828]], "52.65149449,10.0667463429": [], "52.6325429231,10.0864884909": [["51958885", 52.63257, 10.08653], ["51958870", 52.63257, 10.08653], ["51961316", 52.63257, 10.08653]], "52.6508836169,10.067806486": [], "52.6509091817,10.0677780714": [], "52.6451301947,10.0744695961": [], "52.6334013976,10.0841859821": [], "52.634059377,10.0816059485": [], "52.6378009748,10.079435287": [["764571261", 52.6378121, 10.079421]], "52.6327446755,10.0857828185": [["51958836", 52.63275, 10.08578], ["51961316", 52.6327199, 10.08587], ["51958901", 52.6327199, 10.08587]], "52.6488073356,10.0714699645": [["51961183", 52.64879, 10.0715499]], "52.6480589993,10.0723626371": [["51961183", 52.6481, 10.0723299]], "52.6507736463,10.0680453703": [], "52.6388393249,10.0787458755": [["554739527", 52.63882, 10.07882]], "52.6395242941,10.0783164706": [["554739527", 52.6395499, 10.0783099]], "52.6326049492,10.0864702184": [["51961316", 52.63257, 10.08653], ["51958870", 52.63257, 10.08653], ["51958885", 52.63257, 10.08653]], "52.635297887,10.080156466": [["717775968", 52.6352799, 10.08017]], "52.6335479971,10.0837987382": [], "52.6411177777,10.0775964651": [], "52.6325477846,10.0864660274": [["51958870", 52.63257, 10.08653], ["51961316", 52.63257, 10.08653], ["51958885", 52.63257, 10.08653]], "52.6333258767,10.0843235292": [], "52.6337415352,10.0833403319": [], "52.6499879267,10.069444729": [["51961183", 52.64997, 10.06953]], "52.6443621609,10.0750993285": [], "52.6504715625,10.0685657188": [["51961183", 52.6504899, 10.06858]], "52.632623557,10.0864983816": [["51958885", 52.63257, 10.08653], ["51961316", 52.63257, 10.08653], ["51958870", 52.63257, 10.08653]], "52.637388669,10.0796130672": [["764571260", 52.63747, 10.0796]], "52.6465574652,10.073478939": [], "52.6340142824,10.0821715593": [["540650507", 52.6340099, 10.08223]], "52.6340302918,10.0810190476": [], "52.6340376679,10.0813367218": [], "52.6340467203,10.081371339": [], "52.643603934,10.0757831242": [["51958499", 52.6436299, 10.0758199]]}, "435415": {"52.5552446768,9.51374072582": [], "52.5429707207,9.50331062078": [], "52.5478025526,9.50622576289": [], "52.554612346,9.51114099473": [["586525602", 52.55468, 9.51114]], "52.5686656963,9.55587252975": [["780274974", 52.5687199, 9.55592]], "52.5439704303,9.50390783139": [], "52.5469477661,9.50569803827": [["586525759", 52.54698, 9.50576]], "52.5541623216,9.50930519029": [], "52.538305521,9.49687818065": [], "52.5571630429,9.52085335739": [], "52.5598602556,9.53061047941": [], "52.5639699865,9.54622051679": [], "52.5528776273,9.50554615818": [["79780520", 52.5529599, 9.5055499], ["79780520", 52.55284, 9.50553]], "52.5419823267,9.50267577544": [["586525756", 52.54194, 9.5025899]], "52.5397139322,9.49909158982": [], "52.5491759274,9.50710879639": [["572242660", 52.5490899, 9.50707], ["572242660", 52.54927, 9.5071899]], "52.5556852296,9.51544627547": [], "52.5594624504,9.52900542878": [], "52.5390013866,9.49795441702": [], "52.5411710422,9.50149334036": [], "52.5615342893,9.53677645884": [], "52.5618207827,9.53863061965": [["586527884", 52.56181, 9.5386999], ["586527884", 52.56181, 9.53858]], "52.5606802572,9.5336779207": [], "52.5648263656,9.54743455164": [], "52.5372174662,9.49443284422": [], "52.567776544,9.55473711714": [["780274974", 52.5677699, 9.5546499]], "52.5661496166,9.55001114868": [], "52.5630731229,9.54497605562": [], "52.5611426868,9.53535497189": [["586527870", 52.56109, 9.53534]], "52.5695783179,9.55688036978": [], "52.5614222232,9.54031865112": [["586527883", 52.56139, 9.5403399]], "52.5656577665,9.54854766838": [["780274973", 52.56568, 9.54853]], "52.5517406221,9.50604664162": [], "52.5622218568,9.54379982315": [], "52.5485248212,9.50670973398": [], "52.5404015835,9.50021166354": [], "52.5671225879,9.55315821804": [], "52.554865228,9.5121921692": [], "52.5590103306,9.52728655189": [], "52.5537166558,9.50757047161": [], "52.5561336614,9.51714922674": [], "52.537744185,9.49573564343": [], "52.5534941163,9.50670872815": [], "52.553286748,9.50587783009": [["79780521", 52.5533499, 9.50592], ["79780521", 52.55328, 9.5058]], "52.5522791594,9.50563886203": [["68107477", 52.5522999, 9.50566]], "52.5617341977,9.53767717816": [["68107486", 52.5617, 9.53767]], "52.5611736998,9.541525729": [["586527882", 52.56118, 9.5416], ["586527882", 52.56118, 9.54151]], "52.5539397821,9.50843724422": [["586525609", 52.554, 9.50851]], "52.5498519279,9.50726763345": [["83622969", 52.5498, 9.50731], ["83622969", 52.54993, 9.50727]], "52.5511307549,9.50665458106": [["68110059", 52.55114, 9.50671]], "52.5665754173,9.55157889985": [["780274973", 52.5665899, 9.5516699]], "52.5566477235,9.51888746582": [], "52.5582090206,9.52423268929": [], "52.5504992623,9.50695297681": [], "52.5602809433,9.53218895942": [], "52.5459515769,9.50509026647": [], "52.5614781305,9.5427690167": [["780281607", 52.5614999, 9.54272]], "52.5586197339,9.52580387704": [], "52.5576506183,9.52249461785": [], "52.5543862861,9.51021873392": [], "52.5617461,9.53926512972": [["586527884", 52.56171, 9.53935], ["586527884", 52.56175, 9.5391999]], "52.5449565612,9.50449883938": []}, "419022": {"52.626215592,10.0807468873": [["51961423", 52.62625, 10.0808399], ["51961422", 52.62631, 10.08072]], "52.6322663203,10.0886039995": [["51958870", 52.63225, 10.08861], ["51958870", 52.63225, 10.08861]], "52.6281697489,10.0815559924": [["586505605", 52.62814, 10.08151]], "52.6309661195,10.0878077187": [], "52.6322958246,10.0879897736": [["51958870", 52.6323299, 10.0879599], ["51958870", 52.6323299, 10.0879599]], "52.6272671856,10.0813636277": [], "52.6316415332,10.0888389442": [], "52.632223824,10.0889561232": [], "52.6323098224,10.088219773": [["51958870", 52.6323029, 10.0881785]], "52.6323721837,10.0876641367": [], "52.6323120855,10.0884800311": [], "52.6323332917,10.0880489498": [["51958870", 52.6323299, 10.0879599]], "52.6323212218,10.0884688832": [], "52.6304537337,10.0869340729": [], "52.6313169859,10.0882996526": [], "52.6287490223,10.0828724541": [], "52.6323286816,10.0884533767": [], "52.630021479,10.0858283322": [], "52.6322823297,10.088556055": [["51958870", 52.63225, 10.08861], ["51958870", 52.63225, 10.08861]], "52.62637862,10.0810394995": [["51959103", 52.6262899, 10.08101], ["51961424", 52.6262899, 10.08101], ["51959098", 52.62647, 10.08101], ["51961425", 52.6262899, 10.08101]], "52.629907988,10.0852067303": [], "52.6277955808,10.0812061317": [], "52.6290845498,10.0830478873": [], "52.6284761913,10.0822066795": [], "52.6323243231,10.0884923525": [], "52.6297191437,10.0844873954": [], "52.6268315781,10.0809636433": [], "52.6321155299,10.0894088298": [["51958869", 52.63221, 10.08942], ["51958874", 52.63218, 10.0894699], ["51958868", 52.63221, 10.0894699], ["51958868", 52.63221, 10.08942]], "52.6322760433,10.0886737369": [["51958870", 52.63225, 10.08861], ["51958870", 52.63225, 10.08861]], "52.6320047211,10.0893904734": [], "52.6323152706,10.087863123": [["51958870", 52.6323299, 10.0879599], ["51958870", 52.6323299, 10.0879599]], "52.629463328,10.0837443396": []}}