{"499075": {"51.1086832546,9.47141312063": [], "51.1168874614,9.46679192595": [["61934724", 51.11685, 9.46683], ["61934724", 51.11683, 9.46684], ["61934724", 51.1169399, 9.4668499], ["61934724", 51.1168799, 9.46683]], "51.1140022427,9.46978426538": [], "51.1200827267,9.47153214365": [], "51.1180523783,9.46851365268": [], "51.113236472,9.47044333443": [["567335236", 51.11321, 9.47054]], "51.1063499842,9.47155091912": [["763588962", 51.10633, 9.47159]], "51.120645823,9.47190832347": [["567335252", 51.12063, 9.4718399], ["567335252", 51.12063, 9.4718399]], "51.1172645632,9.46699066088": [["61934724", 51.1173399, 9.46703]], "51.1107982602,9.4713773299": [["567335236", 51.11075, 9.4714499]], "51.1178530566,9.46789297275": [], "51.1124941707,9.47059705853": [], "51.109785391,9.4715332333": [["567335236", 51.10971, 9.4716099]], "51.11755508,9.4673263561": [], "51.1189191509,9.47009389289": [["567335252", 51.11899, 9.47011]], "51.1163396202,9.46736767888": [], "51.1157003324,9.46836856194": [], "51.1053764261,9.47176574729": [["763588962", 51.1054499, 9.47179]], "51.1183838826,9.46942208335": [], "51.1195197981,9.47077626362": [["567335252", 51.11948, 9.47083]], "51.1160496902,9.46789397858": [], "51.1147530936,9.46958427317": [], "51.107501993,9.4713839516": [["763588963", 51.10743, 9.47143]], "51.115311496,9.46900248528": [], "51.1116911843,9.47079319507": [["567335236", 51.1117899, 9.47086]], "51.1170013715,9.46682042442": [["61934724", 51.1169399, 9.4668499], ["61934724", 51.1169399, 9.4668499]], "51.1046815664,9.47230579332": []}, "401467": {"53.0467541981,8.55810795911": [], "53.0567461811,8.5342205409": [], "53.046425879,8.55004808865": [], "53.0537946615,8.54185243137": [], "53.0576482415,8.52648882195": [], "53.0462212767,8.55806319974": [], "53.0465475842,8.55042938143": [], "53.0470506661,8.55529381894": [["51852893", 53.0470799, 8.5552699]], "53.0500720907,8.5482069198": [], "53.0460403953,8.55801098049": [], "53.0477041192,8.54951927438": [["51852817", 53.0476599, 8.5494199], ["792835005", 53.0476599, 8.5494199]], "53.0467310641,8.54939304292": [], "53.0515363254,8.54533678852": [], "53.0573692918,8.53077214211": [], "53.048893176,8.55140528642": [], "53.0460806284,8.55800352059": [], "53.0474140216,8.55425714515": [], "53.0450911447,8.55368021876": [], "53.0471292883,8.55806931853": [], "53.0464676209,8.54961415753": [], "53.0485223606,8.55274949223": [], "53.0456627905,8.55471571907": [], "53.0458563287,8.55569682084": [], "53.047216041,8.55768542737": [], "53.0464226939,8.54949672706": [], "53.0459300894,8.55798189528": [], "53.0575565435,8.52889082395": [], "53.0466962792,8.55026132427": [], "53.0552183278,8.53901943192": [], "53.0467266217,8.54988598265": [], "53.0465817824,8.54959663935": [], "53.0461811274,8.55803176761": [], "53.0459918641,8.55807392858": [["799667149", 53.046, 8.5581199], ["799667150", 53.046, 8.5581199], ["799667150", 53.04591, 8.5581], ["554760531", 53.046, 8.5581199]], "53.0460205302,8.55803947896": [["799667149", 53.046, 8.5581199], ["554760531", 53.046, 8.5581199], ["799667150", 53.046, 8.5581199]], "53.04591408,8.55719123036": [], "53.0470801704,8.55657516047": [["51852894", 53.0471, 8.55663]], "53.0464107916,8.55041689239": [], "53.0454274267,8.55093422346": [], "53.0460944586,8.558016764": [], "53.052011244,8.54458166286": [], "53.0471758917,8.54948432185": [], "53.0460109748,8.55803755112": [["799667149", 53.046, 8.5581199], ["554760531", 53.046, 8.5581199], ["799667150", 53.046, 8.5581199]], "53.045937717,8.55643048882": [], "53.0505614262,8.54714132845": [], "53.0480745994,8.55368114077": [], "53.0459759384,8.55805716477": [["799667149", 53.046, 8.5581199], ["799667150", 53.046, 8.5581199], ["799667150", 53.04591, 8.5581], ["799667150", 53.04591, 8.5581]], "53.0461314227,8.55801332742": [], "53.0460931174,8.5580097232": [], "53.0467262864,8.54952212423": [], "53.0493835174,8.54987039231": [], "53.0545429979,8.54049406014": [], "53.0467212573,8.54949446395": [], "53.0563154351,8.53587009944": [], "53.0558104254,8.53747632354": [], "53.0576027278,8.52452536114": [], "53.0571113806,8.53250367567": [], "53.0529888254,8.54311508127": []}, "401468": {"53.057470629,8.48594597541": [], "53.0593682919,8.45049262047": [], "53.0567090493,8.49044823088": [], "53.0591640249,8.44633586705": [], "53.0602394231,8.46213323995": [], "53.059592424,8.45337255858": [], "53.059212137,8.44765744172": [], "53.0552375223,8.49930228665": [], "53.0603171233,8.46453532577": [["67944494", 53.06032, 8.46463], ["51860764", 53.06032, 8.46463]], "53.0555348285,8.49714352749": [], "53.0591606721,8.44063273631": [["51860709", 53.05921, 8.4406]], "53.0601508263,8.4690651577": [], "53.0570859835,8.4882286191": [], "53.0594827887,8.45195165835": [], "53.0596450623,8.45494307578": [], "53.0601182207,8.46022183076": [["51860731", 53.06012, 8.4601399]], "53.0591393821,8.44321251847": [], "53.0591437407,8.44430551864": [["572248103", 53.0590599, 8.44433], ["51860707", 53.0590599, 8.44433]], "53.059141729,8.44202639535": [], "53.059804067,8.45663202927": [["51860729", 53.0597499, 8.4565599]], "53.05984254,8.47147772089": [], "53.0586908665,8.47876922227": [], "53.0558996927,8.49495744333": [], "53.0591422319,8.44524336979": [], "53.0591932777,8.43922373839": [], "53.057882851,8.48353751935": [], "53.0590441637,8.47652572207": [], "53.0599627364,8.45841787755": [], "53.0563331209,8.49270296283": [], "53.0582934804,8.48111908883": [], "53.059233427,8.43775422312": [], "53.0603072327,8.46670783125": [], "53.0592738278,8.44903777353": [], "53.0594231933,8.47428272478": []}, "513900": {"52.0104849245,8.59215952456": [], "52.009838596,8.58863652684": [], "52.0098381769,8.58855145052": [["51576213", 52.0098399, 8.58853], ["51576222", 52.0098399, 8.58853], ["51576249", 52.0098399, 8.58853]], "52.0108809695,8.57968239114": [], "52.0098569524,8.58863627538": [], "52.0104846731,8.59216379933": [], "52.0108486991,8.58035227284": [["587007182", 52.01088, 8.5803499]], "52.0108704921,8.57962874696": [], "52.0098231733,8.58845078386": [["51576213", 52.0098399, 8.58853]], "52.0106993336,8.58326397836": [], "52.0098749734,8.58860542998": [["51576222", 52.0098399, 8.58853], ["51576213", 52.0098399, 8.58853], ["51576249", 52.0098399, 8.58853]], "52.0107763633,8.58235278167": [], "52.0098922402,8.58777922578": [], "52.0097294636,8.58958762139": [], "52.0098346565,8.58855237253": [["51576213", 52.0098399, 8.58853], ["51576222", 52.0098399, 8.58853], ["51576249", 52.0098399, 8.58853]], "52.0098356623,8.58855622821": [["51576213", 52.0098399, 8.58853], ["51576222", 52.0098399, 8.58853], ["51576249", 52.0098399, 8.58853]], "52.0113447402,8.59380832873": [], "52.010828834,8.59273368493": [], "52.0104868524,8.59215818346": [], "52.0097359177,8.5910203401": [["51576241", 52.0097, 8.59097]], "52.0096489973,8.59049345367": [], "52.0105802268,8.59229003079": [], "52.0108934585,8.57979563065": [], "52.010483332,8.59216212295": [], "52.0097987819,8.58876393177": [["51576222", 52.00982, 8.58883], ["51576241", 52.00982, 8.58883], ["51576248", 52.00982, 8.58883]], "52.0113363583,8.59380363487": [], "52.0104885288,8.5921522323": [], "52.0102560986,8.5915972665": [["587007168", 52.0102399, 8.5916399]], "52.0111917704,8.59346844256": [], "52.0108397305,8.58124888502": [], "52.010419881,8.58595482074": [], "52.0113381185,8.59380782582": [], "52.0104810689,8.5920575168": [], "52.0108901896,8.57970711775": [], "52.0106180292,8.58487062156": [], "52.0100484788,8.58688563108": []}}