{"739108": {"52.3780950811,9.97352692299": [], "52.3873068765,9.97049518861": [], "52.3938315175,9.92908112705": [], "52.3907485697,9.95350942947": [], "52.3753569648,9.97706215829": [["83623508", 52.37537, 9.9771499], ["83624207", 52.3753399, 9.97697], ["83623508", 52.37543, 9.9771]], "52.3887283634,9.96802537702": [], "52.3905123677,9.95556081645": [], "52.3886237573,9.96899893507": [], "52.3859267961,9.97201206163": [], "52.3753544502,9.97705612332": [["83624207", 52.3753399, 9.97697], ["83623508", 52.37537, 9.9771499], ["83623508", 52.37543, 9.9771]], "52.3764036968,9.97523959726": [["586499835", 52.3763699, 9.97532], ["586499835", 52.3763699, 9.97532]], "52.3837113753,9.97312366962": [["554730821", 52.38367, 9.9731699]], "52.3885216657,9.96992278844": [["554732162", 52.3885899, 9.9698459]], "52.3882204201,9.97026854195": [["554732066", 52.38816, 9.97034], ["554732066", 52.38827, 9.97036]], "52.3756877985,9.97651104815": [["83623505", 52.3757699, 9.97654]], "52.3896254785,9.96142462827": [], "52.3869252484,9.97073784471": [], "52.3760802392,9.97558669187": [["586499835", 52.37616, 9.97555], ["586499835", 52.3760699, 9.9756699]], "52.375859376,9.97607527301": [["711306078", 52.37589, 9.97611], ["586499835", 52.37589, 9.97611]], "52.3809557408,9.97222982347": [], "52.3910546768,9.95100399479": [], "52.391390875,9.94818759151": [], "52.389673423,9.96121549979": [["67912546", 52.3896983, 9.9612334]], "52.3890054692,9.96577844024": [], "52.3900368623,9.95932454243": [], "52.3756298795,9.97670919634": [["83624207", 52.37555, 9.97673], ["83623505", 52.37569, 9.9767199]], "52.389670657,9.96121055447": [["67912546", 52.3896983, 9.9612334]], "52.3896695673,9.96121097356": [["67912546", 52.3896983, 9.9612334]], "52.3892201297,9.96430356055": [], "52.3849165253,9.97374116443": [], "52.389758667,9.9606258329": [], "52.3828968219,9.97267607599": [], "52.3755933344,9.97683458962": [["83623505", 52.3756099, 9.97686]], "52.3931850214,9.93430363946": [], "52.3776513431,9.97397552244": [["554748147", 52.3776399, 9.9740599]], "52.3876687232,9.9702947773": [], "52.3754147999,9.97699644417": [], "52.3786840774,9.97299358249": [["554748149", 52.37872, 9.97303], ["554748148", 52.37872, 9.97303]], "52.3896688968,9.9612107221": [["67912546", 52.3896983, 9.9612334]], "52.3902791832,9.95808972046": [], "52.3753561266,9.97706215829": [["83623508", 52.37537, 9.9771499], ["83624207", 52.3753399, 9.97697], ["83623508", 52.37543, 9.9771]], "52.3888563551,9.96694989502": [], "52.3855164181,9.9730931595": [], "52.3753558751,9.97706165537": [["83623508", 52.37537, 9.9771499], ["83624207", 52.3753399, 9.97697], ["83623508", 52.37543, 9.9771]], "52.3816437274,9.9722995609": [["554730821", 52.3815914, 9.9723678]], "52.3762645572,9.97539315373": [["586499835", 52.37625, 9.9754399]], "52.3792832997,9.97261296026": [], "52.3927815165,9.9374475237": [], "52.3924420495,9.94014197029": [], "52.3895498738,9.96204069816": [["766392157", 52.3895645, 9.9620633]], "52.376894122,9.97479443438": [["586499836", 52.3768499, 9.9748499]], "52.3800576199,9.97229905799": [], "52.3921109643,9.94276693091": [], "52.3894224688,9.96294778772": [], "52.390380688,9.95701809414": [], "52.3842514213,9.9737009313": [], "52.3896741774,9.9612283241": [["67912546", 52.3896983, 9.9612334]], "52.3917584214,9.94542667642": [], "52.3753530253,9.97705302201": [["83624207", 52.3753399, 9.97697], ["83623508", 52.37537, 9.9771499], ["83623508", 52.37543, 9.9771]], "52.3821662553,9.97246082872": [["554730821", 52.3820958, 9.9725114]], "52.3935703374,9.93113536388": [], "52.3864568677,9.97113942169": []}}