{"1023293": {"52.6063007768,10.0667461753": [["554740301", 52.6063999, 10.0667899]], "52.6059506647,10.0730077922": [["51960029", 52.6059699, 10.07307], ["51960051", 52.6059699, 10.07307]], "52.6058927458,10.0734670367": [["51960029", 52.60595, 10.0734499], ["51960051", 52.6058, 10.07346], ["51960051", 52.60585, 10.0733899]], "52.6058336534,10.0739535224": [], "52.6058952603,10.0734747481": [["51960029", 52.60595, 10.0734499], ["51960051", 52.6058, 10.07346], ["51960051", 52.60585, 10.0733899]], "52.6065468695,10.0743821729": [["783656440", 52.60664, 10.07438], ["51960001", 52.60664, 10.07438], ["51961472", 52.60664, 10.07438]], "52.6059762295,10.0724588614": [], "52.6058949251,10.073474329": [["51960029", 52.60595, 10.0734499], ["51960051", 52.6058, 10.07346], ["51960051", 52.60585, 10.0733899]], "52.6058941707,10.0734718982": [["51960029", 52.60595, 10.0734499], ["51960051", 52.6058, 10.07346], ["51960051", 52.60585, 10.0733899]], "52.6060438715,10.0720263552": [], "52.6060454641,10.0718499999": [], "52.6059748884,10.0724804867": [], "52.605908839,10.0729559921": [], "52.6058363356,10.0737039931": [], "52.6058932487,10.0734702218": [["51960029", 52.60595, 10.0734499], ["51960051", 52.6058, 10.07346], ["51960051", 52.60585, 10.0733899]], "52.6060110983,10.072398847": [], "52.6058952603,10.0734751672": [["51960029", 52.60595, 10.0734499], ["51960051", 52.6058, 10.07346], ["51960051", 52.60585, 10.0733899]], "52.6059327275,10.0730144978": [["51960029", 52.6059699, 10.07307], ["51960051", 52.6059699, 10.07307]], "52.6070582494,10.0746973325": [["783656440", 52.6071282, 10.0747188], ["783656440", 52.6071282, 10.0747188]], "52.6059592981,10.0725988392": [], "52.6060631499,10.0719007943": [], "52.6059967652,10.0724713504": [], "52.6062404271,10.0683208834": [], "52.6059284527,10.0730121508": [["51960029", 52.6059699, 10.07307], ["51960051", 52.6059699, 10.07307]], "52.60589635,10.0734751672": [["51960029", 52.60595, 10.0734499], ["51960051", 52.6058, 10.07346], ["51960051", 52.60585, 10.0733899]], "52.6061064843,10.0712652784": [], "52.6059309673,10.0729577523": [], "52.6059337333,10.0730839837": [], "52.6059388462,10.0730196945": [["51960029", 52.6059699, 10.07307], ["51960051", 52.6059699, 10.07307]], "52.6059129462,10.0729551539": [], "52.6059288718,10.0729762763": [["51960029", 52.6059699, 10.07307], ["51960051", 52.6059699, 10.07307]], "52.6064929739,10.0638692547": [["51959995", 52.60654, 10.06379], ["51959994", 52.60654, 10.06379]], "52.6059390977,10.0728497934": [], "52.6059767324,10.0724593643": [], "52.605928285,10.0729766954": [["51960029", 52.6059699, 10.07307], ["51960051", 52.6059699, 10.07307]], "52.6059789956,10.0724954903": [], "52.6058947574,10.0734738261": [["51960029", 52.60595, 10.0734499], ["51960051", 52.6058, 10.07346], ["51960051", 52.60585, 10.0733899]], "52.605919065,10.0741301291": [], "52.6059487369,10.0730071217": [["51960029", 52.6059699, 10.07307], ["51960051", 52.6059699, 10.07307]], "52.6062036306,10.0700204819": [], "52.6058938354,10.0734711438": [["51960029", 52.60595, 10.0734499], ["51960051", 52.6058, 10.07346], ["51960051", 52.60585, 10.0733899]], "52.60653832,10.0628608279": [], "52.605905151,10.0734502729": [["51960029", 52.60595, 10.0734499], ["51960051", 52.60585, 10.0733899]], "52.6059796661,10.072459951": [], "52.6058908179,10.0734557211": [["51960051", 52.6058, 10.07346], ["51960029", 52.60595, 10.0734499], ["51960051", 52.60585, 10.0733899]], "52.6058941707,10.0734721497": [["51960029", 52.60595, 10.0734499], ["51960051", 52.6058, 10.07346], ["51960051", 52.60585, 10.0733899]], "52.6059728768,10.0724545866": [], "52.6059457194,10.0730133243": [["51960029", 52.6059699, 10.07307], ["51960051", 52.6059699, 10.07307]], "52.6059842762,10.0724574365": [], "52.6059768163,10.0724631362": [], "52.6058942545,10.0734723173": [["51960029", 52.60595, 10.0734499], ["51960051", 52.6058, 10.07346], ["51960051", 52.60585, 10.0733899]], "52.6059193164,10.0729639549": [], "52.6059756428,10.0724668242": [], "52.6063784771,10.0651872251": [["554740301", 52.60645, 10.0652099]]}, "369460": {"52.5304788351,9.446650967": [], "52.5304817688,9.44665155374": [], "52.5304795895,9.44664912298": [], "52.5304773264,9.44665205665": [], "52.5306061562,9.44652792066": [], "52.5318987295,9.44528387859": [], "52.5314290915,9.4457247667": [["586524937", 52.5315054, 9.4457889]], "52.5307584554,9.44636631757": [], "52.5305005442,9.44664065726": [], "52.5311248284,9.44601612166": [], "52.530915197,9.44621603005": []}}