{"358828": {"51.3107227441,9.49995392002": [], "51.3135509659,9.50082018971": [["52574448", 51.31358, 9.5007499], ["52574446", 51.31358, 9.5007499]], "51.3136395626,9.50075103901": [["52570254", 51.31358, 9.5007499], ["52574446", 51.31358, 9.5007499], ["52574448", 51.31358, 9.5007499]], "51.3136384729,9.50075346977": [["52570254", 51.31358, 9.5007499], ["52574446", 51.31358, 9.5007499], ["52574448", 51.31358, 9.5007499]], "51.310536582,9.50263814069": [], "51.3135886844,9.4989536237": [["52570250", 51.3135899, 9.4988899], ["52570282", 51.3134999, 9.49896]], "51.3135756925,9.49849898927": [["67199924", 51.3135299, 9.49841]], "51.3136406522,9.50074592605": [["52570254", 51.31358, 9.5007499], ["52574446", 51.31358, 9.5007499], ["52574448", 51.31358, 9.5007499]], "51.3134252373,9.50157967396": [], "51.3111974951,9.4996525906": [], "51.3109336328,9.5002070535": [], "51.313637048,9.50075673871": [["52574446", 51.31358, 9.5007499], ["52570254", 51.31358, 9.5007499], ["52574448", 51.31358, 9.5007499]], "51.3134928793,9.50150658377": [["576397358", 51.31354, 9.5015099], ["52566361", 51.31354, 9.5015099], ["52570263", 51.31354, 9.5015099]], "51.3137599267,9.50057116337": [["67199922", 51.3137599, 9.50064], ["52570222", 51.3138, 9.50061], ["52570254", 51.3137599, 9.50064]], "51.3094912749,9.50249732472": [], "51.3106840197,9.49949878268": [["52570655", 51.3106699, 9.4995399], ["52570847", 51.3106699, 9.4995399]], "51.3137036841,9.50004553422": [], "51.3121707179,9.50301138684": [["52566465", 51.3122099, 9.50303]], "51.3136418257,9.50074617751": [["52570254", 51.31358, 9.5007499], ["52574446", 51.31358, 9.5007499], ["52574448", 51.31358, 9.5007499]], "51.3114149217,9.50286143459": [["52566465", 51.31138, 9.50293]], "51.3124231808,9.50255063362": [], "51.3135002553,9.50125453994": [], "51.3097433187,9.50246832334": [], "51.3135742676,9.49895907193": [["52570250", 51.3135899, 9.4988899], ["52570282", 51.3134999, 9.49896]], "51.3134699967,9.50121883303": [], "51.3136411551,9.50074592605": [["52570254", 51.31358, 9.5007499], ["52574446", 51.31358, 9.5007499], ["52574448", 51.31358, 9.5007499]], "51.3118678797,9.50119452551": [], "51.3123873901,9.50195132755": [["52570655", 51.3124099, 9.5020399]], "51.3136116508,9.49894457124": [["52570250", 51.3135899, 9.4988899]], "51.3134737685,9.50156483799": [["576397358", 51.31354, 9.5015099], ["52570263", 51.31354, 9.5015099], ["52566361", 51.31354, 9.5015099]], "51.3135780394,9.49895638973": [["52570250", 51.3135899, 9.4988899], ["52570282", 51.3134999, 9.49896]], "51.3115951326,9.50092001818": [], "51.3082893938,9.50218182988": [], "51.3110196311,9.50275624171": [], "51.3133072201,9.49786732905": [["67199924", 51.31334, 9.4979599]], "51.3121339213,9.50059362687": [], "51.3115598448,9.50010077097": [], "51.3132630475,9.50055565685": [["52570381", 51.31331, 9.5004999], ["52570381", 51.31331, 9.5004999]], "51.3136410713,9.50074902736": [["52570254", 51.31358, 9.5007499], ["52574446", 51.31358, 9.5007499], ["52574448", 51.31358, 9.5007499]], "51.3136399817,9.50074718334": [["52570254", 51.31358, 9.5007499], ["52574446", 51.31358, 9.5007499], ["52574448", 51.31358, 9.5007499]], "51.3128664996,9.50068498962": [], "51.3134931307,9.50151236728": [["576397358", 51.31354, 9.5015099], ["52570263", 51.31354, 9.5015099], ["52566361", 51.31354, 9.5015099]], "51.3111462817,9.50045197271": [["52570655", 51.3111599, 9.5004299]], "51.3124733884,9.50087232515": [], "51.3136394788,9.50074684806": [["52570254", 51.31358, 9.5007499], ["52574446", 51.31358, 9.5007499], ["52574448", 51.31358, 9.5007499]], "51.3091388997,9.50242272578": [], "51.3078913372,9.50205224566": [], "51.3113626186,9.50067107566": [], "51.3134924602,9.50150708668": [["576397358", 51.31354, 9.5015099], ["52566361", 51.31354, 9.5015099], ["52570263", 51.31354, 9.5015099]], "51.3118078653,9.50296302326": [], "51.3121191692,9.50147464871": [], "51.3134937175,9.50150708668": [["576397358", 51.31354, 9.5015099], ["52566361", 51.31354, 9.5015099], ["52570263", 51.31354, 9.5015099]], "51.3087081537,9.50229272246": [], "51.3134885207,9.50151496567": [["576397358", 51.31354, 9.5015099], ["52570263", 51.31354, 9.5015099], ["52566361", 51.31354, 9.5015099]], "51.3135700766,9.4992773328": [], "51.3136417419,9.50074609369": [["52570254", 51.31358, 9.5007499], ["52574446", 51.31358, 9.5007499], ["52574448", 51.31358, 9.5007499]], "51.3134750258,9.50082597323": [], "51.3136414904,9.50074626133": [["52570254", 51.31358, 9.5007499], ["52574446", 51.31358, 9.5007499], ["52574448", 51.31358, 9.5007499]], "51.3136050291,9.49894758873": [["52570250", 51.3135899, 9.4988899]], "51.3109123427,9.4993363414": [["52570656", 51.3108299, 9.49927]], "51.3134843297,9.50151806697": [["576397358", 51.31354, 9.5015099], ["52570263", 51.31354, 9.5015099], ["52566361", 51.31354, 9.5015099]], "51.3100868929,9.50253722258": []}}