{"1641288": {"51.416104557,8.57951953076": [], "51.40709728,8.5766451247": [["812398824", 51.40712, 8.57658], ["812398823", 51.40706, 8.5766699], ["812398827", 51.40712, 8.57658]], "51.4096815884,8.57758138329": [], "51.4230901189,8.58050658368": [["75422717", 51.4230999, 8.58049], ["75422768", 51.4230999, 8.58049], ["75376585", 51.4230999, 8.58049]], "51.404087171,8.57295482419": [], "51.4334887918,8.5862347763": [["75376115", 51.4335399, 8.58623]], "51.4105058648,8.57751566917": [], "51.4325524494,8.58451648615": [["75376118", 51.4326, 8.5844499]], "51.4212691505,8.58180619776": [], "51.402706923,8.57094249688": [], "51.4085470978,8.57760309242": [["587015967", 51.4085499, 8.57751]], "51.4227871969,8.5805820208": [["75422717", 51.42285, 8.5806399], ["75422717", 51.42285, 8.5806399]], "51.4074529242,8.57694896869": [["812398827", 51.40745, 8.57686]], "51.4063625224,8.57588178478": [], "51.4230495505,8.58054296114": [["75422717", 51.4230999, 8.58049], ["75422768", 51.4230999, 8.58049], ["75376585", 51.4230999, 8.58049]], "51.4328396972,8.58663903549": [], "51.438609967,8.5950158257": [], "51.4334791526,8.58596672304": [["74600071", 51.4335299, 8.58601]], "51.4292331319,8.58403259888": [], "51.4328669384,8.58502241783": [["74600071", 51.43292, 8.58503]], "51.4329160564,8.58713448979": [], "51.4181022998,8.58194592409": [], "51.4371044934,8.59268808737": [], "51.4281736594,8.58373546042": [], "51.4220828656,8.58097027056": [["75422717", 51.4221399, 8.58102], ["75422717", 51.4221399, 8.58102]], "51.4350563753,8.59043159522": [], "51.4379146881,8.59378402121": [], "51.4053603821,8.5747839231": [], "51.4343828894,8.58908655122": [], "51.4092974458,8.57755422592": [], "51.4275286719,8.58418405987": [], "51.4361827355,8.59160782769": [], "51.4230548311,8.58049878851": [["75422768", 51.4230999, 8.58049], ["75422717", 51.4230999, 8.58049], ["75376585", 51.4230999, 8.58049]], "51.4194761775,8.5824608244": [], "51.4287948422,8.58393662609": [], "51.4112012275,8.57743117958": [], "51.4234618563,8.58115458861": [["75376585", 51.42341, 8.5811999], ["75376585", 51.42341, 8.5811999]], "51.4353912324,8.59084406868": [["74600060", 51.4353999, 8.59077], ["74600064", 51.4353999, 8.59077]], "51.4322992321,8.58405573294": [], "51.4203716163,8.58232084662": [], "51.4067504369,8.5762245208": [["587014455", 51.40684, 8.57632]], "51.4045175817,8.5735793598": [["75376990", 51.40456, 8.5735199]], "51.4230797254,8.5804591421": [["75376585", 51.4230999, 8.58049], ["75422768", 51.4230999, 8.58049], ["75422717", 51.4230999, 8.58049]], "51.4231632929,8.58067212626": [], "51.4023283962,8.57039256021": [], "51.4265775774,8.58376722783": [], "51.4031343162,8.57158379629": [], "51.4250702597,8.58275008388": [], "51.403604541,8.57226172462": [], "51.4335028734,8.58811642975": [], "51.4059165213,8.57543888502": [], "51.4070240222,8.57647237368": [], "51.415222194,8.57846626081": [], "51.41697946,8.58061244711": [], "51.4332129434,8.58551477082": [], "51.4302772656,8.58409043401": [], "51.4122229815,8.57720042579": [], "51.4143273421,8.57762069441": [], "51.4331525937,8.58638632111": [], "51.4132856391,8.57718642801": [], "51.4240443986,8.58175347559": [], "51.404951429,8.57418755069": []}}