{"369589": {"52.2205431294,9.06383872032": [], "52.2194415797,9.04018155299": [], "52.2207068279,9.03334259056": [], "52.2214459442,9.02575738728": [], "52.218964817,9.0426510293": [], "52.2218052763,9.01913962327": [], "52.2201021574,9.08394212835": [], "52.2212311998,9.02818185277": [], "52.2199169174,9.08688752912": [], "52.2208270244,9.07241432928": [], "52.2209964227,9.03068033047": [], "52.2211611271,9.01509845629": [], "52.2190363985,9.0005946625": [], "52.2195188608,9.00537209585": [], "52.2209770605,9.06961418688": [], "52.2209794912,9.11071568727": [], "52.2218347806,9.02131891809": [], "52.2200578172,9.01009823196": [], "52.2216749378,9.02347885072": [], "52.2198557295,9.03797979467": [], "52.2197115608,9.00774937123": [], "52.2193483729,9.00296087377": [], "52.2204922512,9.07803975977": [], "52.2203688696,9.11350082606": [], "52.2202883195,9.03572112322": [], "52.220433997,9.0119230561": [], "52.221569242,9.01705102064": [], "52.2198347747,9.06111367978": [], "52.2206863761,9.07515923493": []}, "753500": {"52.05406202,10.1898152288": [], "52.0932278875,10.1822202187": [["783452490", 52.0932199, 10.18219]], "52.0427416731,10.1800440252": [], "52.0888380334,10.1825587638": [], "52.1045871265,10.1835221797": [], "52.0840963908,10.1847478654": [], "52.0923926309,10.1822466217": [["783452490", 52.09242, 10.18222]], "52.0553853549,10.1906634774": [], "52.0745735429,10.1922734734": [], "52.0940890443,10.1821861882": [], "52.045482723,10.1826952212": [], "52.0588069316,10.1921708789": [], "52.1029310301,10.1827895176": [], "52.0949773584,10.1821611263": [], "52.0777456742,10.1904926542": [], "52.0414183382,10.1788734924": [], "52.0906102192,10.182505874": [], "52.067810772,10.193898892": [], "52.0483780839,10.1854396239": [], "52.0767319668,10.1911461912": [], "52.0469207224,10.1840789896": [["732990623", 52.04691, 10.1840999]], "52.0805949345,10.188269522": [], "52.0513699204,10.1879502553": [], "52.0694678742,10.1937459223": [["733381859", 52.0694899, 10.1936499]], "52.0619841758,10.1932666451": [], "52.1063222643,10.1846742723": [], "52.0868965331,10.1828613505": [], "52.0498634409,10.1867616177": [], "52.0897373278,10.1825238951": [], "52.0722370874,10.1931324508": [], "52.0832362399,10.1856130455": [], "52.0567784272,10.1914163399": [], "52.0967847481,10.1821179595": [["554709815", 52.09671, 10.1820999]], "52.087888699,10.1826293394": [], "52.0986345503,10.1821091585": [], "52.0733899344,10.1927325502": [], "52.084919326,10.1839948352": [], "52.1054783743,10.1840532571": [], "52.0815039519,10.1874091197": [], "52.0976934303,10.1821029559": [["554709815", 52.09763, 10.18208]], "52.0398385171,10.1777052227": [], "52.0756823849,10.1917476766": [], "52.103746254,10.1831142325": [], "52.0914343279,10.1823630463": [], "52.0663725212,10.1938822959": [], "52.1004030481,10.1822370663": [], "52.0605812967,10.1928546745": [], "52.099538371,10.18215199": [], "52.0787045639,10.1898010634": [["779267893", 52.0787399, 10.18984]], "52.1020844579,10.1825556625": [], "52.0528758969,10.1890124939": [], "52.1012294199,10.1823642198": [], "52.0649314206,10.1937564835": [["769268240", 52.0648697, 10.1938152]], "52.0366911963,10.1752255205": [], "52.0796416607,10.1890621986": [], "52.0707394928,10.19352003": [["733381859", 52.07078, 10.1934299]], "52.0382533316,10.1765180938": [], "52.0823851414,10.1865235716": [], "52.0634882245,10.1935705729": [], "52.0958726294,10.1821350586": [], "52.0858639665,10.1833155658": [], "52.0440642536,10.1813080162": []}, "997531": {"51.7515270319,8.71617472731": [], "51.7452350724,8.71374238282": [["797901544", 51.74515, 8.71369], ["51551115", 51.74515, 8.71369], ["51551116", 51.74515, 8.71369]], "51.7452301271,8.71374506503": [["51551115", 51.74515, 8.71369], ["797901544", 51.74515, 8.71369], ["51551116", 51.74515, 8.71369]], "51.7476931494,8.7147847563": [["76218182", 51.7476299, 8.71478]], "51.7504050303,8.71579335071": [], "51.7490373552,8.71528448537": [], "51.7492286302,8.71534827165": [], "51.7481363844,8.71496773325": [], "51.7452382576,8.7137409579": [["797901544", 51.74515, 8.71369], ["51551115", 51.74515, 8.71369], ["51551116", 51.74515, 8.71369]], "51.7454803269,8.71393558569": [["797901544", 51.74551, 8.7139]], "51.745215375,8.71376895346": [["51551115", 51.74515, 8.71369], ["797901544", 51.74515, 8.71369], ["51551116", 51.74515, 8.71369]], "51.7466137279,8.71440698393": [["51551097", 51.7465799, 8.7143699]], "51.7452374194,8.71374146082": [["797901544", 51.74515, 8.71369], ["51551115", 51.74515, 8.71369], ["51551116", 51.74515, 8.71369]], "51.7471289635,8.71457302943": [["76218182", 51.74703, 8.7145299]], "51.7497863621,8.71556611732": [], "51.7452328932,8.71374355629": [["797901544", 51.74515, 8.71369], ["51551115", 51.74515, 8.71369], ["51551116", 51.74515, 8.71369]], "51.7452200688,8.71374841779": [["51551115", 51.74515, 8.71369], ["797901544", 51.74515, 8.71369], ["51551116", 51.74515, 8.71369]], "51.7510121316,8.71598965488": [], "51.7485879175,8.71512003243": [], "51.7489460763,8.71525372379": [], "51.7460431717,8.71420011856": [["797901543", 51.74598, 8.71413]], "51.7490395345,8.71528523974": [], "51.745202383,8.71375378221": [["51551115", 51.74515, 8.71369], ["797901544", 51.74515, 8.71369], ["51551116", 51.74515, 8.71369]]}, "753499": {"52.1149821952,10.1982794423": [], "52.1144231223,10.1971366536": []}, "369588": {"52.2346515488,9.26430911757": [], "52.2153557371,9.17070605792": [], "52.2340551764,9.25926899537": [], "52.2170133423,9.16174605489": [], "52.2343671508,9.26179873757": [], "52.2215760313,9.21283559874": [], "52.2154533863,9.1681180615": [["68154015", 52.21544, 9.1680399]], "52.2336617298,9.25655158237": [], "52.2151236422,9.18168936856": [], "52.2151460219,9.17901252396": [], "52.2163998708,9.16389148682": [], "52.2536600288,9.30136727169": [], "52.2434409801,9.28538273089": [], "52.2160691209,9.18730272911": [], "52.2152925376,9.17640776373": [], "52.2408768721,9.28238284774": [], "52.2546971217,9.30355603807": [], "52.2383920569,9.27826582454": [], "52.2420771606,9.2839043308": [], "52.2158697993,9.16587514803": []}, "753501": {"52.0152656268,10.1654569991": [["769248907", 52.01524, 10.1655]], "51.99289307,10.1550724916": [], "52.0183559507,10.1674300991": [], "52.0167758781,10.1664576307": [["769248907", 52.0167999, 10.16655]], "52.001203727,10.1573744975": [], "51.9995228201,10.1565996744": [], "51.9871575851,10.1544913743": [], "51.9778439496,10.1513706241": [["554744596", 51.97792, 10.15139]], "52.0106766187,10.1621768251": [], "51.9741042797,10.1493511721": [], "51.9826758653,10.1534033194": [["756023355", 51.98264, 10.15342]], "51.9810138177,10.1528799534": [], "52.0052043255,10.1590247266": [], "51.9858753216,10.1542165317": [], "51.9912957307,10.1548473537": [], "51.9964541215,10.1557837799": [], "51.9980271533,10.1561091654": [], "52.0138050802,10.1644240972": [], "51.979442127,10.1522040367": [["756023354", 51.97943, 10.1521599]], "52.000059681,10.1568518858": [], "51.9882139564,10.1556051616": [], "52.0031801797,10.1580192335": [], "51.9760316983,10.1502874307": [], "52.0090744179,10.1610672288": [], "52.0122807473,10.1633152552": [], "51.9842309598,10.1538315509": [], "52.0073116198,10.1600392722": [], "51.9947327301,10.1555093564": [], "51.9876412209,10.1545026898": []}}