{"567743": {"50.8070077468,8.76807379536": [["52645008", 50.8069399, 8.7680699]], "50.8069256879,8.76765537076": [], "50.8074216451,8.77147684805": [["774424372", 50.8074699, 8.7714599], ["774424373", 50.8074699, 8.7714599]], "50.8071679249,8.76932412386": [], "50.8069296274,8.76767791808": [], "50.807106318,8.76879698597": [["52644421", 50.8070399, 8.76881], ["774424372", 50.8070399, 8.76881]], "50.8074204717,8.77147173509": [["774424373", 50.8074699, 8.7714599], ["774424372", 50.8074699, 8.7714599]], "50.8074154425,8.77147684805": [["774424373", 50.8074699, 8.7714599], ["774424372", 50.8074699, 8.7714599]], "50.8069255203,8.76765604131": [], "50.8074201364,8.7714757584": [["774424373", 50.8074699, 8.7714599], ["774424372", 50.8074699, 8.7714599]], "50.8070530929,8.7683980912": [], "50.8074085694,8.77105792053": [["774424372", 50.80739, 8.7710599]], "50.807425417,8.77148011699": [["774424372", 50.8074699, 8.7714599], ["774424373", 50.8074699, 8.7714599]], "50.8074239921,8.77147902735": [["774424372", 50.8074699, 8.7714599], ["774424373", 50.8074699, 8.7714599]], "50.8072657418,8.77009903081": []}, "421685": {"52.486290196,10.5113971699": [], "52.4862761982,10.5201108288": [], "52.4866495281,10.5096355453": [], "52.48630872,10.5142549798": [], "52.4866606761,10.5103095341": [], "52.4864857458,10.5105406232": [], "52.4863185268,10.5169054214": [], "52.4866628554,10.5102953687": [], "52.4863188621,10.5180491321": [], "52.4860600289,10.521411784": [["67968080", 52.4860599, 10.52142]], "52.4863068759,10.5128043238": [], "52.4863286689,10.5191990454": [], "52.4863158446,10.515660625": [["716812802", 52.48632, 10.51561]], "52.4866925273,10.5102899205": []}, "421686": {"52.484201258,10.5403764267": [["67969039", 52.48425, 10.54046]], "52.4858709332,10.5367837753": [["586505111", 52.48595, 10.53673]], "52.4854757264,10.5374409165": [["67968210", 52.4853968, 10.5375157]], "52.4841051176,10.5425649416": [], "52.484313827,10.5396815669": [], "52.4859479629,10.5362925958": [], "52.485615788,10.5370974261": [["67968210", 52.4855399, 10.53718]], "52.4857188854,10.5355512165": [], "52.485088231,10.5335198622": [], "52.4841549899,10.5409738887": [], "52.485263329,10.537907118": [["67968210", 52.4852578, 10.5378417]], "52.4849457387,10.5386880599": [], "52.4851207528,10.5341358483": [["67968164", 52.48513, 10.53407]], "52.484532427,10.5392999388": [["67969039", 52.4845899, 10.53938]], "52.4853850342,10.5348315462": []}, "451939": {"51.0294207931,11.0619076621": [], "51.0325413756,11.0641202331": [["586814129", 51.03263, 11.06416]], "51.0357386526,11.0640115198": [], "51.0250921268,11.0587784462": [["586814129", 51.0250899, 11.0588]], "51.0315139219,11.0634411313": [], "51.0347069241,11.0643471312": [], "51.0336250719,11.0644313693": [], "51.0283489991,11.0611166619": [], "51.0272750258,11.0603282601": [], "51.030480098,11.0626824852": [["586814129", 51.03039, 11.06262], ["565436985", 51.03039, 11.06262]], "51.0239611566,11.0581661481": [["586814129", 51.02397, 11.0581999]], "51.0261940956,11.0595308896": []}, "451940": {"51.1080536898,11.1257797759": [], "51.0614518169,11.1100387294": [], "51.0500520933,11.0925801471": [], "51.0708016623,11.120865047": [], "51.0892954934,11.1253081262": [], "51.0451939423,11.0779899359": [], "51.0444795527,11.0739286523": [["724069299", 51.0444999, 11.0738899]], "51.0463870224,11.0841087252": [["565409038", 51.04641, 11.0840999]], "51.0644193459,11.1140688322": [["565384171", 51.06447, 11.11411]], "51.0795319173,11.1248928867": [["565412895", 51.07963, 11.12492]], "51.0945956223,11.125327656": [], "51.0527104978,11.0969346296": [], "51.0696207359,11.1198897287": [["565384171", 51.06958, 11.1198399]], "51.0879676323,11.1253079586": [], "51.044866126,11.0759441648": [], "51.0866213311,11.1252986547": [["565412895", 51.08665, 11.1253199]], "51.0545434523,11.0998469219": [], "51.062427219,11.1113853659": [], "51.0906112846,11.1253123172": [], "51.0554930381,11.101314174": [], "51.0808579344,11.1250925437": [["565412895", 51.0807699, 11.1250899]], "51.1106258444,11.1268875282": [["586829585", 51.11071, 11.1269699]], "51.0574242286,11.1042380333": [], "51.0720041301,11.1217426322": [], "51.07570122,11.1237577256": [["565412895", 51.0757799, 11.12379]], "51.0822159704,11.1252178531": [["565412895", 51.0822799, 11.1252299]], "51.1013761628,11.1253458448": [["586829585", 51.1012799, 11.12535]], "51.0673452169,11.1176752299": [], "51.0973247699,11.125330925": [], "51.0492045991,11.0910983942": [], "51.0595459398,11.1073316261": [], "51.1040417757,11.1253357865": [["586829585", 51.1040099, 11.12538]], "51.0959533229,11.1253310926": [], "51.0604932625,11.1086918414": [], "51.1000428535,11.1253445875": [], "51.0634181276,11.1127255484": [], "51.1067186203,11.1254904326": [["586829585", 51.10671, 11.12553]], "51.0835962184,11.1252769455": [], "51.0476471577,11.0878509935": [], "51.1053785216,11.1253596749": [["586829585", 51.10541, 11.12541]], "51.0509261582,11.0940319765": [], "51.0932543501,11.1253148317": [], "51.1093614344,11.1262454744": [["586829585", 51.1093, 11.12626]], "51.0564595554,11.1027800851": [], "51.1027070414,11.1253423244": [], "51.0585909896,11.1059418228": [], "51.0458998661,11.0821033549": [], "51.0732251219,11.1225131806": [["565412895", 51.07314, 11.12246]], "51.05361633,11.0983892251": [], "51.0919268243,11.1253104731": [], "51.0469711572,11.0860380717": [], "51.0849799868,11.1252972297": [], "51.0652286187,11.1151382793": [], "51.0769611876,11.1242257711": [], "51.0784947407,11.1246719398": [["565412895", 51.07855, 11.1246999]], "51.0483984277,11.0895349178": [], "51.0518138856,11.0954852309": [], "51.074457597,11.1231841519": [], "51.068465542,11.1188291665": [], "51.0986949597,11.1253385525": [], "51.0662669688,11.1164390668": [], "51.0455172323,11.0800568294": []}, "567744": {"50.806490751,8.76450821757": [], "50.8066220954,8.76523233019": [], "50.8066691179,8.76569475979": [], "50.8062508609,8.76312604174": [["765269177", 50.8063199, 8.76313], ["765269176", 50.8063199, 8.76313]], "50.8064095303,8.76398183405": [], "50.8066311479,8.76526485197": [], "50.8063251246,8.76340792514": [], "50.8065317385,8.76487442292": [["567341348", 50.8066, 8.7648599], ["52645008", 50.8066, 8.7648599], ["765269177", 50.8066, 8.7648599]], "50.8066478278,8.76542779617": [], "50.8065185789,8.76481591724": [["567341348", 50.8066, 8.7648599], ["765269177", 50.8066, 8.7648599], ["52645008", 50.8066, 8.7648599]], "50.8067644201,8.7666681502": [], "50.8064528648,8.76423136331": [], "50.8067645878,8.76666739583": [], "50.8067645878,8.76666873693": [], "50.8061651979,8.7627343554": [["765269176", 50.80626, 8.76281]], "50.8063087799,8.76335394569": [], "50.8064529486,8.76423069276": [], "50.8064593188,8.76422482543": [], "50.8064558823,8.76426137052": [], "50.8066716325,8.7656899821": [], "50.8067644201,8.76666848548": [], "50.8066666871,8.76566584222": [], "50.8067647554,8.76666429453": [], "50.8064537868,8.76422449015": [], "50.8064529486,8.76423211768": [], "50.8065445628,8.76487802714": [["567341348", 50.8066, 8.7648599], ["52645008", 50.8066, 8.7648599], ["765269177", 50.8066, 8.7648599]], "50.8063582331,8.7635984458": [], "50.8066885639,8.76608946361": [], "50.8066707943,8.76569266431": [], "50.8065575548,8.76494835131": [["567341348", 50.8066, 8.7648599], ["52645008", 50.8066, 8.7648599], ["765269177", 50.8066, 8.7648599]], "50.8064422198,8.7641956564": [], "50.8064247854,8.76406246796": [], "50.8066720515,8.76568847336": [], "50.8065372705,8.76488012262": [["567341348", 50.8066, 8.7648599], ["52645008", 50.8066, 8.7648599], ["765269177", 50.8066, 8.7648599]], "50.8065431379,8.76487735659": [["567341348", 50.8066, 8.7648599], ["52645008", 50.8066, 8.7648599], ["765269177", 50.8066, 8.7648599]], "50.8065406233,8.76487911679": [["567341348", 50.8066, 8.7648599], ["52645008", 50.8066, 8.7648599], ["765269177", 50.8066, 8.7648599]], "50.8066743985,8.76578142866": [], "50.8067523502,8.76655616798": [], "50.8067644201,8.76666563563": [], "50.8065886516,8.76522067934": [], "50.8065443952,8.76487853006": [["567341348", 50.8066, 8.7648599], ["52645008", 50.8066, 8.7648599], ["765269177", 50.8066, 8.7648599]], "50.8064271323,8.76404738054": [], "50.8067213371,8.766379226": [], "50.8066756558,8.76575787552": [], "50.8062738273,8.76323978417": [], "50.8065445628,8.7648782786": [["567341348", 50.8066, 8.7648599], ["52645008", 50.8066, 8.7648599], ["765269177", 50.8066, 8.7648599]], "50.8066318184,8.76526024193": [], "50.8064535353,8.76422985457": [], "50.8066754881,8.76575619914": [], "50.8067648392,8.76666647382": [], "50.806314731,8.76339778304": [], "50.8063813671,8.76380112022": [["765269177", 50.8064499, 8.76378]], "50.8066739794,8.76575904898": [], "50.8066981193,8.76621016301": [], "50.8066724706,8.76568813808": [], "50.8066267893,8.76525563188": [], "50.8065441437,8.76487744041": [["567341348", 50.8066, 8.7648599], ["52645008", 50.8066, 8.7648599], ["765269177", 50.8066, 8.7648599]], "50.8062842209,8.76327046193": [], "50.8064549603,8.7642286811": [], "50.8064577263,8.76422675326": [], "50.8067657612,8.76667359844": [], "50.8065442275,8.7648778595": [["567341348", 50.8066, 8.7648599], ["52645008", 50.8066, 8.7648599], ["765269177", 50.8066, 8.7648599]]}, "421684": {"52.478740029,10.4570236802": [], "52.477162471,10.4120146204": [], "52.4786486663,10.4615531769": [], "52.4787040707,10.4585343506": [], "52.4787930865,10.45381492": [["554735505", 52.4787799, 10.4539]], "52.4744967744,10.3940425627": [], "52.474119924,10.3804610297": [], "52.4812607188,10.4736438207": [], "52.4766167253,10.4071731493": [], "52.48374369,10.4866972938": [], "52.4791420251,10.4678540211": [["554735498", 52.47918, 10.4679099]], "52.4836656544,10.4852446262": [], "52.4822292477,10.4764913209": [["554735496", 52.48225, 10.47649]], "52.4817688297,10.4751030263": [], "52.4773440231,10.413541384": [], "52.4740054272,10.3824746981": [], "52.4787702877,10.4554417636": [], "52.4761976302,10.4031973612": [["554735525", 52.4762, 10.40317]], "52.4779154174,10.4189537466": [], "52.47777896,10.4176604189": [["764787274", 52.4777599, 10.41766]], "52.4786523543,10.4631266277": [], "52.4788278714,10.4517291673": [], "52.4789031409,10.4480889905": [], "52.4782619253,10.4223691206": [], "52.4801423214,10.470614098": [["764787271", 52.4801599, 10.47065]], "52.4755856674,10.3996839188": [], "52.4783986341,10.4281511251": [], "52.4749166239,10.3962024953": [], "52.478875732,10.4499189276": [], "52.4785324931,10.4392629303": [], "52.4787039869,10.4647564888": [], "52.4784456566,10.4262406379": [], "52.473754473,10.3863995243": [], "52.4826125521,10.4778448306": [], "52.4832467269,10.48087053": [], "52.4763905816,10.4050216824": [], "52.4774906226,10.4149584286": [], "52.4795590248,10.4690257274": [], "52.4769728724,10.4104365595": [], "52.4835877866,10.4837481212": [], "52.4807157274,10.4721563682": [], "52.4783575628,10.4242848884": [], "52.4783040863,10.4339689203": [], "52.4780990649,10.4206340667": [["764787284", 52.4780981, 10.420686]], "52.4753135908,10.3983044252": [], "52.4738059379,10.3880646732": [], "52.4784568883,10.4374968633": [], "52.4835432786,10.4831891321": [], "52.4782313313,10.431817621": [], "52.4783768412,10.4357124399": [], "52.4788457248,10.4462354165": [], "52.4782848917,10.429980224": [["764787284", 52.47827, 10.4299299]], "52.4786758237,10.459992718": [], "52.4740972929,10.3914059512": [], "52.478808593,10.4664077237": [], "52.4759210274,10.4014307912": [], "52.4767897278,10.4088439979": [], "52.4776221346,10.4162642453": [], "52.4738806207,10.3844658192": [["572197798", 52.47387, 10.38445]], "52.4787637498,10.4443836864": [], "52.4786172342,10.4411011655": [], "52.4742379412,10.3784557432": []}, "567745": {"50.803983137,8.75893752091": [["52644459", 50.80393, 8.75894], ["52644459", 50.80393, 8.75894]], "50.8014955558,8.75971787609": [["52644475", 50.80157, 8.7596399]], "50.8023626637,8.75926399603": [], "50.8039789461,8.75894841738": [["52644459", 50.80393, 8.75894], ["52644459", 50.80393, 8.75894]], "50.8039537165,8.75893827528": [["52644459", 50.80393, 8.75894], ["52644459", 50.80393, 8.75894]], "50.8032776322,8.75906324945": [], "50.8039830532,8.75893232413": [["52644459", 50.80393, 8.75894], ["52644459", 50.80393, 8.75894]], "50.8036445919,8.75902209431": [], "50.8039815444,8.75893182121": [["52644459", 50.80393, 8.75894], ["52644459", 50.80393, 8.75894]], "50.7992341183,8.76162962057": [], "50.8020352665,8.75946356915": [], "50.802067956,8.75943733379": [], "50.8010362275,8.76009145752": [], "50.7998241205,8.76111572608": [["52645072", 50.7998499, 8.76109]], "50.8028135262,8.75913902186": [["52644465", 50.80278, 8.7591399], ["52644458", 50.80278, 8.7591399]], "50.8039827179,8.75894213095": [["52644459", 50.80393, 8.75894], ["52644459", 50.80393, 8.75894]], "50.8003186528,8.76070694067": [], "50.8019886632,8.75949089415": []}, "451941": {"51.1408129334,11.1745320261": [], "51.1379258707,11.1736804247": [["565421157", 51.13796, 11.17369]], "51.1252239347,11.1603639275": [], "51.1338053271,11.1713489983": [], "51.1244330183,11.158626359": [["565384216", 51.1244499, 11.15863]], "51.1302121729,11.1680203769": [], "51.1392349564,11.1741315387": [], "51.1260997597,11.1620642804": [], "51.1313660257,11.1692489963": [["565421157", 51.1314, 11.16923]], "51.1280415952,11.1652412731": [], "51.1325602792,11.1703558266": [], "51.1270404607,11.1637031939": [], "51.1350680608,11.1722114962": [["565421157", 51.1351599, 11.17225]], "51.1224868242,11.1531418283": [], "51.1218840815,11.1508298479": [["565384216", 51.1218899, 11.15075]], "51.1230659299,11.1550232302": [], "51.1291039176,11.1666721478": [["586829581", 51.12916, 11.1667]], "51.1214530841,11.1488654651": [], "51.1237163655,11.1568503175": [], "51.1366205569,11.1730995588": [], "51.1209936719,11.1465092283": [["565384216", 51.1210099, 11.14655]]}}