{"401467": {"53.0477629602,8.5509445332": [], "53.0478483718,8.55061696842": [], "53.0477072205,8.55155314319": [], "53.0477187876,8.55119791813": [], "53.0478576757,8.54991758242": []}, "538343": {"53.2391488831,10.4117942601": [], "53.2392227277,10.4118834436": [], "53.2392108254,10.411968017": [], "53.239192972,10.4119755607": [], "53.2392240688,10.4120985232": [], "53.2392108254,10.4117583856": [["51693925", 53.2391699, 10.41169], ["51693926", 53.2391699, 10.41169], ["51693930", 53.2391699, 10.41169]], "53.2395389769,10.4116208386": [], "53.2392622903,10.4118617345": [], "53.2392103225,10.4120123573": [], "53.2393135875,10.4117141291": [], "53.238827521,10.4121851921": [], "53.239138741,10.4122036323": [], "53.2389129326,10.4122839309": [], "53.2394211274,10.4118190706": [], "53.2391551696,10.4120321386": [], "53.2391637191,10.4118021391": [], "53.239186937,10.4119602218": [], "53.2390904613,10.4122126848": [], "53.2390088215,10.4122452904": [], "53.23919666,10.4117969424": [], "53.2390340511,10.4121879581": [], "53.2393289264,10.4117143806": [], "53.2391959894,10.412013866": [], "53.2392034493,10.411737347": [["51693925", 53.2391699, 10.41169], ["51693926", 53.2391699, 10.41169], ["51693930", 53.2391699, 10.41169]], "53.2392132562,10.4117988702": [], "53.2387721166,10.411804989": [], "53.2393898629,10.4119632393": [], "53.2389628887,10.4121259321": [], "53.239192972,10.4118436296": []}, "538344": {"53.2457408309,10.4094244447": [], "53.2450271957,10.4095481616": [], "53.2466475852,10.4098068271": [], "53.2444331702,10.4095297214": [], "53.2460734248,10.4096062481": [], "53.2390662376,10.4117787536": [], "53.2388537563,10.4117884766": [["51693973", 53.2389399, 10.4117499], ["51693930", 53.2389399, 10.4117499], ["51693936", 53.2389399, 10.4117499]], "53.245951049,10.4094086867": [], "53.2466612477,10.4098075815": [], "53.2388507389,10.4118442163": [["51693973", 53.2389399, 10.4117499], ["51693930", 53.2389399, 10.4117499], ["51693936", 53.2389399, 10.4117499]], "53.2401159871,10.4100922309": [], "53.239090126,10.4117742274": [["51693930", 53.2391699, 10.41169], ["51693925", 53.2391699, 10.41169]], "53.2389535848,10.4117409512": [["51693973", 53.2389399, 10.4117499], ["51693930", 53.2389399, 10.4117499], ["51693936", 53.2389399, 10.4117499]], "53.2438798808,10.4095598962": [], "53.2454132661,10.4095449764": [["51693671", 53.24538, 10.40949]], "53.2389108371,10.4118103534": [["51693973", 53.2389399, 10.4117499], ["51693930", 53.2389399, 10.4117499], ["51693936", 53.2389399, 10.4117499]], "53.2388970908,10.4118144605": [["51693973", 53.2389399, 10.4117499], ["51693930", 53.2389399, 10.4117499], ["51693936", 53.2389399, 10.4117499]], "53.2433117554,10.4097154643": [], "53.2409641519,10.4098482337": [], "53.2388412673,10.4119216651": [], "53.2389577758,10.4117747303": [["51693936", 53.2389399, 10.4117499], ["51693930", 53.2389399, 10.4117499], ["51693973", 53.2389399, 10.4117499]], "53.2429683488,10.4095433839": [], "53.2466957811,10.4113880731": [], "53.2441461738,10.4095906578": [], "53.2462248858,10.4097991996": [], "53.2466129679,10.4097920749": [], "53.2446859684,10.4095380194": [], "53.2462314237,10.4100912251": [], "53.2464905921,10.4108034354": [], "53.2466009818,10.411449261": [], "53.244760232,10.4095114488": [], "53.2466348447,10.4099187255": [], "53.2460259832,10.4093860555": [], "53.2397485245,10.4101339728": [], "53.2388301194,10.4118318949": [], "53.2466571406,10.4103141837": [["51693610", 53.24663, 10.4103299]], "53.2389369886,10.4117884766": [["51693936", 53.2389399, 10.4117499], ["51693930", 53.2389399, 10.4117499], ["51693973", 53.2389399, 10.4117499]], "53.2408381719,10.4099353217": [], "53.2448149659,10.4095321521": [], "53.2415740192,10.4097167216": [], "53.2389572728,10.4117732216": [["51693936", 53.2389399, 10.4117499], ["51693930", 53.2389399, 10.4117499], ["51693973", 53.2389399, 10.4117499]], "53.2466598228,10.4108769447": [], "53.2462982275,10.4105311912": [], "53.2423914224,10.4096788354": [], "53.2387157902,10.4117624927": [], "53.2466108724,10.4097875487": [], "53.2394264918,10.4105055425": [], "53.2420634385,10.4096141271": [], "53.238815451,10.4119947553": [], "53.2388235815,10.4117792565": [], "53.2462371234,10.4103334621": [], "53.2404084317,10.4100540932": [], "53.2389038801,10.4117495846": [["51693930", 53.2389399, 10.4117499], ["51693973", 53.2389399, 10.4117499], ["51693936", 53.2389399, 10.4117499]], "53.2388674188,10.4117827769": [["51693973", 53.2389399, 10.4117499], ["51693930", 53.2389399, 10.4117499], ["51693936", 53.2389399, 10.4117499]], "53.2464946993,10.4114049207": [], "53.2386969309,10.4115235247": [], "53.2411689218,10.4098190647": [], "53.2388200611,10.411848994": []}, "513900": {"52.0114448201,8.5940534994": [["51576061", 52.0115099, 8.59415], ["51576061", 52.01146, 8.59401], ["587007168", 52.01146, 8.59401], ["51576054", 52.0115099, 8.59415]], "52.0116762444,8.59550792724": [], "52.011718154,8.59654208645": [], "52.0117401984,8.59660134651": [], "52.0116894878,8.59575494193": [], "52.0117281284,8.59627772123": [], "52.011581948,8.59472002834": [], "52.0118683577,8.59812257811": [], "52.0117532741,8.59653982334": [], "52.0118773263,8.59876312315": [["51576011", 52.01195, 8.5987599], ["51576040", 52.01195, 8.5987599]], "52.0116540324,8.59536426142": [["51576040", 52.01166, 8.59537], ["51576054", 52.01166, 8.59537]], "52.0117555372,8.59653647058": [], "52.0117241889,8.59655323438": [], "52.0116114523,8.59517365694": [], "52.0116056688,8.59499352984": [["51576054", 52.01163, 8.595]], "52.0118931681,8.59925363213": [], "52.0117164776,8.59593498521": [], "52.0117738936,8.59693905339": [], "52.011748245,8.59651434235": [], "52.0115294773,8.5944071319": [["51576054", 52.01157, 8.59447], ["51576054", 52.01157, 8.59447]], "52.0117296372,8.59656765126": [], "52.0118391886,8.59753073193": [], "52.0118736383,8.59920292161": [], "52.0118940901,8.59925312921": [], "52.0116197504,8.59525345266": [], "52.0114859752,8.59418526292": [["51576055", 52.0115099, 8.59415], ["51576054", 52.0115099, 8.59415], ["51576061", 52.0115099, 8.59415]]}}