{"511698": {"52.0554304495,8.56127589941": [], "52.0565384533,8.55491076596": [], "52.0567118749,8.55415589176": [], "52.0568654314,8.55358332396": [["51571260", 52.05689, 8.55362], ["51571258", 52.05689, 8.55362], ["51571187", 52.05689, 8.55362]], "52.0568680298,8.55358692817": [["51571260", 52.05689, 8.55362], ["51571258", 52.05689, 8.55362], ["51571187", 52.05689, 8.55362]], "52.0568699576,8.55358022265": [["51571260", 52.05689, 8.55362], ["51571258", 52.05689, 8.55362], ["51571187", 52.05689, 8.55362]], "52.0570034813,8.55344594456": [], "52.0568749867,8.55358508416": [["51571260", 52.05689, 8.55362], ["51571258", 52.05689, 8.55362], ["51571187", 52.05689, 8.55362]], "52.05689569,8.55360042304": [["51571187", 52.05689, 8.55362], ["51571258", 52.05689, 8.55362], ["51571260", 52.05689, 8.55362]], "52.0559605211,8.55745526031": [["51571299", 52.05594, 8.55755]], "52.0568675268,8.55357971974": [["51571260", 52.05689, 8.55362], ["51571258", 52.05689, 8.55362], ["51571187", 52.05689, 8.55362]], "52.0568696223,8.55358877219": [["51571260", 52.05689, 8.55362], ["51571258", 52.05689, 8.55362], ["51571187", 52.05689, 8.55362]], "52.0568711311,8.55358114466": [["51571260", 52.05689, 8.55362], ["51571258", 52.05689, 8.55362], ["51571187", 52.05689, 8.55362]], "52.0563478488,8.55570922606": [], "52.0553699322,8.56228365563": [], "52.0557872672,8.55837626383": [], "52.056869287,8.55357988738": [["51571260", 52.05689, 8.55362], ["51571258", 52.05689, 8.55362], ["51571187", 52.05689, 8.55362]], "52.0568727236,8.55358215049": [["51571260", 52.05689, 8.55362], ["51571258", 52.05689, 8.55362], ["51571187", 52.05689, 8.55362]], "52.0571361668,8.55295342393": [["51571250", 52.0570799, 8.5529399], ["51571187", 52.0570799, 8.5529399]], "52.0561470184,8.55657046661": [["51571299", 52.0561599, 8.5565499], ["51583551", 52.0561599, 8.5565499]], "52.0555022825,8.56028356589": [["51571340", 52.05549, 8.5601899]], "52.055611331,8.5593032185": [], "52.0568613242,8.55365599506": [["51571258", 52.05689, 8.55362], ["51571260", 52.05689, 8.55362]]}, "803310": {"53.1342292484,9.21832499094": [], "53.1168445945,9.2077816464": [], "53.1335987616,9.2179689277": [], "53.1279630214,9.21474088915": [], "53.1312277727,9.21661902219": [], "53.110133959,9.20090169646": [], "53.1213382166,9.21093793586": [], "53.1235461775,9.212215757": [], "53.1128199399,9.20380325988": [], "53.1202218309,9.2102951277": [["554712180", 53.12025, 9.21024]], "53.1112373527,9.20211128891": [], "53.1360056251,9.21933132224": [], "53.1366162468,9.21967623755": [["732998996", 53.1366, 9.21959]], "53.1105130725,9.20131333172": [], "53.1232123263,9.21202599071": [], "53.1272600312,9.2143310979": [], "53.1303925999,9.21613697894": [], "53.1162594538,9.20724445023": [], "53.1208258308,9.21064716764": [["554712180", 53.1208999, 9.2106199]], "53.1348497607,9.21867719851": [], "53.1117373332,9.20265879482": [], "53.1287630741,9.21519585885": [], "53.1354422774,9.21901063062": [], "53.1320514623,9.21708472073": [], "53.1133308169,9.20435973443": [], "53.1190106459,9.20948593877": [], "53.118255185,9.2089395225": [], "53.1223773211,9.2115507368": [], "53.1149947923,9.20611373149": [], "53.1244356651,9.21273023821": [], "53.1265261956,9.21392482705": [], "53.1109039206,9.20172463171": [], "53.1196443178,9.20991777442": [], "53.1122800615,9.2032373976": [], "53.1228466239,9.21181879006": [], "53.1175295636,9.20836309902": [], "53.121848423,9.21123834327": [], "53.1257531326,9.21347899362": [], "53.1156635843,9.20667892322": [], "53.1295726821,9.2156607192": [], "53.1143981684,9.20551115647": [], "53.1250274274,9.21305989847": [["554712181", 53.12501, 9.21296]], "53.1238710601,9.21240543947": [], "53.1328411214,9.21753684059": [], "53.113829121,9.20491042547": []}, "507723": {"53.3471775334,8.59980457462": [], "53.3401703462,8.60811062157": [], "53.3387122303,8.60973268747": [], "53.3430272341,8.60474679619": [], "53.3458217606,8.60141381621": [], "53.3372545335,8.6112870276": [], "53.3294294402,8.61731487326": [], "53.3416011371,8.60643113963": [], "53.3310886379,8.61638087779": [], "53.3357595373,8.61272418872": [], "53.3342405688,8.61405012198": [], "53.3326924313,8.61528611742": [], "53.3444347233,8.60306597315": []}, "507724": {"53.368369583,8.5777254682": [], "53.3636657428,8.58104738407": [], "53.3621903602,8.58241631649": [], "53.3933498338,8.57733168639": [], "53.4294735733,8.58080011792": [], "53.4225032665,8.58055528253": [["732222615", 53.4225199, 8.58065]], "53.4242471214,8.58057774603": [], "53.4152891301,8.58057648875": [], "53.3699293714,8.57682072558": [], "53.37491652,8.57504988089": [], "53.3732348587,8.57549998909": [], "53.3766185492,8.57473882847": [], "53.3667801227,8.57870941982": [], "53.3868032321,8.57543435879": [], "53.4277338255,8.58071386814": [], "53.3652022295,8.57981583104": [], "53.3817230444,8.57452852651": [], "53.431284735,8.58090137132": [], "53.3966863342,8.57820918784": [], "53.3983666543,8.57859391719": [], "53.4050893597,8.57978062704": [], "53.4187271353,8.58057397418": [], "53.4170069173,8.58058336191": [], "53.4204378817,8.58056383207": [], "53.4017167334,8.57925072312": [], "53.3851151168,8.57504753396": [], "53.3900896925,8.57637086883": [], "53.3950060979,8.57778992504": [], "53.406784432,8.57999646105": [], "53.3834182844,8.57472483069": [], "53.4331027698,8.58098141849": [["792734362", 53.43307, 8.58098]], "53.4101883229,8.58031438664": [], "53.3715718891,8.57610859908": [], "53.3884631842,8.57588605955": [], "53.3917052206,8.57685416937": [], "53.400042532,8.57893975452": [], "53.4362959396,8.58153294772": [["792734362", 53.43627, 8.58152]], "53.4084862936,8.58017281629": [], "53.3800276369,8.57446817681": [], "53.4033976402,8.57953922823": [], "53.4259886295,8.58061906882": [], "53.4135884419,8.58051027171": [], "53.3783228416,8.5745297838": [], "53.4118924476,8.58042175882": []}, "803309": {"53.0770365894,9.14655729197": [], "53.0939277168,9.18314882554": [], "53.083924083,9.16652449407": [], "53.0901841912,9.17877816595": [], "53.0918890703,9.18091462925": [], "53.1005249452,9.19036128558": [], "53.1011677533,9.19109973125": [], "53.0829773471,9.16378838941": [], "53.0886766221,9.17658319697": [], "53.0906583555,9.17941049673": [], "53.0765942764,9.14527913556": [], "53.079072386,9.15244692005": [], "53.0782811344,9.15013032965": [], "53.0876556225,9.1748943273": [], "53.093272252,9.18244482949": [], "53.0912164226,9.18011273257": [], "53.0981061794,9.1876884643": [], "53.082326157,9.16186532937": [], "53.0951975752,9.18453854509": [], "53.0778870173,9.14895082824": [], "53.0853146408,9.17010717094": [], "53.0842476245,9.16742244735": [], "53.0892491899,9.17745692655": [], "53.0832911655,9.1646933835": [], "53.0798570998,9.15479309857": [], "53.0761712417,9.14403283037": [], "53.0819605384,9.160851622": [], "53.0826599244,9.16283469647": [], "53.0746851303,9.13962822407": [], "53.0753143597,9.14141097106": [], "53.0873273872,9.17433592491": [], "53.0856481567,9.17086472735": [], "53.0926257558,9.18174049817": [], "53.077464737,9.14777543396": [], "53.1018169317,9.19181345031": [], "53.0862300284,9.172139531": [], "53.0869635288,9.17365992442": [], "53.086571591,9.17285693809": [], "53.0995025206,9.18923987076": [], "53.0897597317,9.17818816379": [], "53.0985811818,9.1882253252": [], "53.0786748324,9.15127135813": [], "53.0845891871,9.16833154857": [], "53.0945550185,9.18384335004": [], "53.0815701932,9.15972886607": [], "53.0757468659,9.14284578525": [], "53.0999797862,9.18976575136": [], "53.0859413557,9.17151348665": [], "53.0958666187,9.18526181951": [], "53.1031715311,9.19330165721": [], "53.079469353,9.15360772982": [], "53.0807034206,9.15720976889": [], "53.0880814232,9.17561315931": [], "53.0836016312,9.16560541838": [], "53.0969855189,9.18650753796": [], "53.0811944325,9.15864399634": [], "53.096414879,9.18588316999": [], "53.0990504846,9.1887498647": [], "53.0849675462,9.16928172112": [], "53.0975610204,9.18712302111": [], "53.1024858914,9.19253974222": [], "53.0802748539,9.15601291694": []}, "550460": {"51.3083619811,9.24730282277": [], "51.3001342211,9.23195245676": [], "51.320899548,9.18656067923": [], "51.319408156,9.18710567057": [], "51.3023540843,9.24344069324": [], "51.3180442527,9.1882583499": [], "51.3201712444,9.18682403862": [], "51.3186105341,9.18759802356": [], "51.3058953546,9.24498715438": [["67179569", 51.3058, 9.24493]], "51.2997238431,9.23916189931": [], "51.2997256871,9.23613594845": [], "51.2999607995,9.2347845342": [], "51.3075529598,9.21563481912": [["550096927", 51.30757, 9.21556]], "51.3000944909,9.23091921955": [], "51.3116348628,9.20185807161": [["762067803", 51.31158, 9.20194]], "51.2995240185,9.22568262555": [], "51.3075420633,9.24641274847": [], "51.2995830271,9.23777787946": [], "51.3107147813,9.20462267473": [], "51.3172889594,9.18946609832": [["550097244", 51.31722, 9.1894499]], "51.3151226565,9.19158303179": [], "51.3041915651,9.24407713115": [["67179569", 51.3042399, 9.24412]], "51.310110027,9.20776773244": [], "51.3046755362,9.21910677105": [], "51.3032015786,9.24375342205": [["67180297", 51.30313, 9.24376], ["67179566", 51.30313, 9.24376]], "51.3015006389,9.22119344585": [], "51.305452371,9.21856546775": [], "51.3097088691,9.2088069208": [["762067803", 51.30971, 9.2087499]], "51.3001515716,9.24076477066": [["67180297", 51.3001399, 9.24074]], "51.3015254494,9.24290743656": [["67180297", 51.30156, 9.2429499]], "51.312679667,9.19461677782": [], "51.3067444414,9.24566055648": [["67179569", 51.30684, 9.24575]], "51.2996688578,9.22434613109": [["550096925", 51.29965, 9.2243399]], "51.3133261632,9.193190597": [], "51.3028804678,9.22025718726": [["550096925", 51.3028687, 9.2202442]], "51.299983263,9.22982487828": [["550096924", 51.29999, 9.22986]], "51.3007823937,9.24207754433": [["67180297", 51.30077, 9.24201]], "51.2997219991,9.22834262252": [], "51.3068785518,9.21694113873": [["550096927", 51.30689, 9.21688]], "51.3104965165,9.20607442036": [["762067803", 51.3104799, 9.20603]], "51.3080079295,9.21436202712": [], "51.3050453458,9.24444945529": [], "51.3158895168,9.19098959304": [], "51.3166222628,9.19032398611": [], "51.3091223873,9.24818233587": [], "51.3001291919,9.23342557624": [], "51.3142862264,9.19219893403": [["61748767", 51.3143099, 9.19212]], "51.3086965866,9.21129249036": [["762067802", 51.30866, 9.21133]], "51.3124405313,9.1998087801": [["762067803", 51.31239, 9.1998899]], "51.3126066606,9.19814782217": [], "51.3083822653,9.21267265454": [], "51.3037955202,9.21971546486": [], "51.3217229862,9.18603287078": [], "51.3121223543,9.20076943003": [], "51.3110723533,9.2032453604": [], "51.3000462949,9.22317308374": [], "51.3090388197,9.21026771888": [], "51.2995410338,9.22704669647": [["550096925", 51.29953, 9.22708]], "51.3062078319,9.2178297881": [["550096927", 51.3062699, 9.2177399]], "51.3125158846,9.19636582956": [["762067803", 51.31255, 9.19638]], "51.3022959977,9.22063948587": [], "51.3007182721,9.22196977772": [["550096925", 51.3007, 9.22193]]}}