{"522982": {"50.7670952193,9.28986612707": [["576402485", 50.76708, 9.28977], ["576402485", 50.76708, 9.28977], ["576402485", 50.7670299, 9.2899499], ["576402484", 50.7670299, 9.2899499]], "50.7675019931,9.29094663821": [], "50.7671274897,9.28987258114": [["576402485", 50.7670299, 9.2899499], ["576402484", 50.7670299, 9.2899499], ["576402483", 50.7670299, 9.2899499]], "50.7671243884,9.28987434134": [["576402485", 50.7670299, 9.2899499], ["576402484", 50.7670299, 9.2899499], ["576402483", 50.7670299, 9.2899499]], "50.7720248681,9.290369628": [], "50.7670908608,9.28986688145": [["576402485", 50.76708, 9.28977], ["576402485", 50.76708, 9.28977], ["576402485", 50.7670299, 9.2899499], ["576402484", 50.7670299, 9.2899499]], "50.7662396785,9.28985456005": [["61889542", 50.7662099, 9.28985], ["61889542", 50.7663099, 9.2897899]], "50.7706759684,9.29233099334": [["550094003", 50.77066, 9.2923499]], "50.7568663638,9.28724627942": [], "50.767101422,9.28992337547": [["576402484", 50.7670299, 9.2899499], ["576402483", 50.7670299, 9.2899499], ["576402485", 50.7670299, 9.2899499]], "50.7671311777,9.28987442516": [], "50.76709304,9.28986696526": [["576402485", 50.76708, 9.28977], ["576402485", 50.76708, 9.28977], ["576402485", 50.7670299, 9.2899499], ["576402484", 50.7670299, 9.2899499]], "50.7671401463,9.2898825556": [], "50.7742622495,9.28731341846": [["550094004", 50.77417, 9.28737]], "50.7604145911,9.28813953884": [], "50.7671118993,9.28986587562": [["576402485", 50.76708, 9.28977], ["576402485", 50.76708, 9.28977], ["576402485", 50.7670299, 9.2899499], ["576402484", 50.7670299, 9.2899499]], "50.7670934591,9.28986646235": [["576402485", 50.76708, 9.28977], ["576402485", 50.76708, 9.28977], ["576402485", 50.7670299, 9.2899499], ["576402484", 50.7670299, 9.2899499]], "50.7666367292,9.28976747207": [["61884027", 50.7666946, 9.2897686]], "50.7698837947,9.29262167774": [], "50.7587008271,9.28770761937": [["761203200", 50.7587, 9.2876599]], "50.7669945527,9.2899089586": [["576402483", 50.76694, 9.28988], ["576402483", 50.7670299, 9.2899499], ["576402485", 50.7670299, 9.2899499]], "50.7676708885,9.29169296287": [["67189912", 50.76761, 9.29161]], "50.7655935176,9.28990392946": [["61889541", 50.76556, 9.2899]], "50.7638502494,9.28929666057": [["67189906", 50.76383, 9.28925]], "50.7670949679,9.28986612707": [["576402485", 50.76708, 9.28977], ["576402485", 50.76708, 9.28977], ["576402485", 50.7670299, 9.2899499], ["576402484", 50.7670299, 9.2899499]], "50.7670985721,9.28986369632": [["576402485", 50.76708, 9.28977], ["576402485", 50.76708, 9.28977], ["576402485", 50.7670299, 9.2899499], ["576402484", 50.7670299, 9.2899499]], "50.7670965604,9.28986461833": [["576402485", 50.76708, 9.28977], ["576402485", 50.76708, 9.28977], ["576402485", 50.7670299, 9.2899499], ["576402484", 50.7670299, 9.2899499]], "50.7670891844,9.28986738436": [["576402485", 50.76708, 9.28977], ["576402485", 50.76708, 9.28977], ["576402485", 50.7670299, 9.2899499], ["576402484", 50.7670299, 9.2899499]], "50.7670988236,9.28992639296": [["576402484", 50.7670299, 9.2899499], ["576402483", 50.7670299, 9.2899499], ["576402485", 50.7670299, 9.2899499]], "50.7670941297,9.2898657918": [["576402485", 50.76708, 9.28977], ["576402485", 50.76708, 9.28977], ["576402485", 50.7670299, 9.2899499], ["576402484", 50.7670299, 9.2899499]], "50.7670938782,9.28986595944": [["576402485", 50.76708, 9.28977], ["576402485", 50.76708, 9.28977], ["576402485", 50.7670299, 9.2899499], ["576402484", 50.7670299, 9.2899499]], "50.7733641285,9.28802127019": [], "50.7670915313,9.289867552": [["576402485", 50.76708, 9.28977], ["576402485", 50.76708, 9.28977], ["576402485", 50.7670299, 9.2899499], ["576402484", 50.7670299, 9.2899499]], "50.767174596,9.28990703076": [], "50.7671263162,9.28987333551": [["576402485", 50.7670299, 9.2899499], ["576402484", 50.7670299, 9.2899499], ["576402483", 50.7670299, 9.2899499]], "50.7595791668,9.28791834041": [["761203200", 50.75965, 9.2879]], "50.7670947164,9.28992236964": [["576402484", 50.7670299, 9.2899499], ["576402483", 50.7670299, 9.2899499], ["576402485", 50.7670299, 9.2899499]], "50.767094465,9.28986587562": [["576402485", 50.76708, 9.28977], ["576402485", 50.76708, 9.28977], ["576402485", 50.7670299, 9.2899499], ["576402484", 50.7670299, 9.2899499]], "50.771407038,9.29153027013": [], "50.769172674,9.29256082512": [], "50.7577896304,9.28747485392": [["761203198", 50.7578399, 9.28744]], "50.7670957223,9.28986562416": [["576402485", 50.76708, 9.28977], ["576402485", 50.76708, 9.28977], ["576402485", 50.7670299, 9.2899499], ["576402484", 50.7670299, 9.2899499]], "50.7671283279,9.28987174295": [["576402485", 50.7670299, 9.2899499], ["576402484", 50.7670299, 9.2899499], ["576402483", 50.7670299, 9.2899499]], "50.7670976501,9.28986378014": [["576402485", 50.76708, 9.28977], ["576402485", 50.76708, 9.28977], ["576402485", 50.7670299, 9.2899499], ["576402484", 50.7670299, 9.2899499]], "50.7671269868,9.2898728326": [["576402485", 50.7670299, 9.2899499], ["576402484", 50.7670299, 9.2899499], ["576402483", 50.7670299, 9.2899499]], "50.767125478,9.28987408988": [["576402485", 50.7670299, 9.2899499], ["576402484", 50.7670299, 9.2899499], ["576402483", 50.7670299, 9.2899499]], "50.7611794397,9.28832067177": [], "50.7680178992,9.29229914211": [["67189912", 50.7680099, 9.2922799]], "50.7670997456,9.28986344486": [["576402485", 50.76708, 9.28977], ["576402485", 50.76708, 9.28977], ["576402485", 50.7670299, 9.2899499], ["576402484", 50.7670299, 9.2899499]], "50.7674053498,9.29017567076": [["576402484", 50.76731, 9.2902]], "50.7632456627,9.28907462396": [], "50.7671033498,9.28986369632": [["576402485", 50.76708, 9.28977], ["576402485", 50.76708, 9.28977], ["576402485", 50.7670299, 9.2899499], ["576402484", 50.7670299, 9.2899499]], "50.768551575,9.29245429114": [["67189912", 50.7684999, 9.2924499]], "50.7644228172,9.28947662003": [], "50.7626080513,9.28885057569": [["61889570", 50.7625999, 9.2887699]], "50.755212279,9.28684713319": [], "50.7726851944,9.28915467113": [], "50.7559888624,9.28704117425": [], "50.7650132384,9.28967309184": [], "50.7619095873,9.28857564926": [["761203201", 50.76188, 9.2885099]], "50.7670922857,9.28986746818": [["576402485", 50.76708, 9.28977], ["576402485", 50.76708, 9.28977], ["576402485", 50.7670299, 9.2899499], ["576402484", 50.7670299, 9.2899499]], "50.7670908608,9.28988724947": [["576402485", 50.7670299, 9.2899499], ["576402484", 50.7670299, 9.2899499], ["576402483", 50.7670299, 9.2899499]]}, "522981": {"50.7521839812,9.28565095179": [], "50.7518018503,9.28603534587": [], "50.7520109788,9.28586502559": [], "50.751981223,9.28618395701": [["761202573", 50.7520701, 9.2861659], ["761202573", 50.7520701, 9.2861659]], "50.7519528922,9.28617842495": [["761202573", 50.7518599, 9.2862099], ["761202573", 50.7518599, 9.2862099]], "50.7524260506,9.28886105306": [], "50.7519614417,9.29166002199": [], "50.7519336976,9.28624078631": [["761202573", 50.7518599, 9.2862099], ["761202573", 50.7518599, 9.2862099]], "50.7517991681,9.28606937639": [], "50.7519123238,9.28609753959": [], "50.7519066241,9.28615244105": [["761202573", 50.7518599, 9.2862099], ["761202573", 50.7518599, 9.2862099]], "50.7522742543,9.29024012759": [["576449596", 50.75228, 9.29016]], "50.7522707339,9.28577005863": [["67189905", 50.75223, 9.2857599]], "50.751915928,9.28619292565": [["761202573", 50.7518599, 9.2862099], ["761202573", 50.7518599, 9.2862099]], "50.7519710809,9.28613198921": [["761202573", 50.7520701, 9.2861659], ["761202573", 50.7520701, 9.2861659]], "50.7517880201,9.28604054265": [], "50.751985833,9.28621287458": [["761202573", 50.7520701, 9.2861659], ["761202573", 50.7520701, 9.2861659]], "50.7508762367,9.29592481814": [], "50.751232719,9.29452009499": [], "50.7518315222,9.28598052822": [], "50.7519932929,9.28627364337": [], "50.7518724259,9.28593233228": [], "50.7519416604,9.28622217849": [["761202573", 50.7518599, 9.2862099], ["761202573", 50.7518599, 9.2862099]], "50.7497898582,9.29762148298": [["67189904", 50.7496999, 9.2976299]], "50.7518045325,9.28601514548": [], "50.7502741646,9.29771988653": [], "50.751914084,9.28605973721": [], "50.7519165985,9.28619309328": [["761202573", 50.7518599, 9.2862099], ["761202573", 50.7518599, 9.2862099]], "50.7517985813,9.28605973721": [], "50.7523683831,9.28634472191": [], "50.7519681472,9.2862072587": [], "50.7517838292,9.28608932532": [], "50.7505795173,9.2970811855": [], "50.751957586,9.28622611798": [["761202573", 50.7518599, 9.2862099], ["761202573", 50.7518599, 9.2862099]], "50.7519347873,9.28623751737": [["761202573", 50.7518599, 9.2862099], ["761202573", 50.7518599, 9.2862099]], "50.7524319179,9.28762681782": [["61893985", 50.7524, 9.28754]], "50.75193353,9.28614657372": [["761202573", 50.7518599, 9.2862099], ["761202573", 50.7518599, 9.2862099]], "50.7519764453,9.28613224067": [["761202573", 50.7520701, 9.2861659], ["761202573", 50.7520701, 9.2861659]], "50.7519394811,9.28628604859": [["761202573", 50.7518599, 9.2862099], ["761202573", 50.7518599, 9.2862099]], "50.7519461866,9.28631555289": [], "50.7519040257,9.28590802476": [], "50.7519195322,9.28612134419": [["761202573", 50.7518599, 9.2862099], ["761202573", 50.7518599, 9.2862099]], "50.7515979186,9.2930821795": [], "50.7518750243,9.28592587821": [], "50.7520072907,9.28629904054": []}}