{"514440": {"51.7183550633,8.75567385927": [["51549064", 51.71828, 8.75559]], "51.7187409662,8.75688797794": [], "51.7182390578,8.75506927259": [["51549062", 51.7182599, 8.75499], ["51549041", 51.7182599, 8.75499]], "51.7186693847,8.75697246753": [], "51.7187132221,8.7568635866": [], "51.7182704899,8.7553419359": [], "51.7187091988,8.75683617778": [], "51.7187232804,8.75687724911": [], "51.718811458,8.75679401681": [], "51.7187407985,8.75433619134": [], "51.7186865676,8.7568503432": [], "51.7187951971,8.75681706704": [], "51.7187158205,8.75689443201": [], "51.7187637649,8.75684305094": [], "51.718582632,8.75702711754": [], "51.718449695,8.7561434973": [], "51.7175235786,8.74822016805": [], "51.7188030761,8.75683852471": [], "51.7185209412,8.75638975762": [["51549073", 51.7184899, 8.75631], ["51549064", 51.7184899, 8.75631], ["51549074", 51.7184899, 8.75631]], "51.7187737394,8.75392648391": [], "51.7184472643,8.75604853034": [], "51.7186344322,8.7568208389": [], "51.718587745,8.7569001317": [], "51.7187587358,8.75680072233": [], "51.7187123839,8.75689392909": [], "51.7186527885,8.75680617057": [], "51.7187184189,8.75459368341": [], "51.7186723184,8.75679192133": [], "51.7185376212,8.75634323806": [["51549073", 51.7184899, 8.75631], ["51549064", 51.7184899, 8.75631], ["51549074", 51.7184899, 8.75631]], "51.7186216917,8.7568380218": [], "51.7186034191,8.75665286556": [], "51.7186931893,8.756786054": [], "51.7185030878,8.75647064298": [], "51.7187311593,8.75677306205": [], "51.7185836378,8.75662327744": [], "51.7186344322,8.75678102486": [], "51.7184081208,8.75490993261": [], "51.7175067309,8.74832603149": [], "51.7177564278,8.74813752249": [], "51.7185602523,8.75478956848": [], "51.7187071871,8.75697095878": [], "51.7185787763,8.75686777756": [], "51.7187800258,8.7567926757": [], "51.718782289,8.75684321858": [], "51.7187338416,8.75672872178": [], "51.7182738427,8.75500548631": [["51549062", 51.7182599, 8.75499], ["51549041", 51.7182599, 8.75499]], "51.7179280892,8.74808387831": [], "51.7185889184,8.75698428601": [], "51.7188136373,8.75685151666": [], "51.7184157483,8.75589514151": [], "51.7186744977,8.75469761901": [], "51.718578022,8.75701907091": [], "51.7186435685,8.75682687387": [], "51.7185749207,8.75691396184": []}, "508589": {"51.4619029406,8.85242599994": [["74638447", 51.46182, 8.85251], ["75375904", 51.46182, 8.85251]], "51.4644097164,8.85451778769": [], "51.4634853601,8.85340391658": [], "51.4641272463,8.85417538695": [["74638435", 51.46417, 8.85422]], "51.4628861379,8.85287887417": [], "51.4631793369,8.85305774398": [["74638435", 51.46322, 8.8530499]], "51.4627363533,8.85248785838": [["74638440", 51.4628099, 8.85249], ["74638440", 51.46273, 8.8524699]], "51.4638165291,8.85378772393": [], "51.4620114863,8.85253571905": [["74638440", 51.46195, 8.85255]], "51.462379368,8.8525491301": []}, "539452": {"53.2501781266,10.3976688255": [], "53.2500810642,10.39398917": [["51693393", 53.2501599, 10.39407], ["51693338", 53.2501599, 10.39407]], "53.2467278838,10.3915745951": [["51703480", 53.2467099, 10.39158]], "53.2476688363,10.3925064951": [["51714722", 53.24761, 10.39243]], "53.2501873467,10.3943121247": [], "53.2488493435,10.3936045244": [], "53.2472443767,10.3920291457": [["51703480", 53.2472999, 10.3921099]], "53.2452063169,10.3911959846": [], "53.2449007966,10.3911362216": [["83733210", 53.2448499, 10.3912299], ["51693724", 53.2448499, 10.3912299], ["51703480", 53.2448499, 10.3912299]], "53.2407457195,10.3987830319": [], "53.2441037614,10.395347625": [], "53.2441453356,10.3934465256": [], "53.2493183948,10.3939747531": [["51714725", 53.2492399, 10.3939899]], "53.2505502831,10.3953666519": [["554753608", 53.25053, 10.39532], ["554753608", 53.25053, 10.39532]], "53.2485237904,10.3933318611": [], "53.2433769666,10.3968960978": [], "53.2491575461,10.3938193526": [["51714725", 53.2491099, 10.3939]], "53.2456212211,10.3912536521": [["51703480", 53.24565, 10.39131]], "53.244023798,10.3950228263": [], "53.2407015469,10.3987873904": [], "53.2440702338,10.39435043": [], "53.2442707289,10.3916865773": [["51693733", 53.24436, 10.39164]], "53.2407795824,10.3986731451": [], "53.2442052662,10.3920116276": [], "53.2427096833,10.3976233955": [], "53.2504309248,10.394844627": [], "53.2499009371,10.394028062": [], "53.2415559981,10.3986351751": [], "53.2411743701,10.3987650946": [], "53.2449193206,10.391134629": [["51693724", 53.2448499, 10.3912299], ["51703480", 53.2448499, 10.3912299], ["83733210", 53.2448499, 10.3912299]], "53.2421036717,10.3982116375": [], "53.2480883505,10.3929735348": [], "53.2409137767,10.3986609913": [], "53.2449125312,10.391132785": [["83733210", 53.2448499, 10.3912299], ["51693724", 53.2448499, 10.3912299], ["51703480", 53.2448499, 10.3912299]], "53.2495969255,10.3941013198": [], "53.2503898535,10.3964517731": [], "53.2448372617,10.3911942244": [["83733210", 53.2448499, 10.3912299], ["51703480", 53.2448499, 10.3912299], ["51693724", 53.2448499, 10.3912299]], "53.2449373417,10.3911769576": [["51693724", 53.2448499, 10.3912299], ["51703480", 53.2448499, 10.3912299], ["83733210", 53.2448499, 10.3912299]], "53.2407729607,10.398788983": [], "53.2407646626,10.3988146316": [], "53.2444303203,10.391331017": [["51693724", 53.2444499, 10.3913299], ["51693724", 53.2445099, 10.39128], ["51693725", 53.2444499, 10.3913299]], "53.2441986445,10.3923935909": [], "53.2446631696,10.3912307695": [["51693724", 53.2447, 10.39124], ["51693724", 53.2446, 10.39125]], "53.2440050226,10.395691786": [], "53.2461457606,10.3913258202": [["51703480", 53.2460899, 10.39137]]}}