{"765566": {"53.352908995,9.99139839783": [], "53.3735862281,9.98416112736": [["765962926", 53.37359, 9.98415]], "53.3506574482,9.99080068432": [], "53.351392122,9.99117476866": [], "53.3456262946,9.98662683181": [["765949401", 53.3456799, 9.98658]], "53.3447176963,9.98653672636": [], "53.359796321,9.98758781701": [], "53.3471012581,9.98662305996": [["765955100", 53.34707, 9.98655], ["765955101", 53.34718, 9.9865699]], "53.3761152998,9.98214888386": [["51687121", 53.37619, 9.9820999]], "53.3794928715,9.98151864856": [["51686870", 53.3794, 9.9815399], ["51686870", 53.37957, 9.9814699]], "53.3489219751,9.98844771646": [], "53.3742496558,9.98382962309": [["554742634", 53.37423, 9.98383]], "53.3631376829,9.98514088802": [], "53.3705777954,9.98351538554": [["51687490", 53.3705899, 9.98352]], "53.3543996327,9.99119723216": [], "53.3521271311,9.99146243557": [["765955107", 53.35217, 9.99147]], "53.3781927545,9.98179692775": [], "53.355129445,9.99095834792": [], "53.3641621191,9.98379467055": [["51688063", 53.36417, 9.98376]], "53.381166989,9.98047267087": [["766060177", 53.3812489, 9.9804423]], "53.3791079745,9.98167103156": [["765962922", 53.3790699, 9.98166], ["51686870", 53.3790699, 9.98166], ["51687250", 53.3790699, 9.98166]], "53.372762287,9.98420286924": [], "53.3499375265,9.99029005878": [["51688882", 53.3498499, 9.99029]], "53.3672026545,9.98266487382": [], "53.3662060462,9.98265146278": [["51687872", 53.36628, 9.98261], ["51687872", 53.36628, 9.98261]], "53.349381974,9.9894533772": [["51688882", 53.34931, 9.98941]], "53.3698745538,9.98280501924": [["765962929", 53.36983, 9.98275]], "53.3559548948,9.99043967575": [["765955110", 53.35597, 9.9904099]], "53.3754845615,9.98270426877": [], "53.3463760559,9.98660093173": [], "53.3790830802,9.98168092221": [["51687250", 53.3790699, 9.98166], ["765962922", 53.3790699, 9.98166], ["51686870", 53.3790699, 9.98166]], "53.3712482639,9.98392165639": [["572244862", 53.3711899, 9.9838999]], "53.3768170327,9.98186632991": [["51687121", 53.37678, 9.98188]], "53.3611675166,9.98659992591": [], "53.3656110987,9.98271935619": [], "53.3536725864,9.99130678363": [["765955109", 53.35377, 9.9912899], ["765955113", 53.35364, 9.9913]], "53.3679432794,9.98264903203": [["765962927", 53.3678999, 9.98261], ["765962928", 53.3678999, 9.98261]], "53.3650665265,9.98292362317": [], "53.3624987304,9.98560943641": [["765955106", 53.36251, 9.9856]], "53.3579587564,9.98891182244": [], "53.3719677664,9.98406532221": [], "53.3748680726,9.98328463174": [], "53.3798527904,9.98131848872": [["766060176", 53.37994, 9.98127]], "53.3807068225,9.98078439385": [], "53.3692180831,9.98262145557": [["765962929", 53.36929, 9.9826], ["765962929", 53.36929, 9.9826]], "53.3590788301,9.98809869401": [], "53.3667014167,9.98267057352": [], "53.3791063819,9.98167103156": [["765962922", 53.3790699, 9.98166], ["51686870", 53.3790699, 9.98166], ["51687250", 53.3790699, 9.98166]], "53.36371243,9.98464317061": [["765955097", 53.3637399, 9.98461]], "53.3802910801,9.98104037717": [["766060176", 53.38036, 9.9810199], ["766060176", 53.3802423, 9.98109], ["51686785", 53.38036, 9.9810199]], "53.360514231,9.98707652092": [["765955104", 53.3605799, 9.98701]], "53.3618300222,9.98610866256": [], "53.3478163183,9.98688658699": [["51688960", 53.3478, 9.9868299]], "53.3566555381,9.9899074249": [], "53.3484329749,9.98755462468": [["51688960", 53.34846, 9.9875799]], "53.3792068809,9.98164001852": [], "53.3790223952,9.98170279898": [["51686870", 53.3790699, 9.98166], ["765962922", 53.3790699, 9.98166], ["51687250", 53.3790699, 9.98166]], "53.3787750453,9.98175468296": [["51687121", 53.37881, 9.98173]], "53.357329024,9.98940736055": [["765955099", 53.35738, 9.98938]], "53.3685809746,9.98263863847": [], "53.3775138203,9.98182626441": [], "53.364520194,9.98321162537": [["765955114", 53.3645299, 9.9832]]}, "684898": {"52.3719832487,9.67736142688": [], "52.3718165327,9.67944156379": [], "52.3768532183,9.66737656854": [], "52.3753565457,9.66748989187": [], "52.3717482202,9.67843816616": [], "52.3740831669,9.66997152194": [["51916244", 52.37415, 9.6699299]], "52.3717048857,9.67764657922": [["807455629", 52.37178, 9.67756]], "52.3718865216,9.68055157922": [["766598333", 52.3719299, 9.6804999]], "52.374029858,9.68389486894": [["51916199", 52.3740699, 9.6839]], "52.3729315773,9.68292156234": [["554733531", 52.373, 9.6828699]], "52.374693118,9.69097657129": [["586531955", 52.37468, 9.6909399]], "52.3748681322,9.68925819732": [], "52.374403188,9.6847398486": [], "52.3749181721,9.67582141981": [], "52.3759681731,9.66742987745": [], "52.3764198739,9.67544985004": [["586502888", 52.37651, 9.67549]], "52.3735198192,9.67646489851": [], "52.3720465321,9.67731817625": [["807455630", 52.37214, 9.67734]], "52.3765132483,9.66741981916": [], "52.3734932486,9.6831015218": [["554733531", 52.37353, 9.68304]], "52.373233242,9.66754487716": [["51916308", 52.37317, 9.6674699], ["51916417", 52.37317, 9.6674699], ["51916309", 52.37317, 9.6674699], ["51916477", 52.37317, 9.6674699]], "52.3749132268,9.68855487183": [], "52.3736032192,9.66732317582": [["51916309", 52.3735699, 9.66733], ["51916309", 52.3735699, 9.66733]], "52.377188243,9.67226489447": [], "52.3756948393,9.67561153695": [["812392939", 52.3756799, 9.67563]], "52.3769781925,9.66736986302": [["51915799", 52.37706, 9.66732], ["51915644", 52.37706, 9.66732]], "52.3741698358,9.676118223": [["812392939", 52.3740999, 9.67616]], "52.3733398598,9.66786984354": [], "52.3772231955,9.67509311624": [], "52.3723982368,9.67710318044": [], "52.371941423,9.67739319429": [], "52.3750315793,9.68647154979": [["766598361", 52.3750199, 9.68646]], "52.3771965411,9.67528489418": [], "52.3772298172,9.67506151646": [], "52.37324154,9.66757153161": [], "52.374186432,9.66749324463": [["51916309", 52.37415, 9.6674799], ["51916309", 52.37428, 9.66752]], "52.3768298328,9.66738821939": [], "52.3749831319,9.6874264162": [["766598362", 52.3749499, 9.68751]], "52.3769865744,9.67536653392": [["586502888", 52.3770565, 9.6754203]], "52.3768515419,9.66737824492": [], "52.3739865236,9.66954655945": [], "52.3771531228,9.6700448636": [], "52.3768481892,9.66738143004": [], "52.3772365227,9.67429323122": [], "52.3737548478,9.66895488091": [], "52.3747464269,9.6675415244": [["51916309", 52.37473, 9.6675399]], "52.3747748416,9.6855898574": [["540670661", 52.37483, 9.68567]], "52.3735615611,9.66843319125": [], "52.3719782196,9.67736821622": [], "52.374834856,9.68962322921": [["51916037", 52.3748199, 9.68961]], "52.3770832177,9.66785157099": [], "52.3771381192,9.66891657561": [], "52.3735032231,9.67038324103": [], "52.3738848511,9.67012985609": [], "52.3772248719,9.67507987283": [], "52.3732498381,9.66744982637": [["51916309", 52.3732499, 9.66742], ["51916309", 52.3733399, 9.6673799], ["51916477", 52.37317, 9.6674699], ["51916308", 52.37317, 9.6674699]], "52.3729315773,9.67680654489": [], "52.3720082268,9.68160484917": [["766598334", 52.37205, 9.68158]], "52.3771631811,9.67118312605": [], "52.3723598476,9.6825148724": [["554733531", 52.37237, 9.68245]], "52.3747832235,9.69021985307": [["51916037", 52.37477, 9.6902599]], "52.3772282246,9.67329989187": []}}