{"457019": {"50.6843666732,9.03651706874": [["550087608", 50.68462, 9.03677], ["62022089", 50.68423, 9.0363499], ["550087608", 50.68501, 9.03715], ["63629937", 50.68535, 9.03683]], "50.6701626163,9.02397086844": [["67195343", 50.67011, 9.02389], ["67195343", 50.66919, 9.0233199], ["67195343", 50.6696497, 9.0236048]], "50.6396167818,8.95766356029": [["567336190", 50.63961, 8.95828], ["78689991", 50.6395449, 8.9571552], ["78689991", 50.6395278, 8.9568596], ["567308578", 50.63873, 8.95667]], "50.6469837204,8.99960962124": [["52521953", 50.64661, 8.99897]], "50.634315731,8.93028206192": [["771913610", 50.6340649, 8.929595], ["771913611", 50.6344099, 8.93068]], "50.6479525845,9.00121509098": [["811216799", 50.6476099, 9.00062], ["811216799", 50.6484644, 9.0020134]], "50.6436524168,8.99011652917": [["811216786", 50.64343, 8.98962], ["67179951", 50.6438699, 8.9896699], ["52521756", 50.6434537, 8.9893254], ["52521953", 50.64358, 8.9899699]], "50.6597130653,9.01809481904": [["576443081", 50.65954, 9.0179699], ["576443081", 50.65908, 9.01756], ["576443081", 50.66001, 9.0183599], ["576443081", 50.6605, 9.0187]], "50.6382381264,8.94302884117": [["771913611", 50.6384, 8.94394], ["771913611", 50.6382199, 8.9430999], ["771913611", 50.6380299, 8.9422699], ["62026243", 50.63738, 8.94253]], "50.6610255875,9.01902428828": [["576443081", 50.6605, 9.0187], ["576443081", 50.66148, 9.0193099]], "50.6728246249,9.02587037534": [["61967834", 50.6727375, 9.0257185], ["52522061", 50.6736999, 9.0264099]], "50.6741144322,9.02679573745": [["52522061", 50.6736999, 9.0264099], ["52522061", 50.6749823, 9.0273374], ["62022098", 50.67424, 9.0274], ["62022098", 50.67442, 9.02754]], "50.6350125186,8.93247267231": [["771913611", 50.63525, 8.9333], ["771913611", 50.6347335, 8.931689]], "50.6329031289,8.92596244812": [["576411085", 50.6327699, 8.9255399], ["771913610", 50.63319, 8.92687], ["771913609", 50.63308, 8.92653], ["576411088", 50.63227, 8.9261199]], "50.636538947,8.93733669072": [["771913611", 50.63624, 8.93639], ["771913611", 50.6366704, 8.9377306]], "50.6712411996,9.02473119088": [["61967834", 50.6712499, 9.02465], ["61967834", 50.6717812, 9.0250316]], "50.6859382801,9.03787032701": [["550087608", 50.68553, 9.0375699], ["550087608", 50.68587, 9.03781], ["550087608", 50.6853675, 9.0374387], ["550087608", 50.68501, 9.03715]], "50.6671474781,9.02224109508": [["576443081", 50.66726, 9.02225], ["67195342", 50.66765, 9.0224299]], "50.6779404357,9.02955112047": [["52522062", 50.67888, 9.0301399], ["52522062", 50.6777596, 9.029328]], "50.6514352653,9.00689953007": [["811216800", 50.6516006, 9.0071435]], "50.6753801834,9.02770802379": [["62022098", 50.67461, 9.02761], ["52522061", 50.6749823, 9.0273374], ["52522062", 50.67529, 9.02756], ["62022098", 50.67488, 9.02764]], "50.6570694968,9.01557672769": [["576443080", 50.6566099, 9.0149499], ["576443080", 50.65704, 9.0154999], ["576443080", 50.65748, 9.01598], ["576443081", 50.6577799, 9.01631]], "50.6651843525,9.02120676823": [["576443081", 50.66436, 9.02078], ["576443081", 50.6650394, 9.0211244]], "50.662390748,9.0198021289": [["576443081", 50.66303, 9.02011], ["576443081", 50.66148, 9.0193099], ["576443081", 50.6625591, 9.0198669]], "50.6501984317,9.00489382446": [["811216800", 50.6496509, 9.0039528], ["811216800", 50.6504357, 9.0052371]], "50.6638810504,9.02055457234": [["576443081", 50.6638676, 9.0205319], ["576443081", 50.663397, 9.0202948], ["576443081", 50.66303, 9.02011], ["576443081", 50.66436, 9.02078]], "50.6817635894,9.03298275545": [["62022089", 50.6814, 9.0324099], ["62022089", 50.68212, 9.0334299], ["62022089", 50.6810987, 9.0320627]], "50.6490259711,9.00298207998": [["811216800", 50.6496509, 9.0039528], ["811216800", 50.64891, 9.0027399], ["811216799", 50.6484644, 9.0020134], ["811216799", 50.6487387, 9.0024609]], "50.6557557173,9.01396262459": [["576443080", 50.6559499, 9.01415], ["576443080", 50.65534, 9.01326], ["576443080", 50.6566099, 9.0149499]], "50.6393175479,8.95237281919": [["550087498", 50.639279, 8.9528896], ["771913612", 50.6393099, 8.9533699]], "50.683174599,9.0349432826": [["62022089", 50.6830201, 9.0347062], ["62022089", 50.6835799, 9.0354999]], "50.6802795734,9.03131224215": [["52522062", 50.67996, 9.03095], ["62022089", 50.6805599, 9.03148], ["52522062", 50.6793199, 9.0304399], ["62022089", 50.6810987, 9.0320627]], "50.6453026459,8.99645978585": [["52521953", 50.64519, 8.99626], ["52521953", 50.64494, 8.99563], ["52521953", 50.64546, 8.99688]], "50.6460813247,8.99807623588": [["52521953", 50.64609, 8.99809], ["52521953", 50.64576, 8.9974899], ["52521953", 50.64661, 8.99897]], "50.6440963224,8.99239322171": [["52521953", 50.64422, 8.9931], ["765054940", 50.6447599, 8.9915], ["765054940", 50.64471, 8.99152], ["765054940", 50.6446499, 8.9915]], "50.6357491203,8.9348297473": [["771913611", 50.6359871, 8.9356145], ["771913611", 50.6357899, 8.93501]], "50.6792433187,9.03048939072": [["52522062", 50.67888, 9.0301399], ["52522062", 50.6793199, 9.0304399], ["52522062", 50.67996, 9.03095]], "50.6873439252,9.03852713294": [["550087608", 50.68653, 9.03818], ["550087608", 50.68721, 9.03847], ["550087608", 50.6877431, 9.0386674], ["63629937", 50.6865399, 9.03778]], "50.6387294736,8.94559605047": [["550087498", 50.6388, 8.94646], ["550087498", 50.6385799, 8.94488], ["550087498", 50.63869, 8.94558]], "50.6888560206,9.03909073211": [["550087608", 50.6890999, 9.0391699]], "50.6394933164,8.95548409782": [["567308580", 50.64043, 8.95647], ["567308580", 50.6403199, 8.9564599]], "50.63362238,8.92814735882": [["771913610", 50.6337199, 8.92851]], "50.6766553223,9.02862642892": [["52522062", 50.6767, 9.02856]], "50.6392052304,8.95040541887": [["550087498", 50.6391099, 8.9502], ["550087498", 50.6391699, 8.9511999]], "50.6321803574,8.92370821908": [["576411086", 50.63213, 8.9235699], ["576411085", 50.6324799, 8.9246499], ["576411209", 50.6322199, 8.9234299], ["52521794", 50.63213, 8.9235699]], "50.6445585843,8.99434503168": [["52521953", 50.6443599, 8.9937], ["52521953", 50.6446199, 8.99465]], "50.6314589269,8.92151249573": [["567338987", 50.63171, 8.9222799], ["576422472", 50.6312856, 8.9209496]], "50.6687242817,9.02308356017": [["67195342", 50.6685271, 9.022937], ["67195343", 50.6696497, 9.0236048], ["67195343", 50.66919, 9.0233199]], "50.639022924,8.94803727977": [["550087498", 50.6389799, 8.94817], ["550087498", 50.63889, 8.9472299]], "50.6584105175,9.0169693809": [["576443081", 50.65908, 9.01756], ["576443080", 50.65748, 9.01598], ["576443081", 50.65862, 9.01713], ["576443081", 50.65791, 9.0164599]]}, "459287": {"51.9587279297,8.84815977886": [["61015048", 51.95803, 8.84783], ["61015048", 51.9591899, 8.8486], ["61015048", 51.9589999, 8.84841], ["61015048", 51.95884, 8.8482999]], "51.9552081171,8.84863662533": [["61015162", 51.95531, 8.8484899], ["61015151", 51.95531, 8.8484899], ["61015150", 51.95531, 8.8484899]], "51.9563220721,8.84724732488": [["792789954", 51.9564699, 8.8473799], ["792789954", 51.95596, 8.84714], ["792789954", 51.9567599, 8.8474699], ["792789955", 51.95711, 8.84756]], "51.9569028541,8.84745293297": [["792789955", 51.95711, 8.84756], ["61015088", 51.95789, 8.84776], ["61015088", 51.9577, 8.84769], ["792789954", 51.9567599, 8.8474699]], "51.955254972,8.84849832393": [["61015150", 51.95531, 8.8484899], ["61015151", 51.95531, 8.8484899]], "51.9599668588,8.84677567519": [["763654153", 51.9603272, 8.8458753], ["763654153", 51.9603272, 8.8458753], ["763654153", 51.9598099, 8.8471199], ["763654153", 51.9598099, 8.8471199]], "51.957498556,8.84756089188": [["61015048", 51.95803, 8.84783], ["61015088", 51.95789, 8.84776], ["61015088", 51.9577, 8.84769], ["792789955", 51.95711, 8.84756]], "51.9553940278,8.84809842333": [["61015151", 51.95531, 8.8484899], ["61015151", 51.95557, 8.84749], ["61015150", 51.95531, 8.8484899], ["792789954", 51.95596, 8.84714]], "51.9581219181,8.84780086577": [["61015048", 51.9589999, 8.84841], ["61015088", 51.9577, 8.84769], ["61015088", 51.95789, 8.84776], ["61015048", 51.95803, 8.84783]], "51.9555947743,8.8468479272": [["61015145", 51.95567, 8.8468199], ["792789954", 51.95596, 8.84714], ["792789954", 51.9564699, 8.8473799], ["61015151", 51.95557, 8.84749]], "51.9558374304,8.84701254778": [["792789954", 51.95596, 8.84714], ["792789954", 51.9564699, 8.8473799], ["708875038", 51.95567, 8.8468199], ["792789954", 51.9567599, 8.8474699]], "51.9555367716,8.84752283804": [["61015151", 51.95531, 8.8484899], ["61015151", 51.95557, 8.84749], ["61015145", 51.95567, 8.8468199], ["792789954", 51.9564699, 8.8473799]], "51.9592615217,8.84829958901": [["763654152", 51.9591899, 8.8486], ["763654153", 51.9595249, 8.8478087], ["763654153", 51.9594499, 8.84799], ["61015048", 51.9589999, 8.84841]], "51.959968619,8.84677533992": [["763654153", 51.9603272, 8.8458753], ["763654153", 51.9603272, 8.8458753], ["763654153", 51.9598099, 8.8471199], ["763654153", 51.9598099, 8.8471199]], "51.9598378614,8.8470448181": [["763654153", 51.9594499, 8.84799], ["763654153", 51.9595249, 8.8478087], ["763654153", 51.9598099, 8.8471199]], "51.95957819,8.84766759351": [["763654153", 51.9598099, 8.8471199], ["763654153", 51.9594499, 8.84799], ["763654153", 51.9595249, 8.8478087], ["763654152", 51.9591899, 8.8486]]}, "459286": {"51.9549772795,8.84863888845": [["61015150", 51.95531, 8.8484899], ["61015162", 51.95531, 8.8484899], ["61015151", 51.95531, 8.8484899]], "51.9547911175,8.85163902305": [["61015174", 51.9556099, 8.8518], ["61015174", 51.95553, 8.8518], ["61015174", 51.95553, 8.8518], ["61015174", 51.95546, 8.85176]], "51.9550334383,8.84864609689": [["61015150", 51.95531, 8.8484899], ["61015162", 51.95531, 8.8484899], ["61015151", 51.95531, 8.8484899]], "51.9550041854,8.84862128645": [["61015150", 51.95531, 8.8484899], ["61015162", 51.95531, 8.8484899], ["61015151", 51.95531, 8.8484899]], "51.9550796226,8.84865665808": [["61015162", 51.95531, 8.8484899], ["61015151", 51.95531, 8.8484899], ["61015150", 51.95531, 8.8484899]], "51.955126645,8.84867032059": [["61015162", 51.95531, 8.8484899], ["61015151", 51.95531, 8.8484899], ["61015150", 51.95531, 8.8484899]], "51.9551153295,8.84866663255": [["61015162", 51.95531, 8.8484899], ["61015151", 51.95531, 8.8484899], ["61015150", 51.95531, 8.8484899]], "51.9549803808,8.84863687679": [["61015150", 51.95531, 8.8484899], ["61015162", 51.95531, 8.8484899], ["61015151", 51.95531, 8.8484899]], "51.9549701549,8.84863913991": [["61015150", 51.95531, 8.8484899], ["61015162", 51.95531, 8.8484899], ["61015151", 51.95531, 8.8484899]], "51.954890443,8.85159443133": [["61015174", 51.95553, 8.8518], ["61015174", 51.95546, 8.85176], ["61015174", 51.9556099, 8.8518], ["61015174", 51.95553, 8.8518]], "51.9550954644,8.84866151959": [["61015162", 51.95531, 8.8484899], ["61015151", 51.95531, 8.8484899], ["61015150", 51.95531, 8.8484899]], "51.9551032595,8.84862572886": [["61015162", 51.95531, 8.8484899], ["61015151", 51.95531, 8.8484899], ["61015150", 51.95531, 8.8484899]], "51.9552148227,8.84864333086": [["61015162", 51.95531, 8.8484899], ["61015151", 51.95531, 8.8484899], ["61015150", 51.95531, 8.8484899]], "51.9551276509,8.84867132641": [["61015162", 51.95531, 8.8484899], ["61015151", 51.95531, 8.8484899], ["61015150", 51.95531, 8.8484899]], "51.9551645312,8.84863654152": [["61015162", 51.95531, 8.8484899], ["61015151", 51.95531, 8.8484899], ["61015150", 51.95531, 8.8484899]], "51.9551583286,8.84863536805": [["61015162", 51.95531, 8.8484899], ["61015151", 51.95531, 8.8484899], ["61015150", 51.95531, 8.8484899]], "51.9548875932,8.85159292258": [["61015174", 51.95553, 8.8518], ["61015174", 51.95546, 8.85176], ["61015174", 51.9556099, 8.8518], ["61015174", 51.95553, 8.8518]], "51.9547537342,8.85029414669": [["61015162", 51.95494, 8.84976], ["61015175", 51.95459, 8.85116], ["61015174", 51.95459, 8.85116]], "51.954886755,8.85159292258": [["61015174", 51.95553, 8.8518], ["61015174", 51.95546, 8.85176], ["61015174", 51.9556099, 8.8518], ["61015174", 51.95553, 8.8518]], "51.9550212845,8.8486413192": [["61015150", 51.95531, 8.8484899], ["61015162", 51.95531, 8.8484899], ["61015151", 51.95531, 8.8484899]], "51.9551371224,8.84863092564": [["61015162", 51.95531, 8.8484899], ["61015151", 51.95531, 8.8484899], ["61015150", 51.95531, 8.8484899]], "51.9551262259,8.84867048822": [["61015162", 51.95531, 8.8484899], ["61015151", 51.95531, 8.8484899], ["61015150", 51.95531, 8.8484899]], "51.9551381283,8.84872086346": [["61015162", 51.95531, 8.8484899], ["61015151", 51.95531, 8.8484899], ["61015150", 51.95531, 8.8484899]], "51.9550226256,8.8486417383": [["61015150", 51.95531, 8.8484899], ["61015162", 51.95531, 8.8484899], ["61015151", 51.95531, 8.8484899]], "51.9550214522,8.8486382179": [["61015150", 51.95531, 8.8484899], ["61015162", 51.95531, 8.8484899], ["61015151", 51.95531, 8.8484899]], "51.9550288282,8.84865456261": [["61015162", 51.95531, 8.8484899], ["61015150", 51.95531, 8.8484899], ["61015151", 51.95531, 8.8484899]], "51.9550113939,8.84864458814": [["61015150", 51.95531, 8.8484899], ["61015162", 51.95531, 8.8484899], ["61015151", 51.95531, 8.8484899]], "51.9550589193,8.84864458814": [["61015162", 51.95531, 8.8484899], ["61015151", 51.95531, 8.8484899], ["61015150", 51.95531, 8.8484899]], "51.9550007489,8.8486377988": [["61015150", 51.95531, 8.8484899], ["61015162", 51.95531, 8.8484899], ["61015151", 51.95531, 8.8484899]], "51.9550298341,8.84865506552": [["61015162", 51.95531, 8.8484899], ["61015150", 51.95531, 8.8484899], ["61015151", 51.95531, 8.8484899]], "51.9550632779,8.8486192748": [["61015150", 51.95531, 8.8484899], ["61015162", 51.95531, 8.8484899], ["61015151", 51.95531, 8.8484899]], "51.9549968932,8.84864081629": [["61015150", 51.95531, 8.8484899], ["61015162", 51.95531, 8.8484899], ["61015151", 51.95531, 8.8484899]], "51.954886755,8.85159258731": [["61015174", 51.95553, 8.8518], ["61015174", 51.95546, 8.85176], ["61015174", 51.9556099, 8.8518], ["61015174", 51.95553, 8.8518]], "51.9550666306,8.84864676744": [["61015162", 51.95531, 8.8484899], ["61015151", 51.95531, 8.8484899], ["61015150", 51.95531, 8.8484899]], "51.9550111424,8.84863478132": [["61015150", 51.95531, 8.8484899], ["61015162", 51.95531, 8.8484899], ["61015151", 51.95531, 8.8484899]], "51.9550206978,8.84864592925": [["61015150", 51.95531, 8.8484899], ["61015162", 51.95531, 8.8484899], ["61015151", 51.95531, 8.8484899]], "51.9551941194,8.84863897227": [["61015162", 51.95531, 8.8484899], ["61015151", 51.95531, 8.8484899], ["61015150", 51.95531, 8.8484899]], "51.9550193567,8.84865095839": [["61015150", 51.95531, 8.8484899], ["61015162", 51.95531, 8.8484899], ["61015151", 51.95531, 8.8484899]], "51.9548886828,8.85159309022": [["61015174", 51.95553, 8.8518], ["61015174", 51.95546, 8.85176], ["61015174", 51.9556099, 8.8518], ["61015174", 51.95553, 8.8518]], "51.9551277347,8.84867065586": [["61015162", 51.95531, 8.8484899], ["61015151", 51.95531, 8.8484899], ["61015150", 51.95531, 8.8484899]], "51.9551605918,8.84863444604": [["61015162", 51.95531, 8.8484899], ["61015151", 51.95531, 8.8484899], ["61015150", 51.95531, 8.8484899]], "51.9548880961,8.85159292258": [["61015174", 51.95553, 8.8518], ["61015174", 51.95546, 8.85176], ["61015174", 51.9556099, 8.8518], ["61015174", 51.95553, 8.8518]], "51.9550685585,8.84864727035": [["61015162", 51.95531, 8.8484899], ["61015151", 51.95531, 8.8484899], ["61015150", 51.95531, 8.8484899]], "51.9551269803,8.8486708235": [["61015162", 51.95531, 8.8484899], ["61015151", 51.95531, 8.8484899], ["61015150", 51.95531, 8.8484899]], "51.9552200194,8.84864492342": [["61015162", 51.95531, 8.8484899], ["61015151", 51.95531, 8.8484899], ["61015150", 51.95622, 8.8491], ["61015150", 51.95531, 8.8484899]], "51.9551286567,8.84867073968": [["61015162", 51.95531, 8.8484899], ["61015151", 51.95531, 8.8484899], ["61015150", 51.95531, 8.8484899]], "51.9547909498,8.8515013922": [["61015174", 51.95553, 8.8518], ["61015174", 51.95546, 8.85176], ["61015174", 51.95546, 8.85176], ["61015174", 51.95459, 8.85116]], "51.9546849187,8.85128731839": [["61015174", 51.95546, 8.85176], ["61015174", 51.95459, 8.85116], ["61015198", 51.95459, 8.85116], ["61015174", 51.95553, 8.8518]], "51.9548874255,8.85159292258": [["61015174", 51.95553, 8.8518], ["61015174", 51.95546, 8.85176], ["61015174", 51.9556099, 8.8518], ["61015174", 51.95553, 8.8518]], "51.9550564885,8.84861969389": [["61015150", 51.95531, 8.8484899], ["61015162", 51.95531, 8.8484899], ["61015151", 51.95531, 8.8484899]], "51.9551265612,8.84867057204": [["61015162", 51.95531, 8.8484899], ["61015151", 51.95531, 8.8484899], ["61015150", 51.95531, 8.8484899]], "51.954964539,8.84862254374": [["61015150", 51.95531, 8.8484899], ["61015162", 51.95531, 8.8484899], ["61015151", 51.95531, 8.8484899]], "51.9546025246,8.85088029318": [["61015175", 51.95459, 8.85116], ["61015174", 51.95459, 8.85116], ["61015174", 51.95546, 8.85176], ["61015174", 51.95553, 8.8518]], "51.95504006,8.84913903661": [["61015162", 51.95494, 8.84976], ["61015151", 51.95531, 8.8484899], ["61015150", 51.95531, 8.8484899]], "51.9552218635,8.84864509106": [["61015162", 51.95531, 8.8484899], ["61015151", 51.95531, 8.8484899], ["61015150", 51.95622, 8.8491], ["61015150", 51.95531, 8.8484899]], "51.9550192729,8.84864182211": [["61015150", 51.95531, 8.8484899], ["61015162", 51.95531, 8.8484899], ["61015151", 51.95531, 8.8484899]], "51.9550538901,8.84864425287": [["61015162", 51.95531, 8.8484899], ["61015150", 51.95531, 8.8484899], ["61015151", 51.95531, 8.8484899]], "51.9550253917,8.84865263477": [["61015150", 51.95531, 8.8484899], ["61015162", 51.95531, 8.8484899], ["61015151", 51.95531, 8.8484899]], "51.9550536387,8.84861784987": [["61015150", 51.95531, 8.8484899], ["61015162", 51.95531, 8.8484899], ["61015151", 51.95531, 8.8484899]], "51.9550680555,8.84865397587": [["61015162", 51.95531, 8.8484899], ["61015151", 51.95531, 8.8484899], ["61015150", 51.95531, 8.8484899]], "51.9551265612,8.84867065586": [["61015162", 51.95531, 8.8484899], ["61015151", 51.95531, 8.8484899], ["61015150", 51.95531, 8.8484899]], "51.9550298341,8.8486532215": [["61015162", 51.95531, 8.8484899], ["61015150", 51.95531, 8.8484899], ["61015151", 51.95531, 8.8484899]], "51.9548894372,8.85159367695": [["61015174", 51.95553, 8.8518], ["61015174", 51.95546, 8.85176], ["61015174", 51.9556099, 8.8518], ["61015174", 51.95553, 8.8518]], "51.9551295787,8.8486708235": [["61015162", 51.95531, 8.8484899], ["61015151", 51.95531, 8.8484899], ["61015150", 51.95531, 8.8484899]], "51.9548869226,8.8515934255": [["61015174", 51.95553, 8.8518], ["61015174", 51.95546, 8.85176], ["61015174", 51.9556099, 8.8518], ["61015174", 51.95553, 8.8518]], "51.9550317619,8.84861852042": [["61015150", 51.95531, 8.8484899], ["61015162", 51.95531, 8.8484899], ["61015151", 51.95531, 8.8484899]], "51.9548926223,8.84971998632": [["61015162", 51.95494, 8.84976]], "51.9548899401,8.85159392841": [["61015174", 51.95553, 8.8518], ["61015174", 51.95546, 8.85176], ["61015174", 51.9556099, 8.8518], ["61015174", 51.95553, 8.8518]], "51.9551675487,8.8486360386": [["61015162", 51.95531, 8.8484899], ["61015151", 51.95531, 8.8484899], ["61015150", 51.95531, 8.8484899]], "51.954887677,8.85159283876": [["61015174", 51.95553, 8.8518], ["61015174", 51.95546, 8.85176], ["61015174", 51.9556099, 8.8518], ["61015174", 51.95553, 8.8518]], "51.9548890181,8.85159334168": [["61015174", 51.95553, 8.8518], ["61015174", 51.95546, 8.85176], ["61015174", 51.9556099, 8.8518], ["61015174", 51.95553, 8.8518]]}, "457018": {"50.7073435653,9.06024003401": [["749487627", 50.7076094, 9.060829], ["749487627", 50.70744, 9.0604]], "50.7157529611,9.09470147453": [["550087727", 50.7161199, 9.09408], ["798656668", 50.7158799, 9.09401], ["798656668", 50.7161199, 9.09408], ["798656668", 50.7154899, 9.09387]], "50.7153737638,9.12551418878": [["63629925", 50.7154599, 9.12615]], "50.7130643819,9.07056192867": [["61580582", 50.7131999, 9.07077], ["749487627", 50.71265, 9.0698999], ["61580582", 50.71357, 9.07133]], "50.7165270299,9.08936211839": [["550087727", 50.71685, 9.08885]], "50.7150830794,9.07414267771": [["550087658", 50.7147299, 9.07343], ["550087658", 50.71505, 9.07408], ["550087658", 50.7152299, 9.07451], ["550087658", 50.7153599, 9.0748599]], "50.7161605731,9.09202261828": [["550087727", 50.7165399, 9.09109]], "50.7155268174,9.12111293525": [["63629925", 50.7156, 9.1219899]], "50.7155386359,9.11705886014": [["67195301", 50.71551, 9.1163799], ["67195301", 50.71555, 9.1173299]], "50.714507997,9.10579559393": [["62022059", 50.71449, 9.10668], ["709827322", 50.7146399, 9.10553], ["67195324", 50.71463, 9.1065999], ["771947827", 50.7142499, 9.10526]], "50.7107792236,9.06698076054": [["749487627", 50.7107118, 9.0668886], ["749487627", 50.7105282, 9.0665973], ["749487627", 50.71082, 9.06706]], "50.7158772647,9.07625801861": [["550087658", 50.71557, 9.0753799], ["550087658", 50.7160499, 9.0769], ["550087658", 50.71577, 9.07598]], "50.7082855236,9.0625314787": [["749487627", 50.7085599, 9.06305], ["749487627", 50.70808, 9.0620199]], "50.7148311194,9.11021403037": [["67195321", 50.7147299, 9.1096099], ["67195320", 50.71478, 9.10999]], "50.7154538948,9.12317144684": [], "50.7119484991,9.06880893745": [["749487627", 50.7116899, 9.0684]], "50.7141320687,9.07227468677": [["61580582", 50.7137899, 9.0716999], ["61580582", 50.71357, 9.07133], ["61580582", 50.71445, 9.0728799], ["61580582", 50.7140099, 9.0720699]], "50.716901198,9.08115916885": [["550087658", 50.7168399, 9.08068], ["550087658", 50.71698, 9.0819399]], "50.7170467917,9.08389518969": [["550087658", 50.71706, 9.08344]], "50.7154069562,9.11498392001": [["67195320", 50.71531, 9.114], ["67195301", 50.7154299, 9.1152299], ["67195301", 50.71545, 9.11547], ["771956050", 50.71567, 9.1141499]], "50.7169480529,9.08611622639": [["550087727", 50.7170999, 9.0864799], ["771956042", 50.71718, 9.08538]], "50.7146428619,9.1030789353": [["709827323", 50.71485, 9.10304], ["709827323", 50.7147399, 9.10396], ["62010780", 50.7155899, 9.1034799], ["62010780", 50.71555, 9.1033099]], "50.7151613664,9.11279129796": [["67195320", 50.7151802, 9.1128784], ["67195320", 50.71522, 9.11314], ["771956050", 50.71587, 9.1135599]], "50.7155774441,9.11905459128": [["67195301", 50.7155635, 9.1180701], ["63629925", 50.7156599, 9.1200199]], "50.7095955312,9.06503909267": [["749487627", 50.7097953, 9.0654107], ["749487627", 50.70956, 9.06502], ["749487627", 50.70917, 9.0642899], ["749487627", 50.71012, 9.06595]], "50.7164862938,9.07860646024": [["550087658", 50.71626, 9.07762], ["550087658", 50.71643, 9.07834], ["550087658", 50.71662, 9.07936]], "50.714609921,9.10833363421": [["62022059", 50.71455, 9.10795], ["576452644", 50.7136499, 9.10762], ["771947825", 50.71396, 9.10744], ["771947826", 50.7142799, 9.1083699]]}}