{"483087": {"53.2625730336,10.4321834911": [["51692739", 53.2616499, 10.43133], ["51692694", 53.2630299, 10.4319299], ["51692694", 53.2616499, 10.43133]], "53.2600266952,10.4309585597": [["51692811", 53.26065, 10.43148], ["51692811", 53.2601799, 10.43133]], "53.2508891635,10.4219350219": [["51693237", 53.2512799, 10.4219], ["51693438", 53.25113, 10.42177], ["51693438", 53.2502299, 10.4217299], ["51693438", 53.2502299, 10.4217299]], "53.2628086489,10.4339147732": [["51692688", 53.26282, 10.43329]], "53.2571361959,10.4297155235": [], "53.2611185219,10.4309986252": [["760303613", 53.2610899, 10.4315399], ["540659306", 53.2611, 10.4312399], ["51692739", 53.2616499, 10.43133], ["51692739", 53.2614199, 10.43123]], "53.2561715227,10.4259393923": [["540659310", 53.25562, 10.4263], ["83733538", 53.2562999, 10.42641], ["83733538", 53.25562, 10.4263]], "53.2559219934,10.426087752": [["540659310", 53.25562, 10.4263], ["83733538", 53.2562999, 10.42641], ["83733538", 53.25562, 10.4263]], "53.2628103253,10.4339119233": [["51692688", 53.26282, 10.43329]], "53.2512181532,10.4222969525": [["51693252", 53.25113, 10.42177], ["51693254", 53.25113, 10.42177], ["51693237", 53.2512799, 10.4219], ["51693438", 53.25113, 10.42177]], "53.2557357475,10.4261491913": [["540659310", 53.25562, 10.4263], ["83733538", 53.2562999, 10.42641], ["83733538", 53.25562, 10.4263]], "53.2496896293,10.4205374233": [], "53.2566168532,10.4272361565": [["83733538", 53.2562999, 10.42641], ["83733538", 53.25562, 10.4263], ["540659310", 53.25562, 10.4263]], "53.2619641721,10.4312157165": [["51692739", 53.2611, 10.4312399], ["51692694", 53.2616499, 10.43133], ["51692739", 53.2614199, 10.43123], ["760303613", 53.2610899, 10.4315399]], "53.2629047893,10.4340101592": [["51692688", 53.26282, 10.43329]], "53.2625114266,10.4333195742": [["51692688", 53.26282, 10.43329], ["51692688", 53.2617199, 10.43365]], "53.2509953622,10.422131829": [["51693254", 53.25113, 10.42177], ["51693252", 53.25113, 10.42177], ["51693237", 53.2512799, 10.4219], ["51693438", 53.25113, 10.42177]], "53.2591900975,10.4313139524": [["51692811", 53.2601799, 10.43133]], "53.2539140247,10.426143324": [["540659309", 53.2543299, 10.4261899], ["540659309", 53.2535399, 10.42611], ["540659310", 53.2543299, 10.4261899]], "53.2505752612,10.4207865335": [["51693438", 53.2502299, 10.4217299], ["51693252", 53.25114, 10.42056], ["51693252", 53.25113, 10.42177], ["51693254", 53.25113, 10.42177]], "53.2566395681,10.4269925784": [["83733538", 53.2562999, 10.42641]], "53.2532266248,10.4250584543": [["51693108", 53.25329, 10.42482], ["51693255", 53.25224, 10.42472]], "53.2565769553,10.4286962841": [], "53.257937422,10.4309623316": [], "53.2626559306,10.4339005239": [["51692688", 53.26282, 10.43329], ["51692688", 53.2617199, 10.43365]], "53.2565867621,10.428326223": [], "53.2625211496,10.4336146172": [["51692688", 53.26282, 10.43329], ["51692688", 53.2617199, 10.43365]], "53.2624401804,10.4314175528": [["51692694", 53.2630299, 10.4319299], ["51692694", 53.2616499, 10.43133], ["51692739", 53.2616499, 10.43133]], "53.2563053817,10.4259123188": [["540659310", 53.25562, 10.4263], ["83733538", 53.2562999, 10.42641], ["83733538", 53.25562, 10.4263]], "53.2545520552,10.4262403864": [["540659309", 53.2543299, 10.4261899], ["540659310", 53.2543299, 10.4261899]], "53.262551073,10.4328101221": [["51692688", 53.26282, 10.43329], ["51692688", 53.2617199, 10.43365], ["51692694", 53.2630299, 10.4319299]], "53.2490564603,10.4205303825": [["51693496", 53.24837, 10.42092], ["51693496", 53.24825, 10.42098], ["51693496", 53.24825, 10.42098], ["51693496", 53.2480599, 10.42106]], "53.2508288976,10.4214539845": [["51693438", 53.2502299, 10.4217299], ["51693438", 53.25113, 10.42177], ["51693438", 53.2502299, 10.4217299], ["51693237", 53.2512799, 10.4219]], "53.2628673222,10.433972273": [["51692688", 53.26282, 10.43329]], "53.2565195393,10.4263635166": [["540659310", 53.25562, 10.4263], ["83733538", 53.2562999, 10.42641], ["83733538", 53.25562, 10.4263]], "53.2512944285,10.4222932644": [["51693252", 53.25113, 10.42177], ["51693254", 53.25113, 10.42177], ["51693237", 53.2512799, 10.4219], ["51693438", 53.25113, 10.42177]], "53.2603585348,10.4311783332": [["51692739", 53.2611, 10.4312399], ["51692811", 53.26065, 10.43148], ["51692811", 53.2601799, 10.43133], ["760303612", 53.26107, 10.4320999]], "53.2613775227,10.4310095217": [["51692739", 53.2614199, 10.43123], ["51692694", 53.2616499, 10.43133], ["51692739", 53.2614199, 10.43123], ["760303613", 53.2610899, 10.4315399]], "53.2551508583,10.4262727406": [["540659309", 53.2543299, 10.4261899], ["540659310", 53.25562, 10.4263], ["540659310", 53.2543299, 10.4261899], ["83733538", 53.25562, 10.4263]], "53.2627575193,10.4339329619": [["51692688", 53.26282, 10.43329], ["51692746", 53.26179, 10.43493], ["83733588", 53.26179, 10.43493]], "53.2625920605,10.4338326305": [["51692688", 53.26282, 10.43329], ["51692688", 53.2617199, 10.43365]], "53.2625991851,10.4319108278": [["51692739", 53.2616499, 10.43133], ["51692694", 53.2630299, 10.4319299], ["51692694", 53.2616499, 10.43133]], "53.2502107322,10.4206676781": [["51693252", 53.25114, 10.42056]], "53.2626224868,10.4316137731": [["51692694", 53.2630299, 10.4319299], ["51692694", 53.2616499, 10.43133], ["51692739", 53.2616499, 10.43133]], "53.2515219972,10.4223556258": [["51693237", 53.2512799, 10.4219], ["51693237", 53.2512099, 10.42331], ["51693438", 53.25113, 10.42177], ["51693252", 53.25113, 10.42177]], "53.2616082765,10.4310613219": [["51692739", 53.2614199, 10.43123], ["51692739", 53.2611, 10.4312399], ["51692739", 53.2616499, 10.43133], ["51692739", 53.2614199, 10.43123]], "53.2534434646,10.4260442499": [["540659309", 53.2535399, 10.42611], ["540659310", 53.2543299, 10.4261899]], "53.2488849666,10.4206921533": [["51693496", 53.24825, 10.42098], ["51693496", 53.2480599, 10.42106], ["51693496", 53.24837, 10.42092], ["51693496", 53.24825, 10.42098]], "53.2598821912,10.4311032314": [["51692811", 53.26065, 10.43148], ["51692811", 53.2601799, 10.43133]], "53.2507594954,10.4211168643": [["51693438", 53.2502299, 10.4217299], ["51693252", 53.25114, 10.42056], ["51693252", 53.25113, 10.42177], ["51693254", 53.25113, 10.42177]], "53.2488283888,10.4199974611": [["51693496", 53.24837, 10.42092], ["51693496", 53.24825, 10.42098], ["51693496", 53.24825, 10.42098], ["810088960", 53.24824, 10.4190699]], "53.2514176425,10.4223035742": [["51693237", 53.2512799, 10.4219], ["51693252", 53.25113, 10.42177], ["51693256", 53.2511099, 10.4232999], ["51693254", 53.25113, 10.42177]], "53.2587188669,10.4311845358": []}}