{"512341": {"52.2521288227,10.4958975222": [], "52.2539879289,10.4941811599": [["51797725", 52.2539599, 10.49412]], "52.265243819,10.4858781304": [["51797804", 52.2653, 10.48585]], "52.2638929915,10.4857189581": [], "52.2608264722,10.4875880387": [], "52.2558677383,10.4924820643": [], "52.2530600522,10.4950066935": [["586484817", 52.2530099, 10.49493]], "52.2617915645,10.4867058434": [], "52.2628160845,10.4860382248": [], "52.2568588983,10.4915649164": [], "52.2587056831,10.48977823": [], "52.2598850168,10.4885696433": [], "52.2549337428,10.4933468252": [], "52.2673062701,10.4874335602": [["51797804", 52.26734, 10.48735]], "52.2578839213,10.4905820545": [["554710181", 52.2578299, 10.49055]], "52.2663410939,10.4864953738": []}, "481620": {"52.4431665614,9.61737273261": [], "52.4239254836,9.6260678675": [], "52.4289869796,9.61845852435": [["722741187", 52.42896, 9.6184699], ["722741186", 52.42896, 9.6184699], ["722741178", 52.42904, 9.6184299]], "52.4252055679,9.62409191765": [], "52.4431578442,9.61737214588": [], "52.4289997201,9.61845274083": [["722741187", 52.42896, 9.6184699], ["722741186", 52.42896, 9.6184699], ["722741178", 52.42904, 9.6184299]], "52.4256799836,9.62329605594": [], "52.4286500271,9.61831494235": [], "52.4372598343,9.6198509261": [["51928634", 52.4372599, 9.61989]], "52.4431852531,9.61743492633": [], "52.4289838783,9.61846263148": [["722741187", 52.42896, 9.6184699], ["722741186", 52.42896, 9.6184699], ["722741178", 52.42904, 9.6184299]], "52.4289500993,9.61844259873": [["722741186", 52.42896, 9.6184699], ["722741187", 52.42896, 9.6184699], ["722741178", 52.42904, 9.6184299]], "52.4429406691,9.61796382442": [], "52.4276275188,9.62083957158": [], "52.4401747249,9.62017765269": [], "52.4327573273,9.62152839638": [], "52.4426049739,9.61844301783": [], "52.4431522284,9.617375331": [], "52.4289727304,9.6184816584": [["722741187", 52.42896, 9.6184699], ["722741186", 52.42896, 9.6184699], ["722741178", 52.42904, 9.6184299]], "52.4356361758,9.61991035379": [], "52.4381089211,9.62000842206": [["51928634", 52.43812, 9.6200399]], "52.4281733483,9.61969669908": [], "52.4268652685,9.62202326395": [], "52.4293376785,9.61886052042": [["722741177", 52.42927, 9.6187999]], "52.4431880191,9.61743995547": [], "52.443163963,9.61737575009": [], "52.425859021,9.6229796391": [["716070171", 52.4258299, 9.62294], ["51923456", 52.42578, 9.62302]], "52.4407732766,9.61998771876": [], "52.4257681612,9.62314769626": [], "52.4258156866,9.62304032408": [["51923456", 52.42578, 9.62302], ["67918007", 52.42589, 9.6231299]], "52.4306245521,9.62085315026": [["572215112", 52.4306299, 9.6208999]], "52.4302108213,9.62005401962": [], "52.4289884884,9.61845776998": [["722741187", 52.42896, 9.6184699], ["722741186", 52.42896, 9.6184699], ["722741178", 52.42904, 9.6184299]], "52.4421038199,9.6190220397": [["51905690", 52.4421799, 9.61904]], "52.4364418443,9.61984111927": [], "52.4246209301,9.625013927": [], "52.4260854162,9.6227823291": [["67918008", 52.42605, 9.62285]], "52.4414680526,9.61956577376": [], "52.4396139756,9.62023096159": [["51905933", 52.4397099, 9.62029], ["51905960", 52.4397099, 9.62029]], "52.4313969444,9.62248913012": [], "52.4431678187,9.61737583391": [], "52.4431629572,9.61737474427": [], "52.4348438345,9.62006416172": [["722668549", 52.4349199, 9.62012]], "52.4290745705,9.61858131923": [["722741187", 52.4290799, 9.61859], ["722741178", 52.4290799, 9.61859]], "52.4289951939,9.61848995648": [["722741187", 52.42896, 9.6184699], ["722741186", 52.42896, 9.6184699], ["722741178", 52.42904, 9.6184299]], "52.4257923849,9.6231113188": [["51923456", 52.42578, 9.62302], ["67918007", 52.42589, 9.6231299]], "52.4334220961,9.62100469507": [], "52.4431610294,9.61737206206": [], "52.4341030419,9.62049532682": [], "52.4287880771,9.61833572946": [["722741175", 52.4288, 9.6182999], ["51923357", 52.4288, 9.6182999]], "52.4310491793,9.62174062617": [], "52.4317286164,9.62259574793": [], "52.4431878515,9.61743903346": [], "52.4285762664,9.61869556457": [["722741184", 52.42857, 9.61867], ["722741185", 52.42857, 9.61867], ["722741185", 52.4286499, 9.61861]], "52.4289814476,9.6184794791": [["722741187", 52.42896, 9.6184699], ["722741186", 52.42896, 9.6184699], ["722741178", 52.42904, 9.6184299]], "52.4389183614,9.62016222999": [["51928634", 52.4389999, 9.62025]], "52.4289966188,9.6184953209": [["722741177", 52.4290799, 9.61859], ["722741187", 52.4290799, 9.61859], ["722741187", 52.42896, 9.6184699], ["722741186", 52.42896, 9.6184699]], "52.4297140259,9.61933594197": [["722741177", 52.42962, 9.61924]], "52.4431701656,9.61737398989": [], "52.4321621284,9.62205377407": [["60098491", 52.43222, 9.6221099]], "52.4431564193,9.61760306731": [], "52.4289871473,9.61849498563": [["722741187", 52.4290799, 9.61859], ["722741187", 52.42896, 9.6184699], ["722741186", 52.42896, 9.6184699], ["722741177", 52.4290799, 9.61859]]}, "481619": {"52.4210881256,9.62806083262": [["51926633", 52.4211699, 9.62804]], "52.4211035483,9.62785723619": [["51926633", 52.4211999, 9.6279]], "52.4213166162,9.62766679935": [], "52.4218729232,9.62757912464": [["51926633", 52.42187, 9.62757]], "52.4222598318,9.62804909796": [["51926633", 52.42224, 9.62806], ["51926633", 52.4222199, 9.62797]], "52.421092568,9.62718458846": [], "52.4224378634,9.62820332497": [], "52.4210901372,9.62775824592": []}}