{"507581": {"52.1164493635,10.2015511505": [["554710433", 52.11648, 10.2015399]], "52.1168726496,10.2028743178": []}, "1075296": {"50.9841963183,10.3143185936": [["543972583", 50.98427, 10.31423], ["543972583", 50.98427, 10.31423]], "50.986303864,10.3151001222": [], "50.9863773733,10.3150689416": [], "50.9833965171,10.3142457549": [], "50.9882423468,10.3140834812": [["543972575", 50.98825, 10.31414], ["543972577", 50.98825, 10.31414], ["543972589", 50.98825, 10.31414]], "50.9820002597,10.3141817171": [["586825064", 50.9820299, 10.31424]], "50.9829655197,10.3140405659": [], "50.9864895232,10.3150349949": [], "50.9882948175,10.3140651248": [["543972577", 50.98825, 10.31414]], "50.9864304308,10.3149557859": [], "50.9863049537,10.3151498269": [], "50.9863931313,10.3151265252": [], "50.9863880184,10.3151420318": [], "50.9864144213,10.3151741344": [], "50.9849974606,10.3141481895": [["548096637", 50.9850099, 10.31414]], "50.9862849209,10.313813081": [["543972580", 50.98624, 10.31381], ["543972580", 50.98624, 10.31381]], "50.9841991682,10.3143189289": [["543972583", 50.98427, 10.31423], ["543972583", 50.98427, 10.31423]], "50.9864318557,10.3151674289": [], "50.9863444325,10.3151327278": [], "50.9856283665,10.3139422461": [["548096637", 50.98555, 10.31395]], "50.9864589293,10.3151674289": [["543971506", 50.98654, 10.3152399], ["543971505", 50.98654, 10.3152399], ["548096758", 50.98654, 10.3152399]], "50.9819248226,10.3136071377": [], "50.9823853243,10.3141370416": [], "50.9863931313,10.3151786607": [], "50.986379385,10.3138386458": [], "50.9818541631,10.3126893193": [], "50.9841980785,10.3143186774": [["543972583", 50.98427, 10.31423], ["543972583", 50.98427, 10.31423]], "50.9864115715,10.3149908222": [], "50.9867681377,10.3138296772": [], "50.9819900338,10.3141138237": [], "50.9866963886,10.3137600236": [], "50.9864453506,10.3151047323": [], "50.9864346217,10.3149623238": [], "50.9864646289,10.3151316382": [], "50.9838080686,10.3143584915": [], "50.9879347309,10.3139801323": [], "50.9864237253,10.3149595577": [], "50.9863862582,10.3151690215": [], "50.9862532374,10.3150121961": [["543971505", 50.9861599, 10.3150699]], "50.986492876,10.3150371742": [], "50.9865191951,10.3150960989": [], "50.9864002559,10.3151733801": [], "50.9842004254,10.3143208567": [["543972583", 50.98427, 10.31423], ["543972583", 50.98427, 10.31423]], "50.9864033572,10.3151894733": [], "50.9819799755,10.3138998337": [], "50.9864418302,10.3149673529": [], "50.9818289336,10.3118146677": [], "50.9844892658,10.3143005725": [["548096625", 50.9845299, 10.3142199], ["543972583", 50.9845299, 10.3142199]], "50.9878414404,10.3138869256": [["543972577", 50.9878099, 10.31392]], "50.9872667771,10.313771842": [["809076571", 50.98736, 10.31384], ["543972577", 50.98736, 10.31384]], "50.9864732623,10.3149678558": [], "50.9863299318,10.3142407257": [], "50.9864045307,10.3151903953": [], "50.9862974938,10.3144914284": [], "50.9873621631,10.3138557449": [], "50.9817642253,10.3109384235": [], "50.9841416683,10.314316079": [], "50.9882642236,10.3140568268": [["543972575", 50.98825, 10.31414], ["543972589", 50.98825, 10.31414], ["543972577", 50.98825, 10.31414]], "50.9862341266,10.3146805242": [], "50.9864050336,10.3151885513": [], "50.9865043592,10.3150593862": [], "50.9864297602,10.3151417803": []}, "1075295": {"50.986580383,10.3150556982": [], "50.9865713306,10.3149467334": [], "50.9865871724,10.3150328994": [], "50.9865186922,10.3151007928": [], "50.9865424968,10.3151175566": [], "50.9865418263,10.3151165508": [], "50.9865349531,10.3151139524": [], "50.9865625296,10.3151409421": [["548096758", 50.98654, 10.3152399], ["543971505", 50.98654, 10.3152399], ["543971506", 50.98654, 10.3152399]], "50.98658273,10.3150308877": [], "50.9865855798,10.3150334861": [], "50.9865496214,10.3150718752": [], "50.9865434188,10.3150708694": [], "50.9865353722,10.3151146229": [], "50.9864716697,10.3149667662": [], "50.9865359589,10.315103475": [], "50.9864989948,10.3149194922": [], "50.9865289181,10.3150704503": [], "50.9865050297,10.3148991242": [], "50.9865485318,10.3150755633": [], "50.9865434188,10.3150165547": [], "50.9864757769,10.3150014672": [], "50.9866413195,10.3152064886": [], "50.9865004197,10.3148743976": [], "50.9865843225,10.3150324803": [], "50.9865379706,10.3151153773": [], "50.9865850769,10.3151575383": [["548096758", 50.98654, 10.3152399], ["543971505", 50.98654, 10.3152399], ["543971506", 50.98654, 10.3152399]], "50.9865378868,10.3151029721": [], "50.9865742642,10.3150572907": [], "50.986545682,10.3150677681": [], "50.98658273,10.3150307201": [], "50.9865558241,10.315085873": [], "50.9865410719,10.314987218": [], "50.9865650441,10.3150742222": [], "50.9865561593,10.315069193": [], "50.9865031857,10.3149954323": [], "50.9865833167,10.3150318936": [], "50.9864700772,10.3148880601": [], "50.986586418,10.3150397725": [], "50.9864781238,10.3150277864": [], "50.98660402,10.3151146229": [], "50.9865829814,10.3150338214": [], "50.9865558241,10.3148382716": [], "50.9865355399,10.3151140362": [], "50.9865741804,10.3151500784": [["548096758", 50.98654, 10.3152399], ["543971505", 50.98654, 10.3152399], ["543971506", 50.98654, 10.3152399]]}}