{"1357288": {"52.9285715427,9.83190653846": [], "52.9469148349,9.87435987219": [], "52.9358532373,9.85238989815": [], "52.9682898615,9.90810985677": [["727938218", 52.96834, 9.9081099]], "52.9410231952,9.86466653645": [], "52.9550315347,9.88674824126": [], "52.9382065404,9.8585815262": [], "52.9635331314,9.90046313033": [], "52.9330482334,9.84451652505": [], "52.9612098355,9.89664819092": [], "52.9619715828,9.8979015369": [["67945929", 52.96204, 9.89795]], "52.9517931864,9.88169655204": [["727938241", 52.95184, 9.88177]], "52.9369765799,9.85553319566": [], "52.9716065805,9.91348986514": [], "52.9462148622,9.87330324948": [], "52.931929836,9.84137322754": [], "52.9700281844,9.91093489341": [], "52.9440215696,9.86995317042": [], "52.9692432191,9.90966143087": [], "52.9291315377,9.8334715236": [], "52.9667031672,9.90556142293": [["51736243", 52.96677, 9.90556]], "52.9447248951,9.87106653862": [], "52.9483865295,9.87657319754": [], "52.9417565279,9.8660382349": [], "52.9491548985,9.87774817273": [], "52.9533781204,9.88419653848": [["727938242", 52.9533899, 9.8841199]], "52.9587732162,9.89271657541": [], "52.9280065186,9.83033987693": [], "52.9558931943,9.88809152506": [], "52.9595948942,9.89408483729": [["727938249", 52.9595899, 9.8939999]], "52.9425065406,9.86738319509": [], "52.9643164203,9.9017415382": [], "52.9455348384,9.87228987738": [], "52.9724232294,9.91476986557": [], "52.9476381931,9.87544482574": [], "52.9313715175,9.83980153687": [], "52.930804817,9.83822816983": [], "52.9542148858,9.88545985892": [], "52.957879873,9.8912565317": [], "52.9403298441,9.86325317994": [], "52.9302465823,9.83664482832": [], "52.9336098209,9.84608989209": [], "52.9375798255,9.85707311891": [], "52.9507731926,9.88019811921": [], "52.9658998456,9.90429324098": [["51736236", 52.96592, 9.9042099]], "52.9569698498,9.8897815682": [], "52.9394882172,9.86152642407": [], "52.9352932423,9.85081988387": [], "52.9604381975,9.8953981977": [], "52.9675115179,9.90683823824": [], "52.9296915326,9.83505486511": [], "52.9341715761,9.84767155722": [], "52.9651048221,9.90302313119": [], "52.9364115559,9.85396653414": [], "52.9432698805,9.86870652996": [["67945922", 52.9433199, 9.86874]], "52.949953191,9.87896488979": [], "52.9525615554,9.88293983974": [["727938241", 52.95263, 9.88298]], "52.9324931838,9.8429365363": [], "52.9627248645,9.89918312989": [], "52.970811557,9.91220818833": [], "52.9347348399,9.84923821874": [], "52.9388215207,9.86006822437": []}, "439326": {"51.7322589643,8.78398298286": [], "51.7365183961,8.77303889953": [], "51.7371671554,8.77153535374": [], "51.7344893888,8.78003192134": [], "51.730635222,8.78551905043": [["587006670", 51.73064, 8.78556], ["587006669", 51.73064, 8.78556], ["587006668", 51.73064, 8.78556]], "51.7368876189,8.77150023356": [], "51.7307178676,8.78544637933": [], "51.7365894746,8.7730533164": [], "51.7306369822,8.78551972099": [["587006670", 51.73064, 8.78556], ["587006669", 51.73064, 8.78556], ["587006668", 51.73064, 8.78556]], "51.7306402512,8.78552122973": [["587006669", 51.73064, 8.78556], ["587006670", 51.73064, 8.78556], ["587006668", 51.73064, 8.78556]], "51.7365905643,8.77305407077": [], "51.7311263178,8.78510355949": [], "51.7306335457,8.78551837988": [["587006670", 51.73064, 8.78556], ["587006669", 51.73064, 8.78556], ["587006668", 51.73064, 8.78556]], "51.7365890555,8.77305298112": [], "51.7322571203,8.78398247994": [], "51.7306399997,8.78552072681": [["587006669", 51.73064, 8.78556], ["587006670", 51.73064, 8.78556], ["587006668", 51.73064, 8.78556]], "51.7365718726,8.77305214293": [], "51.7363597266,8.77589763142": [], "51.7365968507,8.77496204339": [], "51.736591151,8.77305524424": [], "51.7369845975,8.77306086011": [], "51.7372215539,8.7715695519": [], "51.736590229,8.7730533164": [], "51.7306285165,8.7855184637": [["587006670", 51.73064, 8.78556], ["587006668", 51.73064, 8.78556], ["587006669", 51.73064, 8.78556]], "51.7365912348,8.77305557951": [], "51.7322560307,8.7839756906": [], "51.7367943283,8.77401103266": [], "51.736590229,8.77305381931": [], "51.7365910672,8.77305516042": [], "51.7319621611,8.78432001919": [], "51.7328194622,8.78316792659": [], "51.7306383234,8.78551997244": [["587006670", 51.73064, 8.78556], ["587006669", 51.73064, 8.78556], ["587006668", 51.73064, 8.78556]], "51.7332190275,8.78255722113": [], "51.7364152987,8.77307033166": [], "51.7315803654,8.78470994532": [["587006668", 51.7315799, 8.78479]], "51.7306399997,8.78552106209": [["587006669", 51.73064, 8.78556], ["587006670", 51.73064, 8.78556], ["587006668", 51.73064, 8.78556]], "51.7306398321,8.785520643": [["587006670", 51.73064, 8.78556], ["587006669", 51.73064, 8.78556], ["587006668", 51.73064, 8.78556]], "51.7348999344,8.77921812236": [], "51.736590229,8.77305365168": [], "51.7306390777,8.7855202239": [["587006670", 51.73064, 8.78556], ["587006669", 51.73064, 8.78556], ["587006668", 51.73064, 8.78556]], "51.7353054509,8.77838931978": [], "51.7306398321,8.78552106209": [["587006670", 51.73064, 8.78556], ["587006669", 51.73064, 8.78556], ["587006668", 51.73064, 8.78556]], "51.7362403683,8.77156938426": [], "51.7324316315,8.78374082968": [["51553637", 51.7324699, 8.78378]], "51.7356988974,8.77757954411": [], "51.7362596467,8.7726305332": [], "51.7364478204,8.77145203762": [], "51.7362758238,8.77306438051": [], "51.736591151,8.77305516042": [], "51.7362571321,8.77206408419": [], "51.7306358926,8.78551955335": [["587006670", 51.73064, 8.78556], ["587006669", 51.73064, 8.78556], ["587006668", 51.73064, 8.78556]], "51.7322176415,8.78403193317": [], "51.737161288,8.77211362123": [["51553617", 51.7372299, 8.77203]], "51.7365908995,8.77305482514": [], "51.7306404188,8.78552148119": [["587006669", 51.73064, 8.78556], ["587006668", 51.73064, 8.78556], ["587006670", 51.73064, 8.78556]], "51.7340950202,8.78083691932": [], "51.7337039206,8.7816577591": [], "51.7322555277,8.78398172557": [], "51.7360599898,8.77675686032": [["797952978", 51.7360799, 8.77685]], "51.7365899775,8.77305373549": [], "51.730635725,8.78551972099": [["587006670", 51.73064, 8.78556], ["587006669", 51.73064, 8.78556], ["587006668", 51.73064, 8.78556]]}, "1357289": {"52.9153865576,9.80216989294": [], "52.9162065592,9.80339985341": [], "52.9101415817,9.79553486221": [], "52.90561812,9.79031142779": [], "52.9177848715,9.80595323257": [], "52.9092381801,9.79448653758": [["727938216", 52.90929, 9.7945399]], "52.9136964306,9.79982488789": [], "52.9110398702,9.79658318684": [["727938216", 52.9111099, 9.79665]], "52.9074298684,9.79239324108": [], "52.9145448469,9.80098142289": [], "52.917006528,9.80465982109": [], "52.9201998655,9.81028483249": [["727938216", 52.9201699, 9.8101999]], "52.9119431879,9.79763486423": [], "52.9194764234,9.80890642852": [], "52.9065265507,9.79134986177": [["727938215", 52.9066199, 9.79144]], "52.9047165625,9.78925983422": [], "52.9083348624,9.79343988933": [], "52.9128314182,9.79871319607": [], "52.9187148437,9.80754487216": []}, "1357287": {"52.9915232398,9.92931154557": [], "52.996246526,9.92916318588": [], "52.9926515277,9.92928153835": [], "52.9984648805,9.92908657528": [], "52.9868198186,9.92915983312": [["792712071", 52.98676, 9.9290599]], "52.9890381731,9.92936988361": [], "52.9901698977,9.92936485447": [], "52.9857198615,9.92890317924": [], "52.9879282415,9.92931489833": [], "52.9951298889,9.92919822223": [["51736330", 52.99513, 9.9292899]], "52.9973565415,9.92912152782": [], "52.9940015171,9.92923317477": [], "52.9846315552,9.92852658033": []}}