{"457004": {"50.948959887,11.2483682949": [], "50.9491555206,11.2461191788": []}, "511717": {"52.0561863296,8.51624571718": [], "52.0526570454,8.51984876208": [["51571576", 52.05256, 8.51984]], "52.0561724994,8.51621378213": [], "52.0561732538,8.51621227339": [], "52.0561729185,8.51620942354": [], "52.056174092,8.51620699279": [], "52.0561457612,8.51622585207": [], "52.0561507903,8.51622593589": [], "52.0561405644,8.51622928865": [], "52.0538341999,8.51924367249": [], "52.0561717451,8.51621302776": [], "52.0561735891,8.51620825008": [], "52.0534810703,8.51937325671": [["51571501", 52.05342, 8.51937], ["51571515", 52.05342, 8.51937], ["51571501", 52.05355, 8.5194]], "52.0561172627,8.5162462201": [], "52.0561443362,8.51622601971": [], "52.0561732538,8.51621394977": [], "52.056140732,8.5162290372": [], "52.0561738405,8.51620732807": [], "52.0535098203,8.51937652566": [["51571501", 52.05342, 8.51937], ["51571501", 52.05355, 8.5194], ["51571515", 52.05342, 8.51937]], "52.0534907933,8.51940058172": [["51571515", 52.05342, 8.51937]], "52.0561414864,8.51622954011": [], "52.0561481919,8.51622526534": [], "52.05617317,8.51621436886": [], "52.0531789865,8.51956235245": [], "52.055668328,8.51764976978": [], "52.0561470184,8.5162255168": [], "52.056108797,8.51624546573": [], "52.053489536,8.51938004605": [["51571501", 52.05342, 8.51937], ["51571501", 52.05355, 8.5194], ["51571515", 52.05342, 8.51937]], "52.0561516285,8.51622669026": [], "52.0543574821,8.51908399723": [], "52.0561732538,8.51620799862": [], "52.0561745949,8.51620724425": [], "52.0561248902,8.51624437608": [], "52.0561402291,8.51623255759": [], "52.0549667627,8.51896371692": [["51571429", 52.05505, 8.5188699]], "52.0561881736,8.51624244824": [], "52.0561534725,8.51622786373": [], "52.0534910448,8.51938365027": [["51571501", 52.05342, 8.51937], ["51571501", 52.05355, 8.5194], ["51571515", 52.05342, 8.51937]], "52.0561372954,8.51623498835": [], "52.0561401453,8.51623046212": [], "52.053537732,8.5193621926": [], "52.055615522,8.51845862344": [], "52.0561710745,8.51622694172": [], "52.0561433304,8.5162299592": [], "52.0561719965,8.51621302776": [], "52.0561511256,8.51622652262": [], "52.0561566576,8.51621537469": [], "52.0561727509,8.51621428505": [], "52.0561728347,8.51621394977": [], "52.0561700687,8.51621755399": [], "52.0561502874,8.5162255168": [], "52.056168979,8.51622417569": [], "52.0561437495,8.5162268579": [], "52.0561739244,8.51620841771": [], "52.0561712421,8.51621286012": [], "52.0561439171,8.51622853428": [], "52.0561487786,8.51622484624": [], "52.056176858,8.51621327922": [], "52.0534920506,8.51938297972": [["51571501", 52.05342, 8.51937], ["51571501", 52.05355, 8.5194], ["51571515", 52.05342, 8.51937]], "52.0521085337,8.52015637793": [], "52.0560633671,8.5162876267": [], "52.0561593398,8.51621512324": [], "52.0534919668,8.51938323118": [["51571501", 52.05342, 8.51937], ["51571501", 52.05355, 8.5194], ["51571515", 52.05342, 8.51937]], "52.0561711583,8.51621353067": [], "52.056127321,8.51623834111": [], "52.0561734214,8.51620783098": [], "52.0557968225,8.51686924696": [["51571278", 52.0558299, 8.5169599]], "52.0561738405,8.51620866917": [], "52.0561402291,8.51622962393": [], "52.0561494492,8.5162250977": [], "52.0561438333,8.51622937247": [], "52.0561423246,8.51622962393": [], "52.055429779,8.5189693328": [], "52.0561799593,8.5162198171": []}, "459279": {"51.7295088619,9.16739939712": [], "51.737211328,9.16986954398": [], "51.73807282,9.17084192857": [], "51.7237771489,9.17016332969": [["587010682", 51.72375, 9.1701799]], "51.7519641481,9.17695552111": [], "51.7393074743,9.17171825655": [], "51.7320869677,9.1661423631": [], "51.7274519429,9.16843665764": [["74891394", 51.7274, 9.16849]], "51.7589426693,9.17386259884": [], "51.7529704794,9.17683063075": [], "51.7451392673,9.17545289733": [["74893021", 51.7451, 9.1753599]], "51.7360464949,9.16815527715": [], "51.7460738495,9.17588632554": [], "51.7236965988,9.17097704485": [["587010683", 51.72372, 9.1710599]], "51.7470950168,9.17630072683": [], "51.7581756413,9.17451529764": [], "51.7563836742,9.17561835609": [], "51.761732921,9.17012535967": [], "51.7638640199,9.16785721667": [], "51.7284163646,9.16795453057": [], "51.7596659437,9.17309934273": [], "51.742119519,9.17354157194": [], "51.7479643878,9.17658235878": [["74893021", 51.74794, 9.1765499]], "51.7509473395,9.17699541897": [["74894974", 51.7508799, 9.17698], ["74894974", 51.7508799, 9.17698]], "51.7572143208,9.1751678288": [], "51.753823841,9.17664002627": [["762453628", 51.75388, 9.17662]], "51.7437099852,9.17455217801": [], "51.7247717455,9.16969536804": [["74891394", 51.72477, 9.16974]], "51.7241386604,9.1698823683": [], "51.7265792191,9.16888257489": [], "51.7500303593,9.1769700218": [["74894974", 51.7500299, 9.17695]], "51.75468022,9.17635336518": [["762453628", 51.7546999, 9.1763799]], "51.7308888584,9.16669615544": [], "51.7336030863,9.1661458835": [["75023889", 51.73354, 9.1661399]], "51.7489671987,9.17682493106": [], "51.7651072238,9.1667725984": [["74894947", 51.7651599, 9.16682]], "51.7603314668,9.17225251906": [], "51.7626883741,9.16886103339": [], "51.7555315699,9.17601867579": [["762453602", 51.75553, 9.1760799]], "51.7348046321,9.16676438414": [], "51.7609996721,9.17127049528": [], "51.7257651687,9.16928892955": [], "51.72347649,9.17176553048": [], "51.7405732255,9.17253918014": []}, "511716": {"52.0588063449,8.51511022076": [], "52.0593908988,8.50733768195": [], "52.0593607239,8.50875514559": [], "52.0589272957,8.51421746425": [], "52.0590950176,8.51307182573": [], "52.0585604198,8.51561623625": [], "52.0592496637,8.51180942729": [], "52.0586192608,8.51563702337": [], "52.0593260229,8.51016313769": [], "52.0586801972,8.51562034339": [["51571022", 52.0587499, 8.5156099]]}, "512346": {"52.2754013445,10.535732517": [["51811649", 52.2753452, 10.5357648], ["51810855", 52.2754899, 10.5356899], ["540653608", 52.2754899, 10.5356899]], "52.2754900251,10.5333988275": [], "52.2753845807,10.5357007496": [["51811649", 52.2753452, 10.5357648]], "52.275390448,10.5358660407": [], "52.2754299268,10.5353497993": [], "52.2754230537,10.5338681303": [["51811967", 52.2754599, 10.53386], ["51811661", 52.2754599, 10.53386]], "52.2753870953,10.5292572454": [], "52.2753973212,10.5302048195": [], "52.2754079662,10.5356501229": [["51810855", 52.2754899, 10.5356899], ["540653608", 52.2754899, 10.5356899]], "52.2754108999,10.5343107786": [], "52.2754304297,10.5349580292": [], "52.2753758635,10.5357786175": [["51811649", 52.2753452, 10.5357648]], "52.2760378662,10.5385440588": [["51810853", 52.2760799, 10.53857], ["51811833", 52.2760799, 10.53857]], "52.2754150908,10.5349887908": [], "52.2753736842,10.5357703194": [["51811649", 52.2753452, 10.5357648]], "52.2753942199,10.5357311759": [["51811649", 52.2753452, 10.5357648], ["51810855", 52.2754899, 10.5356899], ["540653608", 52.2754899, 10.5356899]], "52.2754998319,10.5366104376": [], "52.2753803898,10.5357474368": [["51811649", 52.2753452, 10.5357648]], "52.2754096426,10.5355259869": [["51811653", 52.2754599, 10.5355299], ["51810856", 52.2754599, 10.5355299]], "52.2753922921,10.5357571598": [["51810855", 52.2754899, 10.5356899], ["51811649", 52.2753452, 10.5357648], ["540653608", 52.2754899, 10.5356899]], "52.2753776237,10.5357428268": [["51811649", 52.2753452, 10.5357648]], "52.2757839784,10.5375145935": [], "52.2754956409,10.5318469182": [], "52.2755155899,10.5327273533": []}, "457005": {"50.948736174,11.1955225747": [], "50.9354142286,11.1531183589": [["586814358", 50.9354499, 11.15318]], "50.945432866,11.1780097615": [], "50.9466075897,11.1832838226": [], "50.9397894982,11.161031127": [], "50.9371322673,11.1555619352": [["77316035", 50.93707, 11.15551]], "50.9469215758,11.1847207323": [], "50.9299771395,11.1466213781": [["772349666", 50.9299999, 11.1465899]], "50.9386026207,11.1584392749": [["77316035", 50.9385351, 11.1583898]], "50.9432973247,11.1692510918": [], "50.9460595809,11.1808238178": [["723634446", 50.9461219, 11.1807967]], "50.9479350317,11.1894335411": [], "50.944421757,11.1734100245": [], "50.948445322,11.1924930196": [], "50.942115644,11.166083822": [], "50.9463575576,11.1821622401": [], "50.942786783,11.1677619629": [["77316035", 50.94288, 11.1678599]], "50.9268007334,11.1398201343": [], "50.9311495163,11.1483312864": [], "50.9392353706,11.15977359": [], "50.933251949,11.1507199612": [], "50.9489065781,11.1988630984": [["554769494", 50.9489799, 11.19884]], "50.9441065975,11.172080487": [["77316044", 50.9440199, 11.17205]], "50.945751965,11.179461088": [], "50.9489823505,11.2004191987": [], "50.9437361173,11.1706799548": [], "50.9447324742,11.1748036835": [], "50.9379586391,11.1570945662": [], "50.9403571207,11.1622334272": [], "50.9472331312,11.1861583963": [], "50.9292312339,11.1452827882": [], "50.9415350296,11.1647918355": [], "50.9343327954,11.1519030668": [], "50.9451173712,11.1765751988": [], "50.9488338232,11.1973817647": [], "50.9364478849,11.1544687673": [], "50.9486306459,11.1941601802": [], "50.9283579234,11.1434384342": [], "50.9321838431,11.149543561": [], "50.9409327898,11.1635038722": [], "50.9275583737,11.1415985227": [], "50.9476269968,11.1879544705": [["723634446", 50.94772, 11.18801]], "50.948208198,11.1909057386": []}, "455869": {"52.9388466664,9.30101606995": [], "52.9394778237,9.31516036391": [["784620753", 52.93945, 9.31521], ["784620754", 52.93945, 9.31521]], "52.9392620735,9.31419569068": [], "52.9391991254,9.3043894507": [["572208696", 52.9391399, 9.3043699], ["572208696", 52.9391399, 9.3043699]], "52.9334543366,9.28326386958": [], "52.9391707946,9.31301602162": [["79640143", 52.9392099, 9.31299]], "52.9426028486,9.32941102423": [], "52.9337166902,9.28438679315": [], "52.9412458185,9.32300884277": [], "52.9395404365,9.31670648977": [], "52.9316180293,9.27713418379": [], "52.9391378537,9.31213743053": [], "52.9399656504,9.3187655881": [], "52.9325298965,9.28005712107": [["51735531", 52.93253, 9.27999]], "52.9385168385,9.29763045162": [], "52.9324626736,9.2792684678": [], "52.9384858254,9.2960563302": [], "52.9389448185,9.30247745477": [], "52.9393750615,9.30855207145": [], "52.9307127837,9.27750382572": [], "52.9321787786,9.27809248678": [], "52.9325173236,9.27958354354": [], "52.9382220469,9.29448941723": [["784620755", 52.9381999, 9.29451]], "52.9394889716,9.31578012183": [], "52.9369997978,9.29186118767": [], "52.9392918292,9.30550625548": [], "52.9332423583,9.28232618608": [], "52.938654637,9.29917087778": [], "52.9319593403,9.27746753208": [], "52.9323333409,9.27855843678": [], "52.9394365847,9.3150017783": [], "52.941555446,9.32404861785": [], "52.937670853,9.2931081634": [], "52.930076262,9.27797203884": [], "52.9323667847,9.27888482809": [], "52.934916392,9.28814716637": [], "52.9295816459,9.27835442126": [["792672983", 52.92954, 9.2783699]], "52.939483691,9.30992117152": [], "52.9393014684,9.31103864685": [], "52.9421259183,9.32724773884": [], "52.9310250934,9.27725337446": [], "52.9363162536,9.29072854109": [["67900539", 52.9363199, 9.29072]], "52.9417258501,9.3250679411": [], "52.9343548883,9.28667572327": [], "52.9327836167,9.28076933138": [], "52.9330246802,9.28151406348": [], "52.9406152479,9.32074422017": [], "52.9339365475,9.28527762182": [], "52.94098204,9.32195624337": [["79640113", 52.9410199, 9.3218599]], "52.9356120899,9.2895526439": [], "52.9418825917,9.32613914832": [], "52.9397088289,9.3178864941": [], "52.9394643288,9.31524393149": [["784620754", 52.93945, 9.31521], ["784620753", 52.93945, 9.31521]], "52.9394769855,9.31519196369": [["784620753", 52.93945, 9.31521], ["784620754", 52.93945, 9.31521]], "52.9423529841,9.32833612897": [], "52.9403242283,9.31981089525": [], "52.9394745547,9.31517335586": [["784620753", 52.93945, 9.31521], ["784620754", 52.93945, 9.31521]]}}