{"664961": {"50.9896162245,11.0040759668": [], "51.0049303807,10.996845318": [], "51.008718079,10.9906974435": [], "51.0087082721,10.9906892292": [], "50.9941288736,11.0023237299": [], "50.9959647618,11.0015780758": [], "50.9969067201,11.0011480842": [], "51.0010811593,10.9982744325": [], "51.0031627212,10.9951656684": [], "51.0086636804,10.9906188212": [["53670272", 51.00866, 10.9905399], ["53670271", 51.00866, 10.9905399], ["53670270", 51.00866, 10.9905399]], "50.9887756873,11.0043969937": [], "50.9990284313,10.9999475442": [], "51.0086886585,10.9905685298": [["53670272", 51.00866, 10.9905399], ["53670270", 51.00866, 10.9905399], ["53670271", 51.00866, 10.9905399]], "51.0069240164,10.9924198408": [], "51.0045658518,10.994742047": [], "50.9913489316,11.0034012236": [], "50.9852454811,11.005790988": [], "51.0086681228,10.9905962739": [["53670272", 51.00866, 10.9905399], ["53670271", 51.00866, 10.9905399], ["53670270", 51.00866, 10.9905399]], "51.0054903757,10.9959049523": [], "51.0046478268,10.9974327218": [], "51.0049386788,10.9968945198": [], "51.0048981942,10.996889323": [], "51.0058143362,10.9952837694": [], "51.0039643664,10.9953140281": [], "51.004095627,10.9972312208": [], "50.9950459376,11.0019606259": [], "51.0043147299,10.9942959622": [["53546626", 51.00437, 10.99431]], "51.003724644,10.9940605983": [], "51.0049208254,10.9968919214": [], "51.004914958,10.9968679491": [], "50.9870493505,11.0050671268": [], "51.0086602438,10.990616139": [["53670272", 51.00866, 10.9905399], ["53670271", 51.00866, 10.9905399], ["53670270", 51.00866, 10.9905399]], "51.0081661306,10.9909790754": [], "51.004918227,10.9968877304": [], "51.0032250825,10.9958970733": [], "51.0065872315,10.9942278173": [], "51.0056939721,10.9955061413": [], "51.0043816175,10.9974234179": [], "50.986172352,11.0054193344": [], "50.9932070319,11.0026772786": [], "51.0075734463,10.9916704986": [], "51.0035465285,10.9966324177": [["565400184", 51.00362, 10.9966499]], "51.000062339,10.999188982": [], "50.9979392868,11.0006155819": [], "50.9904581867,11.0037457198": [], "51.0031971708,10.9946882352": [], "51.0031232424,10.9960107319": [["53665829", 51.00321, 10.9960899]], "51.0049386788,10.9968583938": [], "51.0049693566,10.9968468267": [], "51.0048407782,10.9970696177": [], "51.005185023,10.9964920208": [], "51.0049242619,10.9968947712": [], "51.0049099289,10.9968841262": [], "51.0063874908,10.9936370607": [], "51.008583717,10.9905398637": [["53670270", 51.00866, 10.9905399]], "50.9879328869,11.0047216248": [], "51.0020703916,10.9972805902": [], "50.9922789875,11.0030350182": [], "51.0049519222,10.9968067612": [], "51.0060698166,10.9949049912": [], "50.9843255673,11.0061428603": [["53544142", 50.9842899, 11.00609]], "51.0064100381,10.9945344273": []}}