{"511701": {"52.0181910787,8.53320105001": [], "52.0180331636,8.53905706666": [], "52.0180506818,8.5366754327": [], "52.0180640928,8.5394333303": [], "52.018052442,8.5364380572": [], "52.0180772524,8.53711707518": [], "52.0180967823,8.53390856646": [["51575413", 52.0181199, 8.53381], ["51575412", 52.0181199, 8.53381]], "52.0180279668,8.53979928419": [], "52.0180287212,8.53640595451": [], "52.0181535278,8.53322795592": [], "52.018157132,8.53322753683": [], "52.0183022227,8.53308722377": [["51575409", 52.0183099, 8.5331499], ["51575395", 52.0183099, 8.5331499], ["51575394", 52.0183099, 8.5331499]], "52.0183316432,8.53308923543": [["51575395", 52.0183099, 8.5331499], ["51575409", 52.0183099, 8.5331499], ["51575394", 52.0183099, 8.5331499]], "52.0182235166,8.53339207359": [], "52.0181049965,8.53320733644": [], "52.0180518553,8.53644903749": [], "52.0182556193,8.53314958513": [["51575394", 52.0183099, 8.5331499], ["51575395", 52.0183099, 8.5331499], ["51575409", 52.0183099, 8.5331499]], "52.0179881528,8.53589616716": [], "52.018047832,8.54064644314": [], "52.0181643404,8.53322535753": [], "52.0180920884,8.54259481654": [], "52.0179456566,8.53547061794": [], "52.0182398614,8.53316785768": [["51575394", 52.0183099, 8.5331499], ["51575395", 52.0183099, 8.5331499], ["51575409", 52.0183099, 8.5331499]], "52.0181012247,8.54275558144": [["51575423", 52.01813, 8.54281], ["51575468", 52.01813, 8.54281], ["51575422", 52.01813, 8.54281]], "52.0183074195,8.53311211802": [["51575409", 52.0183099, 8.5331499], ["51575395", 52.0183099, 8.5331499], ["51575394", 52.0183099, 8.5331499]], "52.018029727,8.5392025765": [], "52.0180262905,8.53456554003": [], "52.0180061739,8.53625105694": [], "52.0181639213,8.53323591873": [], "52.0181327406,8.53844292462": [], "52.0181596465,8.53776223026": [], "52.0180744864,8.54178722017": [], "52.0186488982,8.54298616759": [], "52.0181209221,8.53318403475": [], "52.0181732252,8.53321588598": [], "52.0183257759,8.53304338641": [], "52.0183312241,8.53305227123": [["51575409", 52.0183099, 8.5331499], ["51575395", 52.0183099, 8.5331499], ["51575394", 52.0183099, 8.5331499]], "52.0182368439,8.53324254043": [["51575395", 52.0183099, 8.5331499], ["51575409", 52.0183099, 8.5331499], ["51575394", 52.0183099, 8.5331499]], "52.0180965308,8.54271987453": [["51575423", 52.01813, 8.54281], ["51575468", 52.01813, 8.54281], ["51575422", 52.01813, 8.54281]], "52.018047329,8.53642917238": [], "52.0181518514,8.53322116658": [], "52.0182723831,8.54294291697": [], "52.0181587245,8.53322954848": []}, "511700": {"52.0243486762,8.56600102969": [], "52.0219669584,8.55220592581": [], "52.0266862214,8.57269012369": [], "52.0221173298,8.55589882471": [["51574960", 52.02216, 8.5557999]], "52.0218799543,8.55114419013": [["51574991", 52.0219199, 8.55112]], "52.0218112227,8.5503354203": [], "52.0211775508,8.54548523203": [], "52.0246851258,8.56704675592": [], "52.0219687186,8.55221992359": [], "52.0241155755,8.56533852406": [["51574662", 52.0241799, 8.5653799], ["51574661", 52.0241799, 8.5653799]], "52.0246173162,8.56725722551": [], "52.0212884434,8.54643632658": [], "52.0246613212,8.56720534153": [], "52.0245408732,8.56664274819": [], "52.02341225,8.56337875128": [], "52.0212419238,8.54444453493": [], "52.0228608884,8.56168569066": [["776638029", 52.02288, 8.56166], ["51574852", 52.02288, 8.56166], ["61379491", 52.02288, 8.56166]], "52.0219628513,8.5521997232": [], "52.0217205305,8.54939547367": [], "52.0219619293,8.55220642872": [], "52.0264479239,8.57212359086": [], "52.0247019734,8.56716108508": [], "52.027246384,8.57380835339": [], "52.022278849,8.55754972436": [], "52.0246805996,8.56718639843": [], "52.0219639409,8.5522014834": [], "52.0226464793,8.56106802821": [["51574863", 52.0227099, 8.56103]], "52.0259916969,8.57082406059": [], "52.0254790597,8.56945512816": [], "52.0229897182,8.56209682301": [], "52.0224605687,8.55936557986": [], "52.0221832953,8.5566765815": [], "52.0220865682,8.55457372963": [], "52.0219939481,8.55252024718": [], "52.0219562296,8.55219352059": [], "52.0246290509,8.56724582613": [], "52.0248679351,8.56789609417": [], "52.0250480622,8.56842356734": [], "52.0239019208,8.5647199396": [], "52.0220697206,8.55349782854": [], "52.0232199691,8.56287667528": [], "52.022094531,8.55518862605": [["51574962", 52.02214, 8.5552699], ["51574804", 52.02214, 8.5552699]], "52.0247057453,8.56744363904": [], "52.025249647,8.56890862808": [], "52.0213031955,8.54361682199": [], "52.0219366997,8.55184885673": [], "52.0219539665,8.55218069628": [], "52.0262002386,8.57152068056": [], "52.0230859425,8.56242514215": [], "52.0215203706,8.5474454239": [], "52.0275322907,8.57439626008": [], "52.0220801979,8.55400376022": [], "52.0235816482,8.56387177482": [], "52.0223738998,8.55846066959": [["51574920", 52.0224399, 8.5584499], ["51574919", 52.0224399, 8.5584499]], "52.0246182382,8.56725697406": [], "52.0220189262,8.55294873007": [], "52.025739653,8.57008117251": [], "52.0216133259,8.54845686816": [], "52.0269538555,8.57324207202": [], "52.0237366296,8.56425289996": [], "52.0212356374,8.54311985895": [], "52.0225434657,8.56023419648": []}}