{"585635": {"53.0201861635,9.93654655293": [], "53.0291661993,9.94308695197": [], "53.0255395174,9.94045662694": [], "53.028570246,9.94266006164": [], "53.0290103797,9.94297622703": [], "53.0210334901,9.93720805272": [], "53.0282802321,9.94246392511": [], "53.0213200673,9.93739823811": [], "53.0286465213,9.94271303527": [], "53.0204124749,9.93674201891": [], "53.0294291396,9.94327655062": [], "53.0298356619,9.94356329553": [], "53.0359118711,9.94737563655": [], "53.0284142587,9.94257347658": [], "53.0237449519,9.93915743195": [], "53.0333976354,9.9460189417": [], "53.0199150927,9.9363636598": [], "53.0200522207,9.93644194677": [], "53.023066856,9.93864588439": [["51732176", 53.02303, 9.9385799]], "53.0219528172,9.9378417246": [], "53.0216432735,9.93762253784": [["554712665", 53.02162, 9.9375599]], "53.0280330498,9.94228807278": [], "53.0235414393,9.93900773115": [], "53.0267873313,9.94135659188": [], "53.0306289252,9.94414047338": [], "53.0203219503,9.93666406721": [], "53.0243588425,9.9395989906": [], "53.0347378179,9.94676861912": [], "53.0250212643,9.94008329697": [], "53.0225621816,9.9382768292": [], "53.0352855753,9.94706567377": [], "53.0246748403,9.93983142078": [["51732177", 53.024648, 9.9397326]], "53.0341108516,9.94643384591": [], "53.023578655,9.9390400853": [], "53.0320519209,9.94515082799": [["67945320", 53.03205, 9.9450799]], "53.0205634329,9.93685727008": [], "53.0326823238,9.94557268918": [], "53.0356546305,9.94725024328": [], "53.0197926331,9.93627078831": [["727971336", 53.0197599, 9.9362]], "53.0309843179,9.94440182112": [], "53.024037648,9.93936982937": [], "53.0285061244,9.94264832698": [], "53.0235793255,9.93903857656": [], "53.0200213753,9.9364169687": [], "53.0222418252,9.93804875761": [], "53.0279543437,9.94221867062": [], "53.0314604938,9.94474162348": [], "53.0288017541,9.94282862172": [], "53.03605319,9.94744964875": [], "53.0288968887,9.94289559312": [], "53.0228406284,9.93847623467": [["554712665", 53.02276, 9.9383799], ["554712665", 53.02293, 9.9385]], "53.0261523183,9.94089676067": [], "53.0200193636,9.93641529232": [], "53.0202948768,9.93663531728": [], "53.0361811817,9.94750966318": [], "53.0281408411,9.94236811996": [["51732177", 53.02816, 9.9422799]], "53.0285672285,9.9426620733": [], "53.0302171223,9.94383528829": [], "53.0233174749,9.93883992545": [], "53.0273799319,9.94179119356": [], "53.0277963448,9.9420974683": [], "53.0208054185,9.93704209104": []}, "744538": {"52.1371772233,10.2674390282": [], "52.1315667965,10.2392380312": [], "52.1427688748,10.3405152261": [["771546283", 52.1427799, 10.3404199]], "52.1372188814,10.2568533551": [], "52.1353011858,10.3075360414": [], "52.135670241,10.3000849485": [], "52.1507543977,10.3598449845": [["51804672", 52.1508299, 10.3597499]], "52.1350309532,10.3124474175": [["554710705", 52.1349399, 10.31241]], "52.1528069582,10.3617326729": [], "52.1325924899,10.2408154216": [], "52.1358841471,10.319769932": [], "52.1392635629,10.3285254166": [], "52.1249200311,10.2335402649": [["572230811", 52.1248899, 10.23345], ["554709901", 52.1248899, 10.23345]], "52.144438969,10.3478757944": [["807535561", 52.14448, 10.3478999]], "52.1365514304,10.3219869453": [], "52.1355916187,10.2924019285": [], "52.1351429354,10.3100226168": [], "52.1356232185,10.284564849": [], "52.1451459825,10.3501496371": [], "52.1514339186,10.3605315462": [], "52.134881923,10.2469523996": [], "52.1354637947,10.2493444271": [], "52.1500953287,10.3591179382": [["67943308", 52.1501699, 10.35902]], "52.1521141939,10.3611564171": [], "52.1494804323,10.3583646566": [], "52.1438149363,10.3454669192": [], "52.1407879796,10.3328796476": [["771546284", 52.14086, 10.33294]], "52.1488818806,10.3575651906": [], "52.1263021231,10.2346034255": [], "52.135997219,10.2791520674": [], "52.1415919717,10.3355846554": [], "52.1400525514,10.3306922223": [["51803903", 52.1401109, 10.3306326]], "52.1476906445,10.3556099441": [], "52.1363221854,10.2758406289": [], "52.1373842563,10.3240094986": [], "52.1355519723,10.2872392628": [], "52.1366741415,10.2543354314": [["554709909", 52.1367099, 10.2543]], "52.1360638551,10.2518208604": [], "52.1277047507,10.2356725372": [], "52.1375392377,10.2594464645": [], "52.1382637694,10.3260329738": [], "52.1461078897,10.3525447659": [], "52.1291044448,10.2367301658": [], "52.1376122441,10.2621134184": [["554710461", 52.13755, 10.26211]], "52.1335194446,10.2426920459": [], "52.1469312441,10.3542501479": [], "52.13039333,10.2378574479": [["554709944", 52.1304699, 10.23788]], "52.1356442571,10.2949697245": [], "52.1356773656,10.2975243609": [], "52.1353890281,10.3174180537": [["757076482", 52.1353999, 10.31736]], "52.1355494577,10.2898406703": [["51803692", 52.1356199, 10.2899299]], "52.1342812758,10.244744774": [], "52.1422216203,10.338059999": [], "52.1365996264,10.2730891854": [], "52.1357728355,10.2818829753": [["554710462", 52.13571, 10.2819199]], "52.1432705317,10.3429767396": [["771546283", 52.1432799, 10.3429099], ["792550823", 52.1432799, 10.3429099]], "52.1483018529,10.3567137569": [], "52.1355892718,10.3026110865": [["554710705", 52.1355299, 10.30258]], "52.1354491264,10.3050824907": [], "52.1368900593,10.2702669986": [], "52.1350924764,10.314957127": [], "52.1374489646,10.2647505328": []}, "610114": {"52.1994225774,11.2431613728": [], "52.1999727655,11.2382293772": [], "52.1985716466,11.2496370636": [], "52.1998132579,11.2406088319": [], "52.199133737,11.2453536596": [], "52.1988514345,11.2474761251": []}, "585634": {"53.0143818632,9.93227848783": [["775186795", 53.01433, 9.93228]], "53.0114458501,9.93038292043": [], "53.0122956913,9.93095657788": [], "53.0110176187,9.93015124463": [], "53.013563538,9.93175805546": [], "53.014965998,9.93274812587": [], "53.0137662962,9.93189568631": [["775186795", 53.0137199, 9.93186]], "53.0141930189,9.93216482922": [], "53.0136972293,9.93184824474": [["775186795", 53.0137199, 9.93186]], "53.0163576454,9.93374942802": [], "53.0144478288,9.93235928938": [], "53.016682025,9.93396526203": [], "53.0146518443,9.93251334876": [["775186796", 53.01472, 9.93256]], "53.0140075274,9.93205142207": [], "53.0118255503,9.93063655682": [], "53.0137090478,9.93184614927": [["775186795", 53.0137199, 9.93186]], "53.0127530918,9.93123049848": [["775186795", 53.01273, 9.9312199]], "53.0158258975,9.93335849606": [], "53.0165423825,9.93387104943": [], "53.0102530215,9.92978738621": [], "53.0137134902,9.93184757419": [["775186795", 53.0137199, 9.93186]], "53.0161194317,9.93357022293": [], "53.0131720193,9.93150617927": [], "53.0095847324,9.9295838736": [], "53.0154290982,9.93307795376": []}, "744537": {"52.1191647649,10.2133221924": [], "52.1127196681,10.1936543919": [["554709868", 52.1126672, 10.1935708], ["554709868", 52.1127296, 10.1936953]], "52.1155654918,10.1993797347": [], "52.1138988342,10.1959977206": [], "52.1080997307,10.1863007806": [], "52.1086898167,10.1869871747": [], "52.1185548976,10.2099221572": [], "52.1170518547,10.2031428739": [["554710433", 52.11704, 10.20313]], "52.1183813922,10.2089951187": [], "52.1120294183,10.1923105214": [["769314422", 52.11198, 10.1922399]], "52.1165886708,10.2017909568": [], "52.1098244749,10.1885055564": [], "52.1192743164,10.2139489911": [], "52.119599618,10.2159576304": [["554710433", 52.1196099, 10.21589]], "52.1188694704,10.2117027249": [], "52.110946225,10.1903107669": [], "52.1114776377,10.191269489": [], "52.117751576,10.2057783958": [], "52.1194925811,10.21521952": [], "52.1103878226,10.1893787831": [], "52.1190246195,10.212543346": [["554710433", 52.11903, 10.2125899]], "52.1144656185,10.1971398387": [], "52.1174190659,10.2044034284": [["554710433", 52.11739, 10.20431]], "52.1132956725,10.1947976835": [], "52.1160927974,10.2005482558": [], "52.1187128965,10.2108265646": [], "52.118189279,10.2079468779": [], "52.1193846222,10.2145811543": [["554710433", 52.1194, 10.2145599]], "52.1179816592,10.2068679594": [], "52.1092698444,10.1877251174": [], "52.115025362,10.198265193": [["554709868", 52.1150399, 10.19831]]}, "803359": {"52.9219822772,9.16825535707": [["785122391", 52.9219499, 9.16819]], "52.9245643225,9.18035488576": [["572204603", 52.9246099, 9.18031]], "52.9213344399,9.16696454398": [], "52.9243038967,9.18484004214": [], "52.925964687,9.17722214945": [], "52.9253989924,9.17485124432": [], "52.9204047192,9.14927495643": [["79657216", 52.9204299, 9.14918]], "52.9215999786,9.20585028827": [], "52.9241286311,9.17245385237": [["785122414", 52.92409, 9.1724]], "52.918988429,9.21896327287": [["586497630", 52.91901, 9.21891], ["586497629", 52.91901, 9.21891]], "52.9222641606,9.14522062987": [], "52.9260582291,9.17628622614": [["785122417", 52.92607, 9.17624]], "52.9190776963,9.21846119687": [], "52.9201015458,9.15961856022": [], "52.9189877585,9.21896193177": [["586497630", 52.91901, 9.21891], ["586497629", 52.91901, 9.21891]], "52.9202861991,9.21242404729": [], "52.9210667219,9.20844465494": [["785122404", 52.9210899, 9.20841]], "52.9213045165,9.19091742486": [], "52.9234179296,9.17106404901": [], "52.9213319253,9.20717806555": [["785122405", 52.92133, 9.2071999]], "52.9201532621,9.15310816839": [], "52.9208240658,9.2097401619": [["785122400", 52.9208299, 9.20971]], "52.9231873434,9.18713433668": [], "52.9195893276,9.21590521932": [], "52.9214267246,9.19878702611": [], "52.9199891444,9.1638068296": [["79657217", 52.91996, 9.1637099]], "52.9215221945,9.20303053223": [], "52.9214945342,9.19735732488": [], "52.9209367186,9.14763084613": [["79657215", 52.92094, 9.1476199]], "52.9238108732,9.18616555631": [], "52.9212860763,9.20026483946": [], "52.9215049278,9.18996783905": [["51735435", 52.92151, 9.18999]], "52.9200243484,9.21371242963": [], "52.9198041558,9.1616483219": [], "52.9189799633,9.21892521903": [["586497630", 52.91901, 9.21891]], "52.9226791486,9.16962269694": [], "52.9244044796,9.18339449912": [], "52.9248644784,9.17385664769": [], "52.9206181224,9.16558261961": [], "52.9249176197,9.17896902189": [], "52.9213519581,9.20167928562": [["785122405", 52.92134, 9.20167]], "52.9219806846,9.18899855576": [], "52.9254124872,9.1780257225": [["785122417", 52.9254599, 9.17804]], "52.9203859437,9.15708932094": [], "52.9244574532,9.18186463416": [], "52.92129362,9.19197798707": [["540657163", 52.9213199, 9.19193]], "52.9192098789,9.21775912866": [], "52.9205532465,9.21111445874": [], "52.9214012437,9.19308565557": [], "52.9229882732,9.14416987449": [], "52.9214954562,9.19435543008": [], "52.9216506891,9.14631002583": [], "52.9201644938,9.15114722215": [], "52.919794349,9.21489142813": [], "52.9193770979,9.21690878458": [], "52.9202325549,9.15507582016": [], "52.9214993957,9.19588747434": [], "52.9242116958,9.14276272058": [], "52.925743321,9.17555959895": [], "52.9216516949,9.20441798866": [], "52.9226010293,9.18803798966": []}, "744539": {"52.163612321,10.3648708574": [], "52.1644527745,10.3649960831": []}, "585636": {"53.0480559915,9.95068782941": [], "53.0469928309,9.95032321662": [], "53.0407657474,9.94911303744": [], "53.0449835211,9.9498351384": [["67945321", 53.04492, 9.94975]], "53.0430540908,9.94951302186": [["67945321", 53.0430999, 9.94946]], "53.0440189317,9.94964729995": [], "53.041419033,9.94924915954": [["67945321", 53.04145, 9.94919]], "53.0459848233,9.95004518889": [], "53.0421935208,9.94938427582": []}, "803358": {"52.9181129392,9.21964447014": [["554736906", 52.9182099, 9.21957], ["554736906", 52.9182099, 9.21957]], "52.9180922359,9.21942704357": [["554736906", 52.9180099, 9.2195], ["79689257", 52.9180099, 9.2195], ["79688871", 52.9180099, 9.2195]], "52.9182699323,9.21953014098": [["554736906", 52.91836, 9.2196099], ["554736906", 52.9182099, 9.21957], ["554736906", 52.9182099, 9.21957], ["554736906", 52.91836, 9.2196099]], "52.9180893861,9.21951899305": [["554736906", 52.9180099, 9.2195], ["79689257", 52.9180099, 9.2195], ["79688871", 52.9180099, 9.2195]], "52.9181962553,9.21955252066": [["554736906", 52.9182099, 9.21957], ["554736906", 52.9182099, 9.21957]], "52.9180508293,9.21941245906": [["79688871", 52.9180099, 9.2195], ["554736906", 52.9180099, 9.2195], ["79689257", 52.9180099, 9.2195]], "52.9180311318,9.21942763031": [["79688871", 52.9180099, 9.2195], ["554736906", 52.9180099, 9.2195], ["79689257", 52.9180099, 9.2195]], "52.9182674177,9.21956073493": [["554736906", 52.91836, 9.2196099], ["554736906", 52.9182099, 9.21957], ["554736906", 52.9182099, 9.21957], ["554736906", 52.91836, 9.2196099]], "52.9182902165,9.21941472217": [], "52.9180679284,9.21970222145": [], "52.9181905556,9.21956492588": [["554736906", 52.9182099, 9.21957], ["554736906", 52.9182099, 9.21957]], "52.9181607999,9.21957481652": [["554736906", 52.9182099, 9.21957], ["554736906", 52.9182099, 9.21957]], "52.918376131,9.21964572743": [["554736906", 52.91836, 9.2196099], ["554736906", 52.91836, 9.2196099]], "52.9181368276,9.21966282651": [["554736906", 52.9182099, 9.21957], ["554736906", 52.9182099, 9.21957]], "52.9181453772,9.21967699192": [], "52.9180368315,9.21946182847": [["554736906", 52.9180099, 9.2195], ["79688871", 52.9180099, 9.2195], ["79689257", 52.9180099, 9.2195]], "52.9181935731,9.21939527616": [], "52.9181530885,9.21940952539": [], "52.9180851951,9.21952092089": [["554736906", 52.9180099, 9.2195], ["79689257", 52.9180099, 9.2195], ["79688871", 52.9180099, 9.2195]], "52.9182502348,9.2196310591": [["554736906", 52.9182099, 9.21957], ["554736906", 52.9182099, 9.21957]], "52.9183838423,9.21960306354": [["554736906", 52.91836, 9.2196099], ["554736906", 52.91836, 9.2196099]], "52.9180423636,9.21949963085": [["554736906", 52.9180099, 9.2195], ["79689257", 52.9180099, 9.2195], ["79688871", 52.9180099, 9.2195]], "52.9181099217,9.21967112459": [], "52.918043118,9.21970699914": [], "52.9180762265,9.2196874693": [], "52.9182648193,9.21951346099": [["554736906", 52.9182099, 9.21957], ["554736906", 52.91836, 9.2196099]], "52.9181887954,9.21936694533": [], "52.9180950858,9.21962468885": [], "52.9183025379,9.2195927538": [["554736906", 52.91836, 9.2196099], ["554736906", 52.9182099, 9.21957], ["554736906", 52.91836, 9.2196099], ["554736906", 52.9182099, 9.21957]], "52.9180539306,9.21971269883": [], "52.9182062298,9.21955654398": [["554736906", 52.9182099, 9.21957], ["554736906", 52.9182099, 9.21957]], "52.9180796631,9.21977472492": [], "52.9180674255,9.21957054175": [["79689257", 52.9180099, 9.2195], ["554736906", 52.9180099, 9.2195], ["79688871", 52.9180099, 9.2195]], "52.9181025457,9.2197931651": [], "52.9183472972,9.21958479099": [["554736906", 52.91836, 9.2196099]], "52.9183296952,9.21958856285": [["554736906", 52.91836, 9.2196099], ["554736906", 52.91836, 9.2196099]], "52.9180491529,9.21970666386": [], "52.9180320539,9.21946643852": [["79688871", 52.9180099, 9.2195], ["554736906", 52.9180099, 9.2195], ["79689257", 52.9180099, 9.2195]], "52.918214947,9.21933232807": [], "52.9180303775,9.21944548376": [["79688871", 52.9180099, 9.2195], ["554736906", 52.9180099, 9.2195], ["79689257", 52.9180099, 9.2195]], "52.9182189703,9.21964715235": [["554736906", 52.9182099, 9.21957], ["554736906", 52.9182099, 9.21957]]}}