{"514440": {"51.7186744977,8.7568706274": [], "51.7188585643,8.75679527409": [], "51.7187125515,8.75684103929": [], "51.7188392859,8.75669427216": [], "51.7189014796,8.75668773428": [], "51.7187730689,8.7568261195": [], "51.7188925948,8.75668136403": [], "51.7187731527,8.75682502985": [], "51.7187047563,8.75678102486": [], "51.718668798,8.75679208897": [], "51.7187840492,8.75678085722": [], "51.7187541258,8.75676526688": [], "51.7188019864,8.75679175369": [], "51.7187796906,8.75675755553": []}, "508589": {"51.468621036,8.84603865445": [], "51.4698811714,8.82872482762": [["762628908", 51.46988, 8.8286299]], "51.4693210926,8.82982243784": [], "51.4761037286,8.83436308242": [["74638150", 51.4761099, 8.83432]], "51.4684340358,8.84744388051": [], "51.4624005742,8.84957489558": [], "51.4752959646,8.8340137247": [["74638150", 51.4752899, 8.83403]], "51.4662123285,8.85237813927": [["74643957", 51.4661599, 8.8523999]], "51.4706278313,8.82776409388": [], "51.4722178783,8.82806584239": [], "51.4694473241,8.83249299601": [["762628907", 51.4693799, 8.83259]], "51.4691360202,8.83944033645": [], "51.4635152835,8.8486831449": [["74638491", 51.4635699, 8.84868]], "51.4620361291,8.85176885873": [["74638446", 51.46198, 8.8517399]], "51.4722413477,8.82693042979": [["762628908", 51.4722699, 8.82685]], "51.4740881324,8.83216643706": [["762628908", 51.4740799, 8.8321499]], "51.4746918809,8.8334579207": [["762628908", 51.47469, 8.83347]], "51.4768368937,8.83526631631": [["74643771", 51.4768299, 8.83519]], "51.4621851593,8.85098531842": [["75375888", 51.46214, 8.85098], ["74638446", 51.46214, 8.85098]], "51.4698821772,8.8337314222": [], "51.4623319265,8.85019054636": [["762629616", 51.4623, 8.8501399]], "51.4695687778,8.83562749252": [["762628904", 51.46957, 8.83564]], "51.4688642789,8.83013432845": [["762628908", 51.46891, 8.83006]], "51.4726578444,8.83161909878": [["762628908", 51.4726299, 8.83158]], "51.4630624931,8.84814284742": [], "51.4685382228,8.83048586547": [["762628907", 51.4685299, 8.83052]], "51.4687692281,8.84384142235": [], "51.4719427843,8.83080655709": [], "51.4658075664,8.85190682486": [["75422320", 51.46586, 8.85192]], "51.4686053619,8.82962747477": [], "51.4775142353,8.83562623523": [["74643771", 51.4775499, 8.83561], ["74643771", 51.47744, 8.8356]], "51.4693256188,8.83769639768": [], "51.4689078648,8.83193174377": [["762628907", 51.46891, 8.8320099]], "51.4624174219,8.84919502772": [["74638485", 51.46241, 8.8492]], "51.4714392833,8.829004867": [["762628908", 51.47143, 8.82908]], "51.464001853,8.84930952452": [["74638491", 51.46404, 8.8493199]], "51.4713149797,8.83000583388": [["762628908", 51.4713199, 8.8299199]], "51.4649207611,8.85053914972": [], "51.4673229307,8.85080938227": [["51559586", 51.46732, 8.8509]], "51.4666534681,8.85172795504": [["51559586", 51.46667, 8.85172]], "51.4783972688,8.83515014313": [["762628928", 51.4784699, 8.8351299]], "51.4624889195,8.84873326868": [["74638485", 51.4624599, 8.84881]], "51.4683900308,8.8296835497": [["762628908", 51.4683899, 8.8297499], ["762628908", 51.46838, 8.82964]], "51.468629837,8.83118357509": [], "51.4715693705,8.82712329738": [], "51.4627576433,8.84821476415": [], "51.4644652884,8.84992986917": [], "51.4689517859,8.84161652997": [], "51.4725733548,8.8274334278": [], "51.4653610624,8.85120903142": [["75422319", 51.46543, 8.8512499]], "51.468033297,8.84935503826": [], "51.4734657761,8.8316143211": [["762628908", 51.47344, 8.8315899]]}, "514439": {"51.7195255961,8.75888295472": [], "51.7163300794,8.75333849341": [], "51.7185892537,8.75677842647": [], "51.7159843259,8.7589775864": [], "51.7198407557,8.75956172124": [["51549140", 51.7198699, 8.7596299]], "51.7153794877,8.75524143688": [["587006228", 51.71541, 8.7552699]], "51.7186500225,8.76265355386": [], "51.7163169198,8.75332332216": [], "51.7168287188,8.76103333198": [], "51.7152465507,8.7532508187": [], "51.7178848386,8.76216991805": [["51549173", 51.71794, 8.76224]], "51.7185733281,8.7568116188": [], "51.7152569443,8.7521735765": [["51548978", 51.7152099, 8.75214], ["51550656", 51.7152099, 8.75214]], "51.7184079532,8.76259236597": [["51549173", 51.7184199, 8.7626]], "51.7187773436,8.76264181919": [["51549176", 51.7187899, 8.76267], ["51549254", 51.7187899, 8.76267]], "51.7163105495,8.75347201712": [["51550639", 51.71623, 8.75344], ["51549031", 51.71623, 8.75344], ["51549027", 51.71623, 8.75344]], "51.715560453,8.75319734216": [], "51.7159875948,8.75327185728": [["51550639", 51.7158899, 8.7532999], ["51550639", 51.71601, 8.7532699]], "51.7192572914,8.75836025923": [["51549109", 51.7192799, 8.7583199]], "51.7192404438,8.7625097204": [["51549254", 51.71923, 8.7625]], "51.7203701567,8.76125821844": [], "51.716168141,8.75327789225": [], "51.7163073644,8.75334058888": [["51549027", 51.71623, 8.75344], ["51550639", 51.71623, 8.75344], ["51549031", 51.71623, 8.75344]], "51.7163360305,8.75334586948": [], "51.7201764509,8.76050862484": [], "51.7163110524,8.7533318717": [], "51.7188536189,8.75820091926": [], "51.7198379897,8.762093978": [["51549149", 51.71981, 8.7620999]], "51.7186304927,8.75679904595": [], "51.7154694255,8.75208782963": [["51548991", 51.71555, 8.75201], ["51548992", 51.71555, 8.75201], ["51549028", 51.71555, 8.75201]], "51.7162694782,8.75332416035": [], "51.7203288339,8.76099091955": [["51549145", 51.7202899, 8.76097], ["51549155", 51.7202899, 8.76097], ["51549144", 51.7202899, 8.76097]], "51.715727672,8.75325383618": [], "51.7201627884,8.76097708941": [], "51.7185793631,8.75679804012": [], "51.7152665835,8.75389345922": [], "51.7159065418,8.75853217207": [], "51.7163734976,8.75334897079": [], "51.720331097,8.76103978604": [["51549145", 51.7202899, 8.76097], ["51549155", 51.7202899, 8.76097], ["51549144", 51.7202899, 8.76097]], "51.7202376388,8.76097172499": [["51549144", 51.7202899, 8.76097], ["51549145", 51.7202899, 8.76097], ["51549155", 51.7202899, 8.76097]], "51.7154950742,8.75592883676": [], "51.715520639,8.75234892592": [], "51.7163298279,8.75336028636": [["51549027", 51.71623, 8.75344], ["51550639", 51.71623, 8.75344], ["51549031", 51.71623, 8.75344]], "51.7187462468,8.75715703703": [["51549073", 51.7187799, 8.7571]], "51.7163166683,8.76041634008": [["51550148", 51.71633, 8.76041]], "51.7158283386,8.75810611993": [["61361696", 51.71581, 8.75817], ["778308837", 51.71581, 8.75817]], "51.7160439212,8.7593497429": [], "51.7187551316,8.75767998397": [], "51.7163583264,8.75339959748": [], "51.7156102415,8.75665672123": [], "51.7203689832,8.76167974435": [["51549156", 51.7204599, 8.7616399], ["51549155", 51.7204599, 8.7616399]], "51.718640551,8.76265933737": [], "51.7161508743,8.75994167291": [["51550147", 51.71617, 8.7599999], ["51549179", 51.71617, 8.7599999]], "51.7190061696,8.75843653455": [["76159999", 51.71894, 8.7584899]], "51.7163395509,8.75344083644": [], "51.7173367459,8.76158888452": [], "51.7163166683,8.75341644511": [["51550639", 51.71623, 8.75344], ["51549031", 51.71623, 8.75344], ["51549027", 51.71623, 8.75344]], "51.7152121849,8.75251614489": [], "51.7153076548,8.75453953631": [["587006228", 51.71532, 8.75456]], "51.7155271769,8.75275637023": [], "51.720330175,8.76103023067": [["51549145", 51.7202899, 8.76097], ["51549155", 51.7202899, 8.76097], ["51549144", 51.7202899, 8.76097]], "51.7157070525,8.75735409558": [["76160654", 51.7157999, 8.75732]]}, "508588": {"51.4966032654,8.85707711801": [], "51.4929154795,8.8515414577": [], "51.4921439253,8.84970598854": [], "51.4874026179,8.83916323073": [], "51.5121921804,8.85552269407": [], "51.5133790579,8.8631790597": [["74636933", 51.51342, 8.86319]], "51.5134378988,8.8635648787": [["74636912", 51.51348, 8.8635599]], "51.511716675,8.85799451731": [["75375627", 51.51177, 8.8579499]], "51.5120699722,8.86014522985": [["75375627", 51.51211, 8.86009]], "51.4905982185,8.84604535997": [], "51.5116429981,8.86914856732": [], "51.4936760534,8.85334733874": [], "51.5103936754,8.8682086207": [], "51.5073094703,8.86556069367": [], "51.4953991212,8.85630472563": [["762629622", 51.49536, 8.8562999]], "51.5125986189,8.86175723746": [], "51.5119444951,8.85912221856": [["75375627", 51.51201, 8.85915]], "51.508945534,8.86702274904": [["74643658", 51.50888, 8.86696]], "51.4865533635,8.83758408017": [], "51.4833979961,8.83424472995": [["762628926", 51.48341, 8.8342199]], "51.511877859,8.85680889711": [["74637032", 51.5119599, 8.85671]], "51.511896383,8.86862427928": [], "51.4898292627,8.84422137402": [], "51.5082191583,8.86637893505": [], "51.5026881918,8.86138709262": [], "51.513059875,8.86487429962": [], "51.4882630203,8.84076031856": [], "51.5014883224,8.8604317233": [["75375629", 51.50149, 8.8604]], "51.5122828726,8.86100554839": [], "51.5121746622,8.86785448529": [], "51.5132819954,8.86412738822": [], "51.4830133505,8.83377274498": [], "51.5096824709,8.86762532406": [], "51.5002732817,8.85960794985": [], "51.5061964374,8.86455352418": [], "51.4943277463,8.85502422228": [["762629624", 51.4943899, 8.8550599]], "51.4990694728,8.85875643231": [], "51.4846997894,8.83531576954": [], "51.5129669197,8.86241245084": [], "51.5038697887,8.86244765483": [], "51.4890608937,8.84240937419": [], "51.5110650659,8.86876006611": [], "51.5128727909,8.86557628401": [], "51.5126820188,8.86627642438": [["762626841", 51.51269, 8.86637]], "51.4839096274,8.8346338179": [], "51.5124919172,8.85427412577": [], "51.511531435,8.86913155206": [], "51.4978477266,8.85792276822": [], "51.5050404891,8.8635005895": [], "51.4913690183,8.84787177667": [], "51.4856620319,8.83622059599": [], "51.5124480799,8.86706566438": []}, "539452": {"53.2404864673,10.399618037": [], "53.2403017301,10.3998033609": [], "53.2402608264,10.4000537284": [["51693906", 53.24034, 10.40007], ["67980321", 53.24034, 10.4001299], ["759457956", 53.24036, 10.4000199], ["67980321", 53.24034, 10.40007]], "53.2413481269,10.4022228811": [], "53.2406708691,10.3987789247": [], "53.2416847441,10.4030894861": [], "53.2404065877,10.3997772932": [], "53.2405545283,10.3990054876": [], "53.2416291721,10.4027761705": [["51693825", 53.24165, 10.40283], ["51693858", 53.24165, 10.40283]], "53.240538938,10.3991149552": [], "53.2405300532,10.4009702895": [], "53.2405210845,10.3992797434": [], "53.2407610584,10.4014956672": [], "53.2404339965,10.4004449956": [], "53.240500465,10.4007728957": [], "53.2405872177,10.3988811839": [["51693886", 53.2406799, 10.3989399], ["51693887", 53.2406799, 10.3989399], ["67980325", 53.2406799, 10.3989399]], "53.2403111178,10.4001573287": [["67980321", 53.24037, 10.40024], ["67980321", 53.2403499, 10.4001899], ["67980321", 53.24034, 10.40007], ["67980321", 53.24034, 10.4001299]]}}