{"820655": {"53.2120030839,8.65626012906": [], "53.230277393,8.64126708359": [], "53.2000042219,8.68157708086": [], "53.2265861705,8.64324973896": [], "53.233611295,8.63971542567": [], "53.2167042419,8.65076847374": [], "53.2142018247,8.65349167027": [], "53.2032231241,8.67273048498": [], "53.2014692947,8.67738939822": [], "53.1868690252,8.70432623662": [], "53.2009309251,8.67889118381": [], "53.1881366204,8.70346927084": [], "53.1977953389,8.6879412923": [], "53.1941819843,8.69630056433": [["792450279", 53.19422, 8.6964]], "53.1919516437,8.69976731949": [], "53.219609661,8.64810847677": [], "53.1954436284,8.69376168586": [], "53.2005336229,8.68004377931": [], "53.2100292295,8.65911819041": [], "53.2038513478,8.67117002606": [], "53.2051596791,8.66816846654": [], "53.1903593335,8.70164142922": [], "53.2252734806,8.64404601976": [], "53.198358519,8.68634931743": [], "53.237184668,8.63832352683": [], "53.2383088488,8.63794793375": [], "53.2020163815,8.67588174529": [], "53.1989110541,8.68473077193": [], "53.1875236519,8.70390253142": [], "53.2290947903,8.64186052233": [], "53.2154247444,8.65209977143": [], "53.1887208391,8.70302234776": [], "53.2073857449,8.66356747225": [], "53.1994606555,8.68314977735": [], "53.234374132,8.63938802853": [], "53.1911658403,8.70074322447": [], "53.1927215215,8.69870533235": [], "53.2130742911,8.65487191826": [], "53.2326393295,8.64015262574": [], "53.2045004424,8.66964309476": [], "53.2091200445,8.66056817584": [], "53.1960288528,8.69244472124": [], "53.2182753459,8.64927515388": [], "53.2316077687,8.64062637091": [], "53.2362436317,8.63866542466": [], "53.1894800719,8.70242228732": [], "53.2025990915,8.67432748899": [], "53.2353089657,8.63901562057": [], "53.2236635685,8.64509551786": [], "53.220951939,8.64700734615": [], "53.1852528267,8.70536131784": [], "53.1934592966,8.69755432941": [], "53.2278592978,8.64252093248": [], "53.1861194316,8.70482772589": [], "53.2065684255,8.66513279267": [], "53.1972116232,8.68951214477": [["792450279", 53.1973099, 8.68945]], "53.2109884545,8.65769502707": [], "53.2223107293,8.64603278227": [], "53.1948443223,8.69502224028": [["792450279", 53.1949199, 8.6950399]], "53.2082398608,8.66204909049": [], "53.196620699,8.69102558121": [], "53.2058228552,8.66665427573": []}, "1121552": {"51.73991533,8.82527785376": [["51554400", 51.73991, 8.82518]], "51.7337501887,8.82926462218": [], "51.7401167471,8.82587213069": [], "51.7379728239,8.82819877937": [], "51.7401951179,8.82545001805": [], "51.740192268,8.82545253262": [], "51.7307163589,8.83005545475": [], "51.7401194293,8.82797774859": [], "51.7398171779,8.82469832897": [], "51.7244172748,8.83173569106": [], "51.7397115659,8.82277669385": [["587006509", 51.7396899, 8.82277]], "51.7401915975,8.82545337081": [], "51.7327503953,8.82949797437": [], "51.7296603229,8.83033323102": [], "51.7396280821,8.82802736945": [], "51.7406054959,8.82749704644": [["51553711", 51.7405499, 8.8274199]], "51.7405159771,8.82792796008": [], "51.7396284174,8.822306972": [["51553699", 51.7395899, 8.8223699], ["51553691", 51.7395899, 8.8223699], ["587006509", 51.7395899, 8.8223699]], "51.7384713795,8.82815318182": [["51553714", 51.7385099, 8.8281799]], "51.7398627754,8.82473772392": [], "51.7396284174,8.82254912518": [["587006509", 51.7396299, 8.8225299]], "51.7389905546,8.82810096256": [], "51.7275107838,8.83090361953": [], "51.7396676447,8.82239833474": [["51553699", 51.7395899, 8.8223699], ["587006509", 51.7395899, 8.8223699], ["51553691", 51.7395899, 8.8223699]], "51.7401943635,8.82545152679": [], "51.7398123164,8.82417412475": [["587006510", 51.73978, 8.8241999]], "51.740623517,8.82786911912": [["51553711", 51.74066, 8.82793], ["51553716", 51.74066, 8.82793], ["51553898", 51.74066, 8.82793]], "51.7405166477,8.82792863064": [], "51.7254459858,8.8314601779": [], "51.7374445964,8.82827346213": [["51553726", 51.73738, 8.8283099]], "51.7399640288,8.82532923482": [["51554400", 51.73997, 8.82541]], "51.7233915813,8.8320142217": [], "51.7285780516,8.83061612025": [], "51.7349859327,8.82892222144": [], "51.7367925681,8.82837806828": [], "51.7404739838,8.82697829045": [], "51.740589235,8.8279139623": [["51553716", 51.74066, 8.82793], ["51553898", 51.74066, 8.82793], ["51553711", 51.74066, 8.82793]], "51.7397625279,8.82400078699": [], "51.7317419685,8.8297698833": [], "51.726473188,8.83118784986": [], "51.7401997279,8.82544431835": [], "51.7397872545,8.82349267602": [], "51.7401196808,8.82539788261": [], "51.7359456606,8.82854562253": [], "51.739725899,8.82320886478": [["587006510", 51.73975, 8.82321]], "51.7402875703,8.8264425192": [["51553711", 51.7402899, 8.8265299]], "51.7404449824,8.82794279605": []}}