{"622986": {"53.0242005922,8.80331844091": [], "53.0242017657,8.80328122526": [], "53.0241978262,8.80327384919": [], "53.0196567625,8.79995729774": [], "53.0242012627,8.80329145119": [], "53.023812091,8.80295181647": [], "53.0241999216,8.80328256637": [], "53.0229372717,8.80234915763": [["792806331", 53.0229405, 8.8023533]], "53.020379534,8.80039298907": [], "53.0241978262,8.80328642204": [], "53.0241907854,8.80094854161": [], "53.0241994187,8.8032747712": [], "53.0219759513,8.80157014355": [["51867052", 53.022008, 8.8016073]], "53.0244303402,8.80336118862": [["51867043", 53.0244599, 8.8033199]], "53.0244940426,8.80160878412": [], "53.0241986644,8.80325574428": [], "53.0214217398,8.80114031956": [["51867052", 53.02133, 8.80108]], "53.0241860915,8.80327795632": [], "53.021057127,8.80089129321": [["51867052", 53.02107, 8.80088]], "53.0241994187,8.8032518886": [], "53.0245845672,8.80268912762": [], "53.0241996702,8.80327502266": [], "53.0234193988,8.80270614289": [["792806330", 53.0233799, 8.80271]], "53.0241139233,8.80320075899": [], "53.0216342211,8.80129798315": [["51867052", 53.0216495, 8.8013285]], "53.0241924617,8.80327602848": [], "53.0224304181,8.8019332476": [["792806331", 53.0224554, 8.8019634]], "53.0241996702,8.80325742066": [], "53.0241999216,8.80328122526": []}, "622987": {"52.9994484968,8.79017268308": [["765975385", 52.99947, 8.79021]], "52.9756587278,8.79151202738": [], "52.9787497222,8.78959148191": [], "52.9771788698,8.79056839272": [], "52.9819764197,8.78762575798": [["765958278", 52.98191, 8.78762]], "53.0011545494,8.79489395767": [["554735882", 53.0011499, 8.79488]], "52.9916262534,8.78700641915": [["51865622", 52.9916299, 8.78697]], "52.9853595234,8.78700139001": [], "52.985777529,8.78700197674": [["51865610", 52.9857899, 8.7869499], ["51865609", 52.9857899, 8.7869499], ["792651238", 52.9857899, 8.7869499]], "52.9949716385,8.78696601838": [], "52.9726583418,8.79333416931": [], "52.9882352706,8.78699636087": [["554736674", 52.9883, 8.78696], ["765958290", 52.9883, 8.78696]], "52.9943601787,8.78696057014": [["765958259", 52.99437, 8.78697], ["765958292", 52.99437, 8.78697]], "52.9998628981,8.79184152": [["765975393", 52.9998399, 8.7917699]], "52.9912191443,8.78702452406": [], "52.9741249233,8.79245272838": [], "52.9976710305,8.78753816709": [], "53.0005186982,8.79368134774": [["586498766", 53.00054, 8.7937]], "52.9910717905,8.78704044968": [], "52.9709011596,8.79426891915": [["765958268", 52.97083, 8.7943299]], "52.9888295475,8.78700482659": [], "52.9906422179,8.78701488487": [], "53.0038818531,8.79770055413": [], "53.0047274195,8.79809567705": [["765975375", 53.00475, 8.7980699]], "52.9733600747,8.79291012883": [], "52.9956329707,8.7869674433": [], "52.9764021188,8.79104557447": [], "52.9749120679,8.79197252914": [], "52.9858064465,8.78699552268": [["51865610", 52.9857899, 8.7869499], ["792651238", 52.9857899, 8.7869499], ["51865609", 52.9857899, 8.7869499]], "52.9963067919,8.78695596009": [["765958260", 52.9962899, 8.7869799], ["765958261", 52.9962899, 8.7869799]], "52.9969810322,8.78702913411": [["51865660", 52.997, 8.78706]], "53.0019292887,8.79597488791": [["554735882", 53.0019, 8.79596]], "52.9871155322,8.78698303364": [], "52.9705004208,8.79453068599": [], "52.992108129,8.78701446578": [], "52.9713534471,8.79407194443": [], "52.9910799209,8.78704145551": [], "52.99095897,8.78702779301": [["51865622", 52.99086, 8.78696], ["765958276", 52.99086, 8.78696]], "52.985766381,8.78701119684": [["51865609", 52.9857899, 8.7869499], ["792651238", 52.9857899, 8.7869499], ["51865610", 52.9857899, 8.7869499]], "52.9719938245,8.79370808601": [], "52.9779602308,8.7900904566": [], "52.9846604727,8.78698512912": [], "52.9894533288,8.78701429814": [["554736674", 52.9894299, 8.78696], ["765958264", 52.9894299, 8.78696]], "52.9860865697,8.78699753433": [["51865609", 52.98601, 8.7869499]], "52.9927525297,8.78700197674": [["765958274", 52.9928099, 8.78697], ["765958291", 52.9928099, 8.78697]], "52.9795220308,8.78911731765": [], "52.9811231419,8.78814627416": [["51865616", 52.9811299, 8.7880999]], "52.9828490596,8.78717657179": [["765958278", 52.98291, 8.7871099]], "52.9857435822,8.78704061732": [["51865609", 52.9857899, 8.7869499], ["792651238", 52.9857899, 8.7869499], ["51865610", 52.9857899, 8.7869499]], "52.9707072861,8.794370424": [], "52.9991616681,8.78882344812": [["51865662", 52.99913, 8.78886]], "52.9707056936,8.79438333213": [], "52.9803105164,8.78863452002": [["765958288", 52.98035, 8.7885899]], "52.9865466524,8.78699049354": [], "52.9900855757,8.78700952046": [["51865618", 52.99011, 8.78696], ["765958265", 52.99011, 8.78696], ["51865665", 52.99011, 8.78696]], "52.9876812268,8.78698403947": [], "53.0028387252,8.79698976874": [["765975365", 53.0028199, 8.79691]], "52.9837805405,8.78701723181": [["765958278", 52.98374, 8.7869499]], "52.9985580873,8.78817913122": [], "52.9935415182,8.78699133173": [], "52.9857565742,8.78701052628": [["51865609", 52.9857899, 8.7869499], ["792651238", 52.9857899, 8.7869499], ["51865610", 52.9857899, 8.7869499]], "52.985691363,8.78701329231": [["51865609", 52.9857899, 8.7869499]]}, "622988": {"52.9621901829,8.79990591668": [], "52.9616838321,8.80048904568": [["765948618", 52.96171, 8.80043]], "52.962585222,8.79949713126": [], "52.9627478309,8.79933712073": [], "52.9627187457,8.79936276935": []}}