{"582820": {"51.3961064257,9.66939082369": [], "51.4027920831,9.7090350464": [["572217087", 51.4028399, 9.70912]], "51.4067204297,9.74332734011": [], "51.4072429575,9.74089901894": [["792538570", 51.4071799, 9.74089]], "51.3917966187,9.6646149829": [], "51.3979070261,9.67373063788": [], "51.3987171371,9.68131877482": [], "51.3984338287,9.68363226391": [], "51.400437858,9.70345588401": [], "51.3970464561,9.69227895141": [], "51.4003699645,9.75973105989": [], "51.3979337644,9.69844342209": [["554710030", 51.39797, 9.69842]], "51.406315919,9.71790318377": [], "51.4019233827,9.75613648072": [], "51.4043806214,9.71312591806": [], "51.3984662667,9.67615954578": [["540633153", 51.3985399, 9.67619]], "51.4018902741,9.70690017566": [], "51.4014121704,9.75731288083": [], "51.4077010285,9.72364068031": [], "51.4024268836,9.75496829487": [], "51.405139938,9.74858773872": [], "51.404045932,9.75124832243": [], "51.4073207416,9.72155936994": [], "51.4029539376,9.7537713591": [], "51.3997630309,9.702307228": [], "51.4074802492,9.74026132375": [], "51.4034881163,9.75254022516": [], "51.4046148956,9.74990461953": [], "51.3971263357,9.67148671858": [], "51.4082646277,9.7362819314": [], "51.4080771245,9.72648994066": [], "51.3971128408,9.69072259963": [], "51.3992483821,9.76233473048": [], "51.3984598964,9.69986884855": [["554710030", 51.3985, 9.69989]], "51.3979971316,9.68563327566": [], "51.3948508166,9.66748662293": [], "51.4070805162,9.74160016514": [["792538570", 51.4070399, 9.7416899]], "51.4056265913,9.74723942578": [], "51.4074995276,9.7403747309": [], "51.3974605221,9.69668615609": [], "51.3970883656,9.69379423186": [], "51.4082128275,9.72917164676": [["79669487", 51.40827, 9.7292499], ["79669487", 51.40827, 9.7292499]], "51.4073960949,9.74052342586": [], "51.4068809431,9.71962683834": [], "51.3972900342,9.68909625895": [], "51.4008882176,9.7585238982": [], "51.4060536493,9.74588792771": [], "51.3901510835,9.66358736157": [], "51.4064480178,9.74446778186": [], "51.4084411506,9.73386752419": [], "51.4035155252,9.71092483029": [], "51.3972253259,9.69526785426": [], "51.3934053574,9.66586925089": [["554744606", 51.39334, 9.6657999]], "51.3975861669,9.68742515892": [], "51.4078782219,9.72491322085": [], "51.3998334389,9.76097652689": [], "51.3987368345,9.67875273898": [["540633153", 51.3988099, 9.6787999]], "51.4011565223,9.70501164906": [], "51.4084869996,9.7323049698": [], "51.3990759663,9.7011475917": [], "51.3986590505,9.76370383054": [], "51.4053161256,9.71541577019": []}, "672407": {"51.1296963505,9.54091032967": [["567337576", 51.1297099, 9.5408999], ["78655133", 51.1297099, 9.5408999], ["78655175", 51.1297099, 9.5408999]], "51.1307294201,9.54502777196": [], "51.129706325,9.54095643014": [["78655133", 51.1297099, 9.5408999], ["78655175", 51.1297099, 9.5408999], ["567337576", 51.1297099, 9.5408999]], "51.1300350633,9.5430905465": [["62085670", 51.1300399, 9.5431599]], "51.1305016838,9.53012399375": [["550096603", 51.13052, 9.5301999]], "51.1296800897,9.54093975015": [["567337576", 51.1297099, 9.5408999], ["78655133", 51.1297099, 9.5408999], ["78655175", 51.1297099, 9.5408999]], "51.1336676963,9.54603418708": [["78655091", 51.1337499, 9.54613]], "51.1305091437,9.54450222664": [], "51.1319343187,9.54845697619": [], "51.1329451762,9.54889727756": [], "51.1293116212,9.53948808834": [], "51.1298829317,9.54222436063": [["78682085", 51.1299099, 9.54232]], "51.130024083,9.53493596055": [["78655131", 51.13011, 9.53485]], "51.1338654254,9.54294252209": [], "51.1291077733,9.53761163168": [["62085723", 51.1291, 9.53771]], "51.1296734679,9.5409386605": [["567337576", 51.1297099, 9.5408999], ["78655133", 51.1297099, 9.5408999], ["78655175", 51.1297099, 9.5408999]], "51.1328779534,9.54471797682": [], "51.1309705675,9.5454890281": [], "51.1326033622,9.54517847858": [["62085594", 51.1326599, 9.54518]], "51.1291160714,9.53861092217": [["62085723", 51.12914, 9.5386999]], "51.1296800897,9.54093949869": [["567337576", 51.1297099, 9.5408999], ["78655133", 51.1297099, 9.5408999], ["78655175", 51.1297099, 9.5408999]], "51.1343313754,9.54368826002": [], "51.1314455699,9.5491850283": [], "51.1342306249,9.5451891236": [], "51.1334965378,9.5435234718": [], "51.1341811717,9.54306724481": [], "51.1295503378,9.53570298851": [["78655131", 51.1295399, 9.53573]], "51.1316343304,9.54604516737": [["62087334", 51.1316399, 9.54614]], "51.1311466713,9.54599982128": [], "51.1305301823,9.53420313075": [["550096599", 51.13051, 9.5342699]], "51.1343789846,9.54459493048": [["62085591", 51.13439, 9.54459]], "51.1296880525,9.54092734493": [["567337576", 51.1297099, 9.5408999], ["78655133", 51.1297099, 9.5408999], ["78655175", 51.1297099, 9.5408999]], "51.132297758,9.54949264415": [], "51.1313935183,9.54964343458": [["762625956", 51.13143, 9.5496299]], "51.1297032237,9.54089172184": [["78655175", 51.1297099, 9.5408999], ["78655133", 51.1297099, 9.5408999], ["567337576", 51.1297099, 9.5408999]], "51.1296796706,9.54093949869": [["567337576", 51.1297099, 9.5408999], ["78655133", 51.1297099, 9.5408999], ["78655175", 51.1297099, 9.5408999]], "51.1297691893,9.54144853167": [], "51.130749369,9.53097961843": [["550096598", 51.13077, 9.5310499], ["550096598", 51.13071, 9.5309499]], "51.1313187517,9.54641263001": [], "51.1295328196,9.54029182903": [["78655175", 51.12957, 9.54023]], "51.1331863236,9.54416334629": [], "51.1296778265,9.54093924724": [["567337576", 51.1297099, 9.5408999], ["78655133", 51.1297099, 9.5408999], ["78655175", 51.1297099, 9.5408999]], "51.1300473846,9.52810881659": [], "51.130110668,9.52594175935": [["550096581", 51.1301299, 9.5259699]], "51.132276468,9.54560117796": [], "51.1309181806,9.53300644644": [["762738500", 51.13093, 9.533]], "51.1315485835,9.54985792749": [["762625956", 51.13156, 9.54985], ["762625956", 51.13147, 9.5497699], ["762625956", 51.13163, 9.54984]], "51.1318363342,9.54956548288": [["762625957", 51.1318399, 9.54955]], "51.1292314902,9.53662692569": [], "51.1299728695,9.52698027715": [["762738498", 51.1300099, 9.5270099]], "51.1302636378,9.54385413788": [["62085682", 51.1302399, 9.5439499]], "51.1297016311,9.54089825973": [["567337576", 51.1297099, 9.5408999], ["78655175", 51.1297099, 9.5408999], ["78655133", 51.1297099, 9.5408999]], "51.1309409793,9.53189324588": [["762738501", 51.1309499, 9.53185]], "51.1330000777,9.54688847065": [], "51.1312472541,9.54636141658": [], "51.1302675772,9.52910433523": [], "51.1319918185,9.5458642859": [], "51.1296796706,9.54093933105": [["567337576", 51.1297099, 9.5408999], ["78655133", 51.1297099, 9.5408999], ["78655175", 51.1297099, 9.5408999]], "51.1296665948,9.54084821977": [["78655133", 51.1297099, 9.5408999], ["567337576", 51.1297099, 9.5408999]], "51.1325828265,9.54757779837": []}, "582821": {"51.3970595319,9.78590095416": [], "51.4033378288,9.80554654263": [], "51.395958988,9.78258976713": [["51969814", 51.39594, 9.78254]], "51.4001485985,9.79512624443": [], "51.4063132368,9.81515564024": [["722963268", 51.4063168, 9.8152089]], "51.3979609217,9.78851309046": [], "51.3966322225,9.78467568755": [["727454254", 51.396602, 9.7846412]], "51.4078681637,9.82009685598": [], "51.4084280748,9.82164264657": [], "51.4023793582,9.80240793899": [], "51.3997289166,9.79386066087": [], "51.3975131605,9.78720777668": [], "51.399290124,9.79252659716": [], "51.4028467331,9.80397258885": [], "51.4109909255,9.8270207271": [["733381918", 51.4109199, 9.82698]], "51.4090266265,9.82309162617": [], "51.4123210497,9.82952926308": [], "51.3988301251,9.79112464003": [["727454254", 51.39883, 9.7911299]], "51.3956117257,9.78112343699": [], "51.4068199228,9.81678994372": [], "51.4096697699,9.82446952723": [], "51.3962442242,9.78354362771": [], "51.3983616605,9.78971069679": [], "51.4103283361,9.82575723901": [], "51.4048519358,9.8104469385": [], "51.4116592985,9.82827482745": [], "51.4053514972,9.81205383316": [], "51.4019231312,9.80085502379": [], "51.4038377255,9.80715494603": [], "51.4005539473,9.79637841694": [], "51.4058288466,9.81358663179": [], "51.407341864,9.81845953502": [["722963268", 51.4073099, 9.81842]], "51.4014673233,9.79933882132": [["727454257", 51.40149, 9.79939]], "51.4043447468,9.80879612267": [], "51.4009595476,9.79768389836": []}, "567703": {"53.3021808788,9.94629856199": [["51691650", 53.30223, 9.94623]], "53.3019045275,9.94541963562": [], "53.3020713273,9.94596043602": [], "53.3018234745,9.94517706335": [], "53.3022239618,9.94655898772": [], "53.3017020207,9.94477992877": [], "53.3019928727,9.94569581933": []}}