{"622769": {"52.4140617438,9.76259389892": [], "52.4140318204,9.76269129664": [], "52.41399033,9.76271468215": [], "52.4140579719,9.76261937991": [], "52.4142521806,9.76265273988": [], "52.4137695506,9.76283638738": [["586508017", 52.41374, 9.7627999], ["586508018", 52.41374, 9.7627999]], "52.4140640907,9.76259448566": [], "52.4140151404,9.76269397885": [], "52.4135867413,9.76282532327": [], "52.4140616599,9.76256011985": [], "52.4139385298,9.76276229136": [], "52.4140311498,9.76269724779": [], "52.4140703771,9.76257202215": [], "52.4139683694,9.76274695247": [], "52.414055625,9.76258493029": [], "52.4133542273,9.76280663162": [], "52.4140608218,9.76264368743": [], "52.4140432198,9.76265542209": [], "52.4140453991,9.76263832301": [], "52.4146399274,9.7626858484": [], "52.4140526913,9.76258912124": [], "52.4137318321,9.76284854114": [["586508018", 52.41374, 9.7627999], ["586508017", 52.41374, 9.7627999]], "52.4140799325,9.76256204769": [], "52.4140575528,9.76261443458": [], "52.4137164932,9.76284954697": [["586508018", 52.41374, 9.7627999], ["586508017", 52.41374, 9.7627999]], "52.4140573852,9.76259968244": [], "52.4140577205,9.76261829026": []}, "586661": {"51.8944165204,11.0410256591": [], "51.8934522662,11.0397795215": [["704179441", 51.8935399, 11.0397199]], "51.8933776673,11.0397681221": [], "51.8951337598,11.0496064648": [], "51.8951365259,11.0496087279": [], "51.8946818914,11.0459351912": [["541142608", 51.89474, 11.0459899]], "51.8951550499,11.0496163554": [["541142604", 51.89513, 11.04971], ["541248280", 51.89513, 11.04971], ["541248281", 51.89513, 11.04971]], "51.8943106569,11.0403334815": [], "51.8947866652,11.0423093475": [["541267401", 51.89474, 11.04236]], "51.893451931,11.0397766717": [["704179441", 51.8935399, 11.0397199]], "51.8953739852,11.0497973207": [["541248281", 51.89534, 11.04988]], "51.8982346449,11.0505080223": [], "51.8951423932,11.0496196244": [["541142604", 51.89513, 11.04971], ["541248280", 51.89513, 11.04971], ["541248281", 51.89513, 11.04971]], "51.8944410793,11.0436979774": [], "51.8934518471,11.0397765879": [["704179441", 51.8935399, 11.0397199]], "51.89372099,11.0398732312": [["704179437", 51.89363, 11.03993], ["704179441", 51.89363, 11.03993]], "51.8951537926,11.0496165231": [["541142604", 51.89513, 11.04971], ["541248280", 51.89513, 11.04971], ["541248281", 51.89513, 11.04971]], "51.898257276,11.0505267978": [], "51.8982662447,11.050528558": [], "51.895128144,11.0496209655": [["541142604", 51.89513, 11.04971], ["541248281", 51.89513, 11.04971], ["541248280", 51.89513, 11.04971]], "51.8934499193,11.0397771746": [["704179441", 51.8935399, 11.0397199]], "51.8934478238,11.039777929": [["704179441", 51.8935399, 11.0397199]], "51.8982460443,11.0505277198": [], "51.8982984312,11.0505784303": [], "51.8946272414,11.045142347": [], "51.894496819,11.0443644226": [], "51.8947231304,11.0466422886": [], "51.8934411183,11.0397798568": [["704179441", 51.8935399, 11.0397199]], "51.897342056,11.0503227822": [], "51.8981800787,11.0505377781": [["541141837", 51.89812, 11.0506], ["541141837", 51.89812, 11.0506]], "51.893451931,11.0397792701": [["704179441", 51.8935399, 11.0397199]], "51.8977518473,11.0501539707": [], "51.8982875347,11.0504533723": [], "51.8945343699,11.041694954": [["541267401", 51.8945599, 11.0417499]], "51.8951499369,11.0496220551": [["541142604", 51.89513, 11.04971], ["541248280", 51.89513, 11.04971], ["541248281", 51.89513, 11.04971]], "51.893451931,11.039777426": [["704179441", 51.8935399, 11.0397199]], "51.8951556366,11.0496156849": [["541142604", 51.89513, 11.04971], ["541248280", 51.89513, 11.04971], ["541248281", 51.89513, 11.04971]], "51.8945666403,11.043067826": [], "51.8982922286,11.0505036637": [], "51.8934510928,11.0397767555": [["704179441", 51.8935399, 11.0397199]], "51.8934517633,11.0397785995": [["704179441", 51.8935399, 11.0397199]], "51.8982487265,11.0505284742": [], "51.8940269295,11.0399883986": [], "51.8968405668,11.0505324975": [["541141823", 51.89691, 11.05057]], "51.8982803263,11.0505315755": [], "51.8981931545,11.0505251214": [["541141837", 51.89812, 11.0506], ["541141837", 51.89812, 11.0506]], "51.8963052984,11.0506452341": [["541253332", 51.8963699, 11.0507399], ["541253331", 51.8962399, 11.0507099], ["541253332", 51.8963699, 11.0507399]], "51.8982242513,11.0505111236": [], "51.8980717845,11.0502225347": [], "51.8982967548,11.0505273845": [], "51.8951706402,11.0495973285": [], "51.8934405316,11.0397852212": [["704179441", 51.8935399, 11.0397199]], "51.8951587379,11.0496102367": [["541142604", 51.89513, 11.04971], ["541248280", 51.89513, 11.04971], ["541248281", 51.89513, 11.04971]], "51.8947829772,11.048029745": [["541142888", 51.89481, 11.04803], ["541142603", 51.89481, 11.04803]], "51.8957514223,11.0502925236": [["541253331", 51.89572, 11.05034]], "51.898230873,11.0505087767": [], "51.893451428,11.0398023203": [["704179441", 51.8935399, 11.0397199]], "51.8948858231,11.0487885587": [], "51.8947619386,11.0473315325": [["541142606", 51.89478, 11.0472999]], "51.8982405961,11.050513722": [], "51.894976683,11.0493829194": [], "51.893444052,11.0397927649": [["704179441", 51.8935399, 11.0397199]]}, "575211": {"52.2662934847,10.5171571299": [], "52.2661120165,10.5197453778": [], "52.2659787443,10.5178183783": [], "52.2656449769,10.5199770536": [["51811530", 52.26563, 10.51989]], "52.267761156,10.5241594557": [], "52.2680390999,10.5284849368": [["51811366", 52.26802, 10.52849]], "52.2684444487,10.5283553526": [], "52.2658831906,10.5181549955": [], "52.2657184862,10.5197441205": [["51808657", 52.2656399, 10.51973]], "52.26837622,10.5266299378": [], "52.2661745455,10.5199667439": [["554747238", 52.2662099, 10.5199999]], "52.2662375774,10.5197711941": [], "52.2665813193,10.5228903517": [], "52.2687924653,10.5279310606": [], "52.2677967791,10.5242648162": [], "52.2688411642,10.5279335752": [], "52.2662228253,10.5197228305": [], "52.2677695379,10.5242465436": [], "52.2658429574,10.5202099867": [], "52.2657080926,10.5201540794": [], "52.2678242717,10.5240876228": [], "52.2688675672,10.5280001275": [], "52.2662071511,10.517343292": [], "52.2680448834,10.52531817": [], "52.2662060615,10.5197417736": [], "52.2665344644,10.519733727": [["51808643", 52.26661, 10.5196699]], "52.2664946504,10.5170934275": [], "52.2678349167,10.5241579469": [], "52.2685187962,10.5271307565": [], "52.2664319538,10.5181938875": [], "52.267100662,10.5243604537": [], "52.2660131939,10.5201284308": [], "52.2664670739,10.5173936673": [], "52.2663973365,10.5218565278": [], "52.2662316263,10.5198348965": [], "52.2685719375,10.5282769818": [], "52.2657834459,10.5191861372": [], "52.2658430412,10.5184716638": [], "52.2682195622,10.5261021294": [], "52.2663379926,10.5211663619": [], "52.2690203693,10.5278463196": [], "52.2664837539,10.5170815252": [], "52.2689597681,10.5278622452": [], "52.2688869294,10.52792578": [], "52.2677219287,10.5241174623": [], "52.2661594581,10.51981478": [], "52.2678052448,10.5240771454": [], "52.2661452927,10.5200624652": [["554747238", 52.2662099, 10.5199999]], "52.2679243516,10.5248270743": [], "52.2664438561,10.5170768313": [], "52.2686715983,10.5277338345": [], "52.2664580215,10.5223927181": [], "52.2656271234,10.5200809892": [], "52.2660994437,10.5197852757": [], "52.2660964262,10.519777732": [], "52.2688373923,10.5278968625": [], "52.267719917,10.5241485592": [], "52.2676697932,10.5242513213": [], "52.2666950617,10.5234629195": [], "52.2663795669,10.5206231307": [], "52.267755121,10.5241142772": [], "52.2688206285,10.5280952621": [["51811363", 52.26874, 10.52806]]}, "586660": {"51.8862743396,11.032300517": [], "51.8871725444,11.034590872": [], "51.8875131849,11.0354404617": [], "51.8860715814,11.031793328": [], "51.8865054287,11.032884568": [["53371424", 51.88644, 11.03281]], "51.8860591762,11.0317651648": [], "51.8861304224,11.0319366585": [["53371424", 51.88611, 11.0319399]], "51.8878855929,11.036356017": [], "51.8868339993,11.033716388": []}}