{"648796": {"53.3712330926,9.81057962403": [], "53.3655431215,9.73580801859": [["80717808", 53.36549, 9.73574]], "53.3711959608,9.80973112397": [], "53.369898526,9.76574004628": [], "53.3700647391,9.77065544575": [], "53.3672091924,9.74176495336": [], "53.3711821306,9.80890332721": [], "53.3701591194,9.77363361977": [], "53.3661694173,9.73805579357": [["67943666", 53.3661699, 9.73803]], "53.3691853937,9.75089427084": [], "53.3701916412,9.77657055482": [], "53.3701283578,9.77252025157": [], "53.369376082,9.75265086628": [], "53.37081098,9.79757887311": [], "53.3697801735,9.7627047915": [["732524004", 53.3697699, 9.76268]], "53.3702078182,9.77569187991": [], "53.3699591272,9.76713982411": [], "53.3710045181,9.80340052396": [], "53.3709370438,9.80093272403": [], "53.3704679925,9.78499772027": [], "53.3707289211,9.79509372264": [], "53.3702935651,9.77948946878": [], "53.368620621,9.74732483737": [], "53.3710433263,9.80455957353": [], "53.3707501274,9.79587122798": [], "53.3702291921,9.77834525518": [], "53.3709089644,9.79995287955": [], "53.3666833956,9.73991632462": [], "53.37052566,9.78704231791": [], "53.3707770333,9.79661612771": [["786735225", 53.37072, 9.79669]], "53.3709718287,9.80225262232": [], "53.3707188629,9.79409929365": [], "53.3705634624,9.78807915933": [], "53.3650181629,9.73391303793": [], "53.3700356539,9.76980334148": [], "53.3689450845,9.74912619218": [], "53.3708706591,9.79878678918": [], "53.3706736844,9.79172922671": [["792478987", 53.37071, 9.7917099]], "53.3706142567,9.79051133618": [], "53.3704344649,9.78290786035": [], "53.3703351393,9.78066092357": [], "53.3677243441,9.74363386631": [], "53.3696120325,9.7576064989": [], "53.3711534645,9.80793387629": [], "53.3700035512,9.7686843574": [], "53.369664168,9.75931799971": [], "53.3703720197,9.78182852268": [], "53.3695593942,9.7559562698": [], "53.3704786375,9.78609574959": [], "53.3705754485,9.78922605515": [], "53.3704480436,9.78401754051": [], "53.3706834912,9.79298005812": [], "53.3711272292,9.80711244978": [], "53.3711179253,9.80646897107": [], "53.3701851871,9.77473558858": [], "53.3698474802,9.7643153742": [], "53.3710813802,9.80560387485": [], "53.3694936801,9.75433923304": [], "53.3700974286,9.77153772488": [], "53.3701900486,9.77737563662": [], "53.3697229251,9.76101659238": [], "53.3682214748,9.74552306347": []}, "648795": {"53.3736638445,9.856454283": [], "53.3725633845,9.85466608778": [], "53.3749260753,9.85866718926": [["772716853", 53.37495, 9.8586099]], "53.3718954306,9.83238405548": [], "53.3720138669,9.84829282388": [], "53.3719375916,9.83368526213": [], "53.3771721739,9.86277733929": [["572247694", 53.37721, 9.8627099], ["783451933", 53.37721, 9.8627099]], "53.3779686224,9.86426093616": [], "53.3717841189,9.82984283008": [], "53.3717413712,9.82850616798": [], "53.3722308744,9.84156358056": [], "53.3721270226,9.83900123276": [], "53.3716368489,9.82581599616": [], "53.3720370848,9.83655782416": [], "53.3730796259,9.85549623147": [], "53.375639962,9.85994894989": [], "53.3718385175,9.83117362484": [], "53.371690996,9.82718442567": [], "53.3716223482,9.85107662156": [], "53.3722484764,9.8429638613": [["572247698", 53.37231, 9.8429499]], "53.3720605541,9.8536717426": [], "53.3717449754,9.84990533441": [], "53.3719918225,9.83528092504": [], "53.3789278474,9.86601912417": [], "53.3720887173,9.83776892535": [], "53.3764003683,9.86133372411": [], "53.371697953,9.85226115212": [], "53.3742855303,9.85751543194": [], "53.3722581994,9.84436539933": [], "53.3721826784,9.84023479745": [], "53.3722412679,9.84564858489": [], "53.3721786551,9.84692699276": [], "53.3715986274,9.82450146228": []}, "754505": {"53.0023960769,8.70422448032": [["586506603", 53.00249, 8.7041599], ["554738797", 53.00238, 8.70418]], "53.0072029307,8.69991987012": [["586506599", 53.0072599, 8.6998299]], "53.0055410508,8.70063551702": [], "53.0000703502,8.70472026989": [], "52.9970804416,8.70527397841": [], "52.9974945914,8.70566432364": [["67916945", 52.99749, 8.7056399], ["67916945", 52.9974099, 8.7055699]], "53.0051456764,8.70120322332": [], "53.0048594344,8.7018179521": [], "53.0039105192,8.70377764106": [], "53.0064799916,8.69997234084": [], "53.0046271719,8.70248238556": [], "52.9994099401,8.70484859683": [["51863711", 52.9995099, 8.70484]], "53.0059955176,8.70023938827": [["586506598", 53.00592, 8.70017]], "53.0031293258,8.70406664908": [], "52.9982455261,8.70521706529": [["67916946", 52.9982699, 8.70517], ["67916946", 52.9981699, 8.70522]], "52.9971715529,8.70546542108": [["67916945", 52.99714, 8.7054799]], "52.9976046458,8.70577404276": [["67916945", 52.99766, 8.7058699], ["51863553", 52.99766, 8.7058699], ["67916946", 52.99766, 8.7058699]], "52.9972618259,8.70498782024": [["51863547", 52.9972399, 8.7049499]], "52.9976043943,8.70578619651": [["67916945", 52.99766, 8.7058699], ["51863553", 52.99766, 8.7058699], ["67916946", 52.99766, 8.7058699]], "53.0044689216,8.70293207467": [], "52.9976218287,8.70577144437": [["67916945", 52.99766, 8.7058699], ["51863553", 52.99766, 8.7058699], ["67916946", 52.99766, 8.7058699]], "52.998781465,8.70501472615": [["67916946", 52.9988199, 8.70499]], "53.0007868353,8.70460627601": [], "52.9974325653,8.70482152328": [["51863547", 52.99749, 8.70477]], "52.997609172,8.70585962199": [["67916945", 52.99766, 8.7058699], ["67916946", 52.99766, 8.7058699], ["51863553", 52.99766, 8.7058699]], "53.0042492319,8.70333071798": [], "52.9976040591,8.70584302582": [["67916945", 52.99766, 8.7058699], ["67916946", 52.99766, 8.7058699], ["51863553", 52.99766, 8.7058699]], "53.0014888197,8.70445816778": [["586520185", 53.0014199, 8.7044]], "52.997620739,8.7058235798": [["67916945", 52.99766, 8.7058699], ["51863553", 52.99766, 8.7058699], ["67916946", 52.99766, 8.7058699]], "52.9976270255,8.70577102527": [["67916945", 52.99766, 8.7058699], ["51863553", 52.99766, 8.7058699], ["67916946", 52.99766, 8.7058699]], "53.0069260765,8.69987829588": [], "52.9978959169,8.70559416711": [], "52.9976134468,8.70584093034": [["67916945", 52.99766, 8.7058699], ["67916946", 52.99766, 8.7058699], ["51863553", 52.99766, 8.7058699]]}, "1120324": {"52.3001473211,10.171265658": [["67991486", 52.3000799, 10.17119]], "52.2998877335,10.1705978718": [], "52.2997398768,10.1700147428": []}}