{"699539": {"52.3745683953,9.7109460365": [["51916209", 52.37457, 9.71095], ["51916046", 52.37457, 9.71095], ["51916047", 52.37457, 9.71095], ["51916102", 52.37457, 9.71095]], "52.3745146673,9.71199947409": [], "52.3749593273,9.71203333698": [], "52.3744533956,9.711981453": [], "52.3745352868,9.71095693298": [["51916046", 52.37457, 9.71095], ["51916209", 52.37457, 9.71095], ["51916102", 52.37457, 9.71095], ["51916047", 52.37457, 9.71095]], "52.3742518947,9.71177919768": [["51916102", 52.3742599, 9.71183], ["51916101", 52.3742599, 9.71183], ["51916258", 52.3742599, 9.71183]], "52.3748474289,9.71007188782": [["51916092", 52.37488, 9.71006], ["51916047", 52.37488, 9.71006], ["51915984", 52.37488, 9.71006]], "52.3749464191,9.71109339036": [], "52.3747781944,9.71013399772": [], "52.3747781944,9.71002193168": [], "52.3744231369,9.71204825677": [], "52.3747855704,9.71005789004": [["51916092", 52.37488, 9.71006], ["51916047", 52.37488, 9.71006], ["51915984", 52.37488, 9.71006]], "52.3745871708,9.71098216251": [["51916209", 52.37457, 9.71095], ["51916046", 52.37457, 9.71095], ["51916047", 52.37457, 9.71095], ["51916102", 52.37457, 9.71095]], "52.3744600173,9.71079507843": [], "52.3743970692,9.7120787669": [], "52.3744498752,9.71199897118": [], "52.374754725,9.71022762358": [], "52.3748435732,9.70998404548": [["51916092", 52.37488, 9.71006], ["51915984", 52.37488, 9.71006], ["51916047", 52.37488, 9.71006]], "52.3750945274,9.71139756963": [], "52.3748442437,9.70998094417": [["51916092", 52.37488, 9.71006], ["51915984", 52.37488, 9.71006], ["51916047", 52.37488, 9.71006]], "52.3747684713,9.7101841215": [], "52.374572251,9.71080102958": [], "52.3742930498,9.71178322099": [["51916102", 52.3742599, 9.71183], ["51916258", 52.3742599, 9.71183], ["51916101", 52.3742599, 9.71183]], "52.3748290725,9.70998764969": [["51916092", 52.37488, 9.71006], ["51915984", 52.37488, 9.71006], ["51916047", 52.37488, 9.71006]], "52.3750645202,9.71128365956": [], "52.3747822177,9.71010474488": [["51916047", 52.37488, 9.71006], ["51915984", 52.37488, 9.71006], ["51916092", 52.37488, 9.71006]], "52.3743092269,9.71177123487": [["51916102", 52.3742599, 9.71183], ["51916258", 52.3742599, 9.71183], ["51916101", 52.3742599, 9.71183]], "52.3742476199,9.71064152196": [], "52.374392543,9.7120893281": [], "52.3746126518,9.71069558524": [], "52.3745460995,9.71096464433": [["51916102", 52.37457, 9.71095], ["51916047", 52.37457, 9.71095], ["51916046", 52.37457, 9.71095], ["51916209", 52.37457, 9.71095]], "52.374325823,9.71185932867": [["51916258", 52.3742599, 9.71183], ["51916101", 52.3742599, 9.71183], ["51916102", 52.3742599, 9.71183]], "52.3744730931,9.71199871972": [], "52.3744115699,9.71206518821": [], "52.3744873423,9.71084696241": [], "52.3744372185,9.71201288514": [], "52.3745242227,9.71093782224": [["51916046", 52.37457, 9.71095], ["51916209", 52.37457, 9.71095], ["51916102", 52.37457, 9.71095], ["51916047", 52.37457, 9.71095]], "52.3744372185,9.71201992594": [], "52.3750945274,9.71142003313": [], "52.3747857381,9.71225202084": [], "52.3744502943,9.71198421903": [], "52.3740416765,9.71049265936": [], "52.3745378852,9.71090186387": [["51916209", 52.37457, 9.71095], ["51916046", 52.37457, 9.71095], ["51916047", 52.37457, 9.71095], ["51916102", 52.37457, 9.71095]], "52.3745174333,9.71091217361": [["51916046", 52.37457, 9.71095], ["51916209", 52.37457, 9.71095], ["51916047", 52.37457, 9.71095], ["51916102", 52.37457, 9.71095]], "52.3750962876,9.71139295958": [], "52.375106262,9.71145104617": [["51916046", 52.3752, 9.7115299], ["51915975", 52.3752, 9.7115299]], "52.3748150747,9.71010952257": [["51916047", 52.37488, 9.71006], ["51915984", 52.37488, 9.71006], ["51916092", 52.37488, 9.71006]], "52.3743417487,9.71191858873": [["51916101", 52.3742599, 9.71183], ["51916258", 52.3742599, 9.71183], ["51916102", 52.3742599, 9.71183]], "52.3746346962,9.71056105569": [], "52.3750775959,9.71160485409": [], "52.3743702471,9.71073087305": [], "52.3745268211,9.71096112393": [["51916046", 52.37457, 9.71095], ["51916209", 52.37457, 9.71095], ["51916102", 52.37457, 9.71095], ["51916047", 52.37457, 9.71095]], "52.3744320218,9.71203157678": [], "52.3748249654,9.709973149": [["51916092", 52.37488, 9.71006], ["51915984", 52.37488, 9.71006], ["51916047", 52.37488, 9.71006]], "52.374652382,9.71048804931": [], "52.3744714167,9.71193375997": [], "52.3746159207,9.71097956412": [["51916046", 52.37457, 9.71095], ["51916209", 52.37457, 9.71095], ["51916047", 52.37457, 9.71095], ["51916102", 52.37457, 9.71095]], "52.3747225385,9.71033818088": [], "52.3747883365,9.71095953137": [], "52.3745259829,9.7109253332": [["51916046", 52.37457, 9.71095], ["51916209", 52.37457, 9.71095], ["51916102", 52.37457, 9.71095], ["51916047", 52.37457, 9.71095]], "52.3748378735,9.70998748206": [["51916092", 52.37488, 9.71006], ["51915984", 52.37488, 9.71006], ["51916047", 52.37488, 9.71006]], "52.3747889232,9.71000047401": [["51916092", 52.37488, 9.71006], ["51915984", 52.37488, 9.71006], ["51916047", 52.37488, 9.71006]]}, "699540": {"52.3808379751,9.72629757598": [["572215597", 52.3808599, 9.72631]], "52.3745051958,9.71919751726": [], "52.378700925,9.7224435769": [["51924862", 52.3787299, 9.72251]], "52.3787160963,9.72245472483": [["51924862", 52.3787299, 9.72251]], "52.3778155446,9.72293039784": [], "52.3745114822,9.71915502101": [], "52.3759907205,9.72095511854": [], "52.3765294254,9.72153489478": [], "52.3727754224,9.71639921889": [], "52.3787149228,9.72246352583": [["51924862", 52.3787299, 9.72251]], "52.3720569257,9.71374282613": [], "52.3740601167,9.71849502996": [["735370731", 52.37409, 9.71847]], "52.3787071276,9.72245229408": [["51924862", 52.3787299, 9.72251]], "52.3736239225,9.71790402196": [], "52.3799498286,9.72449588589": [], "52.3794768378,9.7237282712": [], "52.3804207239,9.7253093496": [["554759829", 52.38045, 9.72537]], "52.3781684227,9.72245422192": [], "52.3755724635,9.72053317353": [["51915827", 52.3756, 9.7205899]], "52.3787180241,9.72244609147": [["51924862", 52.3787299, 9.72251]], "52.3780088313,9.72271674313": [], "52.3775812704,9.72287004814": [["724144236", 52.3776, 9.7229499]], "52.3718968313,9.71432059072": [], "52.3784781341,9.7221423313": [["724027571", 52.3785299, 9.7221599]], "52.3787134979,9.72244776785": [["51924862", 52.3787299, 9.72251]], "52.3777237628,9.72295587882": [["724144240", 52.3777399, 9.72299], ["724144240", 52.3778099, 9.7229799], ["724144240", 52.3776799, 9.72299]], "52.3751744907,9.72003092989": [], "52.3731711321,9.71713322215": [], "52.3787182756,9.72244525328": [["51924862", 52.3787299, 9.72251]], "52.3773348425,9.72255161963": [], "52.3724764399,9.71583059058": [], "52.3787077982,9.72245162353": [["51924862", 52.3787299, 9.72251]], "52.3718171194,9.71469886601": [["747345426", 52.3717399, 9.71475]], "52.3769429885,9.72200662829": [["51915727", 52.3768599, 9.72205]], "52.3747728299,9.71955114976": [], "52.3790141568,9.72296576947": [["746726436", 52.3789599, 9.72287]], "52.3745246418,9.71923892386": [], "52.3745101411,9.71908302046": [], "52.3787243944,9.72248448059": [["51924862", 52.3787299, 9.72251]], "52.3787170183,9.72244936042": [["51924862", 52.3787299, 9.72251]], "52.3743561655,9.71893189475": [], "52.3721257411,9.7152021993": [], "52.3787101451,9.72244952805": [["51924862", 52.3787299, 9.72251]]}}