{"549947": {"52.278892491,10.5195045657": [["51812270", 52.2788699, 10.51959], ["717744589", 52.2788699, 10.51959], ["51811859", 52.2788699, 10.51959]], "52.2779771872,10.5199733656": [["717744589", 52.27804, 10.52005]], "52.2788845282,10.5194824375": [], "52.28323658,10.4918435309": [], "52.2815433517,10.5134388339": [], "52.2815924697,10.5104515236": [], "52.2799213696,10.5188937765": [], "52.2774179466,10.5202848371": [], "52.281557098,10.5121526308": [], "52.2818784602,10.4995728191": [["51808851", 52.281964, 10.4996348]], "52.2812974267,10.5179198831": [], "52.2815900389,10.5086397752": [], "52.281200029,10.500840079": [], "52.2784736473,10.5197140295": [], "52.2815005202,10.5069151986": [], "52.2813562676,10.5154992733": [], "52.2808492463,10.5022771563": [], "52.279357519,10.5192063376": [], "52.2809112724,10.5038106255": [["51808689", 52.2809699, 10.50386]], "52.2787599731,10.519593833": [], "52.2789593786,10.5194055755": [], "52.2813451197,10.5164375436": [], "52.2790016234,10.5193043221": [], "52.2788995318,10.5194912385": [["51812270", 52.2788699, 10.51959], ["717744589", 52.2788699, 10.51959], ["51811859", 52.2788699, 10.51959]], "52.2830015514,10.4943929706": [], "52.2788586281,10.5194793362": [], "52.2790198959,10.5193037353": [], "52.2788672615,10.5195501633": [["51812270", 52.2788699, 10.51959], ["51811859", 52.2788699, 10.51959], ["717744589", 52.2788699, 10.51959]], "52.2789324727,10.5194506701": [], "52.2812823392,10.5172597244": [], "52.2789448779,10.5194160528": [], "52.2809375916,10.5181638803": [], "52.2815192956,10.5145110469": [], "52.278936496,10.5193694495": [], "52.2789803334,10.5193737242": [], "52.2812192235,10.5053344555": [], "52.2788144555,10.5195630714": [["51811859", 52.2788699, 10.51959], ["717744589", 52.2788699, 10.51959], ["51812270", 52.2788699, 10.51959]], "52.2804531176,10.5185314268": [], "52.2823044285,10.4979857896": [], "52.2826603241,10.4963801522": []}, "549946": {"52.2753413301,10.5294837244": [], "52.2696288954,10.5465916917": [], "52.2688061278,10.5438953172": [], "52.2740318254,10.5361827929": [], "52.2753238957,10.528581664": [], "52.2751825769,10.5352299381": [], "52.2750556748,10.5256197508": [], "52.273088526,10.5367167201": [], "52.2749136854,10.5355135817": [], "52.2698950209,10.5476786569": [["572205766", 52.26992, 10.54773]], "52.2720932588,10.5373137631": [], "52.2689461894,10.5445097946": [], "52.273093136,10.5367247667": [], "52.2750251647,10.5231669545": [], "52.2753303498,10.5211413838": [], "52.2686063871,10.5395023618": [], "52.2735842317,10.5364292208": [], "52.2745154612,10.5359032564": [], "52.2723811772,10.5371316243": [], "52.2727283556,10.5369254295": [["51933020", 52.27279, 10.5369699]], "52.2698572185,10.547775384": [["572205766", 52.26992, 10.54773]], "52.2730948962,10.5367276166": [], "52.2682587896,10.5397064611": [], "52.2750338819,10.522896219": [], "52.2680026386,10.5399175175": [["51811155", 52.2679799, 10.5398599], ["51810955", 52.2679799, 10.5398599]], "52.2680032253,10.5399123207": [["51811155", 52.2679799, 10.5398599], ["51810955", 52.2679799, 10.5398599]], "52.275155168,10.5342895724": [], "52.2679704521,10.5410783272": [], "52.2688969877,10.5393171217": [], "52.2749352269,10.5235955212": [], "52.2752174456,10.526399184": [], "52.2751253285,10.5347093381": [], "52.2752735205,10.5326558556": [], "52.2678383533,10.5400752649": [["51810944", 52.2678799, 10.5401199]], "52.2715013288,10.5377128255": [], "52.2694194317,10.5459158588": [], "52.2753040306,10.5279082619": [], "52.2751284298,10.52152385": [["51811672", 52.27508, 10.52147], ["51811666", 52.2752148, 10.5214398]], "52.2679234296,10.5405787658": [], "52.2698585596,10.5474688578": [], "52.2752964869,10.5316316709": [], "52.2697603237,10.5470881518": [], "52.2752549965,10.527221784": [], "52.273011161,10.5367809255": [], "52.2690977342,10.5451049935": [], "52.2732670605,10.5365892313": [], "52.2679731343,10.5399535596": [["51811155", 52.2679799, 10.5398599], ["51810955", 52.2679799, 10.5398599], ["51810945", 52.26802, 10.5400299]], "52.268101126,10.5419412442": [], "52.2749994323,10.52214453": [["540638391", 52.27502, 10.52206]], "52.2750233207,10.5249644537": [], "52.2718411312,10.5374771263": [], "52.2753356304,10.5305544287": [], "52.2692478541,10.5391057301": [], "52.2684191354,10.5428889859": [], "52.275182493,10.5335812178": [], "52.2704101726,10.5383911729": [], "52.2710064612,10.5380200222": [], "52.2680333164,10.5398667231": [["51810955", 52.2679799, 10.5398599], ["51811155", 52.2679799, 10.5398599]], "52.2749683354,10.5243374873": [], "52.2730904538,10.5366970226": [], "52.2750175372,10.5251164176": [], "52.2698197514,10.538754696": []}}