{"892617": {"53.0845595989,8.83233072236": [["51884460", 53.08401, 8.83268], ["51884460", 53.08497, 8.8321199], ["51884427", 53.08395, 8.83233]], "53.0845843256,8.83248453029": [["51884460", 53.08401, 8.83268], ["51884460", 53.08497, 8.8321199], ["51884427", 53.08395, 8.83233]], "53.0843984988,8.8321718853": [["51884427", 53.08395, 8.83233], ["51884460", 53.08497, 8.8321199], ["51884460", 53.08401, 8.83268]], "53.0845537316,8.83248746395": [["51884460", 53.08401, 8.83268], ["51884460", 53.08497, 8.8321199], ["51884427", 53.08395, 8.83233]], "53.0845138337,8.83215151727": [["51884460", 53.08497, 8.8321199], ["51884427", 53.08395, 8.83233], ["51884460", 53.08401, 8.83268]], "53.0845233891,8.83211664855": [["51884460", 53.08497, 8.8321199], ["51884427", 53.08395, 8.83233], ["51884460", 53.08401, 8.83268]], "53.0845515523,8.83246005513": [["51884460", 53.08401, 8.83268], ["51884460", 53.08497, 8.8321199], ["51884427", 53.08395, 8.83233]], "53.0845510494,8.83241076954": [["51884460", 53.08401, 8.83268], ["51884460", 53.08497, 8.8321199], ["51884427", 53.08395, 8.83233]], "53.0843360536,8.8321956899": [["51884427", 53.08395, 8.83233], ["51884460", 53.08497, 8.8321199], ["51884460", 53.08401, 8.83268]], "53.0845110677,8.83222611621": [["51884460", 53.08497, 8.8321199], ["51884460", 53.08401, 8.83268], ["51884427", 53.08395, 8.83233]], "53.0846470222,8.83237154223": [["51884460", 53.08401, 8.83268], ["51884460", 53.08497, 8.8321199], ["51884427", 53.08395, 8.83233]], "53.0845749378,8.83248436265": [["51884460", 53.08401, 8.83268], ["51884460", 53.08497, 8.8321199], ["51884427", 53.08395, 8.83233]], "53.0846408196,8.83265476674": [["51884460", 53.08401, 8.83268], ["51884460", 53.08497, 8.8321199], ["51884427", 53.08395, 8.83233]], "53.0845157616,8.83212142624": [["51884460", 53.08497, 8.8321199], ["51884427", 53.08395, 8.83233], ["51884460", 53.08401, 8.83268]], "53.084352063,8.83218848146": [["51884427", 53.08395, 8.83233], ["51884460", 53.08497, 8.8321199], ["51884460", 53.08401, 8.83268]], "53.0845634546,8.83249215782": [["51884460", 53.08401, 8.83268], ["51884460", 53.08497, 8.8321199], ["51884427", 53.08395, 8.83233]], "53.0845210422,8.83208714426": [["51884427", 53.08395, 8.83233], ["51884460", 53.08497, 8.8321199], ["51884460", 53.08401, 8.83268]], "53.08446832,8.83239316754": [["51884460", 53.08401, 8.83268], ["51884460", 53.08497, 8.8321199], ["51884427", 53.08395, 8.83233]], "53.0846202839,8.83235117421": [["51884460", 53.08401, 8.83268], ["51884460", 53.08497, 8.8321199], ["51884427", 53.08395, 8.83233]], "53.0846584216,8.83259626105": [["51884460", 53.08401, 8.83268], ["51884460", 53.08497, 8.8321199], ["51884427", 53.08395, 8.83233]], "53.0845055357,8.83222687058": [["51884460", 53.08497, 8.8321199], ["51884460", 53.08401, 8.83268], ["51884427", 53.08395, 8.83233]], "53.0843718443,8.83223022334": [["51884460", 53.08497, 8.8321199], ["51884427", 53.08395, 8.83233], ["51884460", 53.08401, 8.83268]], "53.0845256522,8.83240289055": [["51884460", 53.08401, 8.83268], ["51884460", 53.08497, 8.8321199], ["51884427", 53.08395, 8.83233]], "53.0846237205,8.83246659301": [["51884460", 53.08401, 8.83268], ["51884460", 53.08497, 8.8321199], ["51884427", 53.08395, 8.83233]], "53.0845087208,8.83241102099": [["51884460", 53.08401, 8.83268], ["51884460", 53.08497, 8.8321199], ["51884427", 53.08395, 8.83233]], "53.0845450982,8.83244312368": [["51884460", 53.08401, 8.83268], ["51884460", 53.08497, 8.8321199], ["51884427", 53.08395, 8.83233]], "53.0843797233,8.83233332075": [["51884460", 53.08497, 8.8321199], ["51884460", 53.08401, 8.83268], ["51884427", 53.08395, 8.83233]], "53.0845843256,8.83245033212": [["51884460", 53.08401, 8.83268], ["51884460", 53.08497, 8.8321199], ["51884427", 53.08395, 8.83233]], "53.0844874308,8.8323467318": [["51884460", 53.08497, 8.8321199], ["51884460", 53.08401, 8.83268], ["51884427", 53.08395, 8.83233]], "53.0844927952,8.8320384454": [["51884427", 53.08395, 8.83233], ["51884460", 53.08497, 8.8321199], ["51884460", 53.08401, 8.83268]], "53.0846387241,8.83235754445": [["51884460", 53.08401, 8.83268], ["51884460", 53.08497, 8.8321199], ["51884427", 53.08395, 8.83233]], "53.0846307613,8.83237321861": [["51884460", 53.08401, 8.83268], ["51884460", 53.08497, 8.8321199], ["51884427", 53.08395, 8.83233]], "53.0843776278,8.83216828108": [["51884427", 53.08395, 8.83233], ["51884460", 53.08497, 8.8321199], ["51884460", 53.08401, 8.83268]], "53.0843991693,8.83216802962": [["51884427", 53.08395, 8.83233], ["51884460", 53.08497, 8.8321199], ["51884460", 53.08401, 8.83268]], "53.0845968984,8.83250783198": [["51884460", 53.08401, 8.83268], ["51884460", 53.08497, 8.8321199], ["51884427", 53.08395, 8.83233]], "53.0845356267,8.83242233656": [["51884427", 53.08395, 8.83233]], "53.0845119897,8.83208303712": [["51884427", 53.08395, 8.83233], ["51884460", 53.08497, 8.8321199], ["51884460", 53.08401, 8.83268]], "53.0846038554,8.83247992024": [["51884460", 53.08401, 8.83268], ["51884460", 53.08497, 8.8321199], ["51884427", 53.08395, 8.83233]], "53.0845258199,8.83220641874": [["51884460", 53.08497, 8.8321199], ["51884460", 53.08401, 8.83268], ["51884427", 53.08395, 8.83233]], "53.0845250655,8.83222804405": [["51884460", 53.08497, 8.8321199], ["51884460", 53.08401, 8.83268], ["51884427", 53.08395, 8.83233]], "53.0846591759,8.83241797797": [["51884460", 53.08401, 8.83268], ["51884460", 53.08497, 8.8321199], ["51884427", 53.08395, 8.83233]], "53.0843805615,8.83185354061": [["51884427", 53.08395, 8.83233], ["51884460", 53.08497, 8.8321199], ["51884460", 53.08401, 8.83268]], "53.0843765382,8.83228822611": [["51884460", 53.08497, 8.8321199], ["51884460", 53.08401, 8.83268], ["51884427", 53.08395, 8.83233]], "53.0844220519,8.8318583183": [["51884427", 53.08395, 8.83233], ["51884460", 53.08497, 8.8321199], ["51884460", 53.08401, 8.83268]], "53.0846206192,8.83241705596": [["51884460", 53.08401, 8.83268], ["51884460", 53.08497, 8.8321199]], "53.0845175218,8.83205043152": [["51884427", 53.08395, 8.83233], ["51884460", 53.08497, 8.8321199], ["51884460", 53.08401, 8.83268]], "53.0845483672,8.83249685168": [["51884460", 53.08401, 8.83268], ["51884460", 53.08497, 8.8321199], ["51884427", 53.08395, 8.83233]], "53.0845384765,8.83242929354": [["51884460", 53.08401, 8.83268], ["51884460", 53.08497, 8.8321199], ["51884427", 53.08395, 8.83233]], "53.0846526381,8.83227179758": [["51884460", 53.08497, 8.8321199], ["51884460", 53.08401, 8.83268], ["51884427", 53.08395, 8.83233]], "53.0846386403,8.83238336071": [["51884460", 53.08401, 8.83268], ["51884460", 53.08497, 8.8321199], ["51884427", 53.08395, 8.83233]], "53.0846399814,8.83262232877": [["51884460", 53.08401, 8.83268], ["51884460", 53.08497, 8.8321199], ["51884427", 53.08395, 8.83233]], "53.0843600258,8.83218856528": [["51884427", 53.08395, 8.83233], ["51884460", 53.08497, 8.8321199], ["51884460", 53.08401, 8.83268]], "53.0842986703,8.8323322311": [["51884460", 53.08497, 8.8321199], ["51884460", 53.08401, 8.83268], ["51884427", 53.08395, 8.83233]], "53.0843470339,8.83222393692": [["51884460", 53.08497, 8.8321199], ["51884427", 53.08395, 8.83233], ["51884460", 53.08401, 8.83268]], "53.0845610239,8.83236383088": [["51884460", 53.08401, 8.83268], ["51884460", 53.08497, 8.8321199], ["51884427", 53.08395, 8.83233]], "53.0845090561,8.83222578093": [["51884460", 53.08497, 8.8321199], ["51884460", 53.08401, 8.83268], ["51884427", 53.08395, 8.83233]], "53.0845162645,8.83222812787": [["51884460", 53.08497, 8.8321199], ["51884460", 53.08401, 8.83268], ["51884427", 53.08395, 8.83233]], "53.0845401529,8.83240825497": [["51884460", 53.08401, 8.83268], ["51884460", 53.08497, 8.8321199], ["51884427", 53.08395, 8.83233]], "53.0846445914,8.83265887387": [["51884460", 53.08401, 8.83268], ["51884460", 53.08497, 8.8321199], ["51884427", 53.08395, 8.83233]], "53.0846370477,8.83263557218": [["51884460", 53.08401, 8.83268], ["51884460", 53.08497, 8.8321199], ["51884427", 53.08395, 8.83233]], "53.0843968224,8.83214523084": [["51884427", 53.08395, 8.83233], ["51884460", 53.08497, 8.8321199], ["51884460", 53.08401, 8.83268]], "53.0845569167,8.83237162605": [["51884460", 53.08401, 8.83268], ["51884460", 53.08497, 8.8321199], ["51884427", 53.08395, 8.83233]], "53.084597066,8.83232234046": [["51884460", 53.08401, 8.83268], ["51884460", 53.08497, 8.8321199], ["51884427", 53.08395, 8.83233]], "53.0845216289,8.83205864578": [["51884427", 53.08395, 8.83233], ["51884460", 53.08497, 8.8321199], ["51884460", 53.08401, 8.83268]]}}