{"827226": {"51.0741150286,9.48982455768": [], "51.08011337,9.48644656688": [], "51.0787241533,9.48724787682": [], "51.0756012239,9.48901595548": [], "51.0773290694,9.48804055341": [], "51.0725860856,9.49053509161": [], "51.0815957934,9.48574097827": []}, "1794408": {"52.3531603441,9.74016618915": [["572247912", 52.35321, 9.7401099], ["51919156", 52.3530899, 9.74017]], "52.3530680593,9.74039115943": [["572247912", 52.3531, 9.7403799], ["51919156", 52.353, 9.7404799]], "52.3578722309,9.72857376561": [], "52.3542591278,9.73913345486": [["586493382", 52.35426, 9.7391999]], "52.3532459233,9.74012763239": [["572247912", 52.35321, 9.7401099], ["572247912", 52.35321, 9.7401099]], "52.3538085166,9.73183114082": [["802865019", 52.35382, 9.7317399], ["802865019", 52.3538, 9.73186]], "52.3633388244,9.72455162555": [], "52.3528725933,9.74069751799": [], "52.3531249724,9.74005127326": [["51919156", 52.35321, 9.7399799], ["572247912", 52.35321, 9.7401099]], "52.3535740748,9.7394903563": [], "52.3535016552,9.73966989666": [["51919156", 52.3535199, 9.73967], ["586493385", 52.3535199, 9.73967], ["51919118", 52.3535199, 9.73967]], "52.3531682231,9.74014766514": [["572247912", 52.35321, 9.7401099], ["572247912", 52.35321, 9.7401099], ["51919156", 52.3530899, 9.74017], ["51919156", 52.3530899, 9.74017]], "52.3535680398,9.73952128552": [], "52.3528050352,9.74103237502": [], "52.3536268808,9.73945884034": [], "52.3533342686,9.73984759301": [["51919156", 52.3533499, 9.7398], ["572247912", 52.35337, 9.7399]], "52.3531990685,9.74013148807": [["572247912", 52.35321, 9.7401099], ["572247912", 52.35321, 9.7401099]], "52.3527538218,9.74140034057": [], "52.3535159882,9.73965447396": [["51919118", 52.3535199, 9.73967], ["51919156", 52.3535199, 9.73967], ["586493385", 52.3535199, 9.73967]], "52.3585702758,9.72842557356": [], "52.3535365239,9.7395784501": [["51919118", 52.3535199, 9.73967], ["586493385", 52.3535199, 9.73967], ["51919156", 52.3535199, 9.73967]], "52.362798946,9.7253661789": [], "52.3531299178,9.74020197988": [["572247912", 52.35321, 9.7401099], ["51919156", 52.3530899, 9.74017]], "52.3541368358,9.73355429247": [], "52.3560822755,9.72934523597": [["554759229", 52.35613, 9.7293099]], "52.3539540265,9.73940595053": [], "52.3528226372,9.7413595207": [], "52.3535027448,9.73963293247": [["51919118", 52.3535199, 9.73967], ["51919156", 52.3535199, 9.73967], ["586493385", 52.3535199, 9.73967]], "52.3593025189,9.72831308842": [["51927929", 52.35927, 9.72828], ["51927929", 52.3593999, 9.72824], ["51927929", 52.35932, 9.7282699]], "52.3534932733,9.73961776122": [["51919118", 52.3535199, 9.73967], ["51919156", 52.3535199, 9.73967], ["586493385", 52.3535199, 9.73967]], "52.3529355414,9.74082224071": [], "52.3636304308,9.72422422841": [["723469735", 52.3636299, 9.7242599]], "52.3617074545,9.7267702315": [], "52.3531915247,9.74019192159": [["572247912", 52.35321, 9.7401099], ["572247912", 52.35321, 9.7401099]], "52.3540675174,9.73926194943": [["740908910", 52.3540799, 9.7392299]], "52.3535004817,9.73964123055": [["51919118", 52.3535199, 9.73967], ["51919156", 52.3535199, 9.73967], ["586493385", 52.3535199, 9.73967]], "52.3537022341,9.73215811886": [], "52.3611367308,9.72757187672": [["780646265", 52.3611699, 9.72763], ["51926858", 52.3610699, 9.72756], ["51926858", 52.36111, 9.7275799]], "52.3609659914,9.72770682536": [], "52.3551404849,9.73008912988": [["586494761", 52.3550599, 9.73016]], "52.3567132652,9.72903217189": [["554759229", 52.35662, 9.7290899]], "52.3546083178,9.73071743734": [["586494945", 52.35462, 9.73074]], "52.3590512294,9.72833429463": [["586493922", 52.35911, 9.72841], ["51927929", 52.35914, 9.7282699], ["51927929", 52.3590999, 9.72824]], "52.3531797901,9.74022494629": [["51919156", 52.3530899, 9.74017], ["51919156", 52.3530899, 9.74017]], "52.363791028,9.72420042381": [["51925468", 52.36387, 9.72424]], "52.3605165537,9.7276876308": [["51927929", 52.36043, 9.72773]], "52.353283558,9.7401219327": [["572247912", 52.35321, 9.7401099]], "52.3526567593,9.7414810583": [], "52.3555994779,9.72965477966": [["586494761", 52.3555, 9.7297]], "52.3539003823,9.73269833252": [], "52.3574003298,9.7287234664": [["554759230", 52.35741, 9.7288]], "52.3528019339,9.74130302668": [], "52.3622121289,9.72610135563": [], "52.3532462586,9.74030507728": [], "52.3592541553,9.72827629186": [["51927929", 52.35927, 9.72828], ["51927929", 52.35932, 9.7282699]], "52.3536849674,9.73943143152": [], "52.3536072671,9.73970342427": [["572247912", 52.35353, 9.73977], ["51919156", 52.3535199, 9.73967]]}, "1794409": {"52.361443257,9.72136222757": [["51925581", 52.36141, 9.72145]], "52.3545626365,9.7307383921": [["586494761", 52.35462, 9.73074]], "52.358604474,9.72843487747": [], "52.3592097312,9.7222449258": [], "52.3615035228,9.72110926174": [["554759256", 52.3614999, 9.72115]], "52.3587816674,9.7260589432": [], "52.3589059711,9.72693208605": [["724463425", 52.35886, 9.72703]], "52.3588682525,9.72825986333": [["51918617", 52.35895, 9.72835]], "52.3586319666,9.72529032268": [], "52.3538227659,9.73288021982": [], "52.3596936185,9.72193538211": [], "52.3613392375,9.72135342658": [["51925581", 52.36141, 9.72145], ["51925581", 52.3612699, 9.72142]], "52.3589929752,9.72768511623": [["802864997", 52.35896, 9.7277699]], "52.3585196491,9.72257056274": [], "52.3613374773,9.72134797834": [["51925581", 52.3612699, 9.72142]], "52.3573816381,9.72877057269": [["554759232", 52.35741, 9.7288]], "52.3580921721,9.72852515057": [["51918617", 52.3581399, 9.72855]], "52.358406242,9.72253108397": [["51927925", 52.3585, 9.72253], ["51927925", 52.3583699, 9.7225599]], "52.358484529,9.72437124699": [["51927923", 52.3584699, 9.7244], ["51927927", 52.3584399, 9.7243599]], "52.3613452725,9.72133649513": [["51925581", 52.3612699, 9.72142]], "52.3551540636,9.73001285456": [["586494761", 52.35525, 9.72995]], "52.361161625,9.72106777132": [], "52.3568988405,9.72893888131": [], "52.3582905717,9.72286627628": [["586506088", 52.35833, 9.7229499]], "52.3613517266,9.72133582458": [["51925581", 52.3612699, 9.72142]], "52.3583716247,9.72355183214": [], "52.3602327425,9.72154009156": [], "52.3584923241,9.72256913781": [["51927925", 52.3585, 9.72253]], "52.3584969342,9.72253602929": [["51927925", 52.3585, 9.72253]], "52.3563027196,9.72918053158": [], "52.354174722,9.73401454277": [], "52.3539685272,9.73132965155": [], "52.3588176258,9.7225056868": [["586506089", 52.35891, 9.7225899]], "52.3536256235,9.73194404505": [["802865018", 52.3535899, 9.73196]], "52.3607719503,9.72123255953": [], "52.3556889966,9.72952972166": []}, "827225": {"51.1808064301,9.47439582087": [], "51.1739972234,9.47259362787": [], "51.1803904362,9.47436145507": [["61933210", 51.1803299, 9.4743599]], "51.1805448309,9.4744849205": [["61933210", 51.1806199, 9.4744699]], "51.180014424,9.47436296381": [], "51.1805181764,9.47461961769": [], "51.1781707406,9.47353994474": [], "51.1804626882,9.47455792688": [], "51.1804325972,9.47458416224": [], "51.180456318,9.47456999682": [], "51.1804387998,9.47459313087": [], "51.1804568209,9.47455926798": [], "51.1804842297,9.47474819608": [], "51.1804956291,9.47461115196": [], "51.1804486904,9.47450822219": [], "51.18049982,9.47461894713": [], "51.1716623604,9.47374043986": [], "51.1804042663,9.47451006621": [], "51.1804617662,9.47452213615": [], "51.1804758478,9.47458022274": [], "51.1804561503,9.47454342619": [], "51.1773126852,9.47322067805": [], "51.1804392189,9.47459145449": [], "51.1804402247,9.47450721636": [], "51.1760856584,9.472973831": [], "51.1804940365,9.47475942783": [], "51.1787411291,9.47379953228": [], "51.1805044301,9.474597238": [], "51.1804393865,9.47453361936": [], "51.1805081181,9.47457603179": [], "51.1808065977,9.47444711812": [], "51.1709184665,9.47407563217": [], "51.1804986466,9.47457812726": [], "51.1804928631,9.47464685887": [], "51.1806437373,9.47430336848": [], "51.180557739,9.47464643978": [], "51.1805443279,9.47467803955": [], "51.180541981,9.47462883778": [], "51.1729696859,9.47312244214": [["723334873", 51.17299, 9.4732199]], "51.1804256402,9.4745179452": [], "51.1806696374,9.47446396574": [["61933210", 51.1806199, 9.4744699]], "51.1805506982,9.47463872842": [], "51.1804610956,9.47477702983": [], "51.1804277357,9.47458541952": [], "51.1805224512,9.4747201167": [], "51.180471573,9.47477862239": []}}