{"680953": {"51.4060634561,9.71773219295": [], "51.375665646,9.65466323309": [], "51.3897963613,9.66372977011": [], "51.3915196806,9.66482888907": [], "51.3744803611,9.65304317884": [], "51.3720841426,9.64785193093": [], "51.4065371174,9.71919709817": [], "51.3985783327,9.68167215586": [], "51.4044453297,9.71352405846": [], "51.4079835825,9.73093209788": [], "51.4075883757,9.72392055206": [], "51.3986610621,9.6798899956": [], "51.4078853466,9.73250462674": [], "51.3978836406,9.69849203713": [["732714239", 51.3978199, 9.6985]], "51.4050263632,9.71502198838": [], "51.4014722686,9.70571304671": [], "51.3969747908,9.69088168815": [], "51.3982223533,9.67568169348": [], "51.3987047318,9.70049397089": [], "51.3971222285,9.69480953179": [], "51.3979697227,9.6852243226": [], "51.40021272,9.70302723348": [], "51.3954070397,9.66870702803": [], "51.3881581184,9.66278932057": [], "51.3702592347,9.64232482016": [], "51.4033470489,9.71071058884": [], "51.3816230837,9.65885368176": [], "51.3865090627,9.66180612333": [], "51.3931310177,9.66601534747": [], "51.3977300841,9.67381604947": [], "51.39936883,9.70171035267": [], "51.4028821886,9.70951683819": [], "51.3785030879,9.65704696253": [], "51.4080353826,9.72908522934": [], "51.4009503275,9.70442483202": [], "51.4055648167,9.71641472541": [], "51.3963565417,9.67035046779": [], "51.407117229,9.72160052508": [], "51.3770208322,9.65601732954": [["586528789", 51.3770099, 9.65594]], "51.3971208874,9.6720509883": [], "51.3982696272,9.68383854255": [], "51.3735088985,9.6512879245": [], "51.4068242814,9.72029437311": [], "51.4080113266,9.72762015648": [], "51.3832221832,9.65984098613": [], "51.4073956758,9.72297582775": [], "51.380039826,9.65794432908": [], "51.4078074787,9.72511639819": [], "51.3708710298,9.64421762154": [], "51.3975003362,9.68723136932": [], "51.3848471828,9.66081898659": [], "51.3985789195,9.67800348066": [["732714244", 51.3986, 9.6780099]], "51.3943266962,9.66723927297": [], "51.4024439827,9.7083739657": [["732714237", 51.4023499, 9.7083099], ["732714242", 51.4023499, 9.7083099]], "51.3714709226,9.64606692083": [], "51.4038840774,9.71205714159": [["79674452", 51.40382, 9.71203]], "51.397417523,9.69671842642": [], "51.4079410862,9.72630922683": [], "51.3727299683,9.64957726188": [], "51.3971716817,9.6889828518": [], "51.3969383296,9.69283157028": [], "51.4019957185,9.70711089671": []}, "680952": {"51.4033065643,9.75263133645": [], "51.4026436396,9.75403714925": [], "51.4021367859,9.75515328348": [], "51.4007012174,9.75840319879": [], "51.4001609199,9.75972133689": [], "51.3997159246,9.76079313084": [], "51.4012829214,9.75708296522": []}, "799798": {"52.3357409891,9.76214312017": [], "52.3420218844,9.76543419063": [], "52.3366622441,9.7633389663": [], "52.3379796278,9.76854052395": [["51920450", 52.33804, 9.7685799], ["51920482", 52.33804, 9.7685799], ["51920519", 52.33804, 9.7685799]], "52.3432870489,9.76433926262": [], "52.3456657492,9.76204337552": [], "52.3456680961,9.76205133833": [], "52.3424330167,9.76512087509": [["781539441", 52.3425199, 9.76504], ["67949354", 52.34247, 9.76508], ["51928654", 52.3425199, 9.76504]], "52.3373706825,9.76617213339": [["51920498", 52.3374699, 9.7661399]], "52.3424056917,9.76515549235": [["67949354", 52.34247, 9.76508]], "52.3379459325,9.76839803159": [], "52.3355326988,9.76137776859": [["722908427", 52.33562, 9.7612899]], "52.3379459325,9.76840079762": [], "52.3377263267,9.7676409781": [], "52.3368562851,9.76407246664": [], "52.3348449636,9.76012668572": [], "52.3424468469,9.76508047432": [["67949354", 52.34247, 9.76508], ["781539441", 52.3425199, 9.76504], ["51928654", 52.3425199, 9.76504]], "52.3459871951,9.76175503805": [], "52.3381497804,9.76874562912": [], "52.3437663261,9.76382335648": [], "52.3454167228,9.76227211766": [], "52.3379453458,9.76839962415": [], "52.3456648272,9.76204706356": [], "52.3408634216,9.76635427214": [], "52.3423531372,9.76520712487": [], "52.3352860194,9.7607211303": [], "52.3379323538,9.76838822477": [], "52.3360757623,9.76239072159": [], "52.3402821366,9.76680278778": [], "52.3379284982,9.76837699302": [], "52.3429101985,9.76470069028": [["792623691", 52.3428199, 9.76479]], "52.3379451782,9.76839903742": [], "52.3456678446,9.7620384302": [], "52.3456674255,9.76203943603": [], "52.3392037209,9.7677708976": [], "52.3425627686,9.76497343741": [], "52.3364448175,9.76262734272": [], "52.3371947464,9.76545422338": [], "52.337868819,9.76820072159": [], "52.3350668326,9.76021176204": [], "52.3467720766,9.76108708419": [], "52.3386463244,9.76830507629": [], "52.3448340967,9.76279095747": [], "52.337028617,9.76474536583": [["51920535", 52.3371099, 9.76466]], "52.3456762265,9.7620573733": [], "52.3456661683,9.76204136387": [], "52.3456795793,9.76202686317": [], "52.3424508702,9.7650746908": [["67949354", 52.34247, 9.76508], ["781539441", 52.3425199, 9.76504], ["51928654", 52.3425199, 9.76504]], "52.345666755,9.76204069331": [], "52.3379450943,9.76839392446": [], "52.3397559207,9.7672807239": [], "52.3375565931,9.76694704033": [], "52.3347764835,9.76017639041": [], "52.344275862,9.76331155747": [], "52.3464391474,9.76136695594": [], "52.3424277361,9.76512758061": [["781539441", 52.3425199, 9.76504], ["67949354", 52.34247, 9.76508], ["51928654", 52.3425199, 9.76504]], "52.3424417339,9.76509707049": [["67949354", 52.34247, 9.76508], ["781539441", 52.3425199, 9.76504], ["51928654", 52.3425199, 9.76504]], "52.3423846532,9.76517795585": [["67949354", 52.34247, 9.76508], ["67949353", 52.3422949, 9.7652183]], "52.3414602969,9.76588798687": [], "52.3379454296,9.76839861833": [], "52.3379417416,9.76838713512": [], "52.342454223,9.76507142186": [["67949354", 52.34247, 9.76508], ["781539441", 52.3425199, 9.76504], ["51928654", 52.3425199, 9.76504]]}, "680954": {"51.3317628298,9.5815601293": [["67178490", 51.33176, 9.58166]], "51.346212225,9.60229075514": [], "51.3591815438,9.6151675377": [], "51.3350448478,9.58643169142": [["772775922", 51.3350899, 9.58651]], "51.3328906987,9.58322091959": [], "51.3426752295,9.59762228653": [], "51.3566311821,9.61266755126": [], "51.3360951841,9.58797102794": [], "51.3605185412,9.61650822312": [], "51.3526372891,9.6086982172": [], "51.3449813426,9.6008671727": [["554710061", 51.34506, 9.60088]], "51.3553878944,9.6114332322": [], "51.3404347468,9.59433197044": [], "51.3539982587,9.61005072109": [], "51.3474788982,9.60356907919": [], "51.3487339206,9.60482368246": [], "51.3415458519,9.59596862085": [], "51.3578866236,9.61387722753": [], "51.339355493,9.59271862172": [], "51.3371599372,9.58952821791": [], "51.3513002917,9.6073773969": [], "51.3382560387,9.59112077951": [], "51.3617603201,9.61801352911": [], "51.3438159227,9.59927477874": [], "51.3339759875,9.58487634547": [], "51.350001432,9.60608473979": []}}