{"863787": {"52.3178266827,10.5027354788": [], "52.3345820233,10.4234445188": [], "52.3272267357,10.4636367504": [], "52.3322421312,10.4368606769": [], "52.3209452536,10.4898474645": [], "52.3222418502,10.4844801966": [], "52.3182052933,10.5011699907": [], "52.3282137886,10.4595338926": [], "52.3336938769,10.428737523": [], "52.3332400806,10.4314391781": [], "52.3327524215,10.4341880232": [], "52.3370727897,10.3997390717": [], "52.3367487453,10.4034147877": [], "52.3381216172,10.3869952261": [], "52.3241788242,10.4764756467": [], "52.3353217263,10.4184949212": [], "52.33132842,10.4418404493": [], "52.3229972273,10.4813393299": [], "52.3262630682,10.4677043203": [], "52.3267354723,10.4656916577": [], "52.3291512206,10.4554304481": [], "52.3226085585,10.4829724599": [], "52.3375162762,10.3941495996": [], "52.3218475655,10.4861105606": [], "52.3234127183,10.4796256498": [], "52.3369200714,10.4015787318": [], "52.3362552188,10.4088632762": [], "52.3364095297,10.407113051": [], "52.3298767582,10.4511153605": [], "52.3308922257,10.4443442915": [], "52.3249614425,10.4730741866": [], "52.3214115389,10.4879094847": [], "52.3382188473,10.3859017231": [], "52.3383849766,10.3840193991": [], "52.3357990757,10.414094422": [], "52.3359666299,10.4122529179": [], "52.3189423978,10.4981400166": [], "52.3201207258,10.4932486732": [], "52.3379730899,10.3887498938": [], "52.3376895301,10.392324524": [], "52.3253834713,10.4713348579": [], "52.3373860214,10.3957996611": [], "52.3378268257,10.3904728778": [], "52.3295504507,10.4532905482": [], "52.3301611561,10.4490201361": [], "52.3304871283,10.44682106": [], "52.3237960227,10.4780644365": [], "52.3205068801,10.4916448798": [], "52.3193182424,10.4965771269": [], "52.336114822,10.4105199594": [], "52.3349732906,10.4209660739": [], "52.3372420203,10.3975733556": [], "52.3365828674,10.4052634165": [], "52.3286942393,10.4575274326": [], "52.3341535404,10.4260130692": [], "52.3185781203,10.4996448196": [], "52.3245715164,10.4747722764": [], "52.319717221,10.4949159175": [], "52.3356175236,10.4161265306": [], "52.3258054163,10.4695966188": [], "52.3317663744,10.4393600766": [], "52.3277313262,10.4615474772": []}, "863786": {"52.3131812643,10.5343662668": [], "52.3131446354,10.5318865646": [], "52.3130552843,10.5533681251": [], "52.3131994531,10.5367277842": [["792678665", 52.31322, 10.5366499]], "52.3130385205,10.5552074499": [], "52.3131877184,10.538914036": [], "52.3131555319,10.5428439751": [], "52.3131725471,10.5409571249": [], "52.3130271211,10.5570668913": [], "52.3131237645,10.5463107303": [], "52.3130066693,10.5589652248": [], "52.3131379299,10.544612892": [], "52.3131062463,10.5480253324": [], "52.3130958527,10.5497100949": [], "52.3130815197,10.5513592344": []}, "863788": {"52.3390918225,10.3624751419": [["572248059", 52.3391099, 10.36255], ["572248059", 52.33909, 10.3624]], "52.3380768578,10.3594900947": [], "52.3384772614,10.3599321563": [], "52.3390657548,10.361940125": [], "52.339101797,10.3607679997": [], "52.3390078358,10.3603338171": [["572217513", 52.3389799, 10.36025], ["572217513", 52.3390099, 10.36036], ["572217511", 52.3389799, 10.36025]], "52.3389091808,10.3602460586": [["572217511", 52.3389799, 10.36025], ["572217514", 52.3389799, 10.36025], ["572217513", 52.3389799, 10.36025]], "52.3390784953,10.3603906464": [["572217513", 52.3389799, 10.36046], ["572217513", 52.3390099, 10.36036], ["572248060", 52.33916, 10.36043]], "52.338073086,10.3588846698": [], "52.3389274534,10.3602395207": [["572217511", 52.3389799, 10.36025], ["572217513", 52.3389799, 10.36025], ["572217514", 52.3389799, 10.36025]], "52.3388881423,10.3602396883": [["572217511", 52.3389799, 10.36025], ["572217514", 52.3389799, 10.36025], ["572217513", 52.3389799, 10.36025]], "52.3392598797,10.3629473783": [["572217525", 52.33929, 10.36298]], "52.3391058203,10.3604472242": [["572248060", 52.33916, 10.36043], ["572217513", 52.3390099, 10.36036]], "52.3391968478,10.3627732862": [["572248059", 52.33916, 10.3626999]], "52.3388899863,10.3602410294": [["572217511", 52.3389799, 10.36025], ["572217514", 52.3389799, 10.36025], ["572217513", 52.3389799, 10.36025]], "52.3388518486,10.3602141235": [], "52.338929968,10.3602333181": [["572217511", 52.3389799, 10.36025], ["572217513", 52.3389799, 10.36025], ["572217514", 52.3389799, 10.36025]], "52.339086961,10.3613632824": [], "52.3391926568,10.3627823386": [["572248059", 52.33916, 10.3626999]]}}