{"706416": {"50.9063920565,10.6152087171": [], "50.9131764527,10.5845014472": [], "50.9200499486,10.5464692321": [], "50.9062566888,10.6126415916": [], "50.9060852788,10.6069848966": [], "50.9203119669,10.5390479788": [["724100815", 50.92027, 10.5391099]], "50.9072922729,10.6377571262": [], "50.9062192217,10.6044258177": [["724084777", 50.9061999, 10.60437]], "50.9069670551,10.6270837784": [], "50.9081522562,10.5944368523": [], "50.9075168241,10.5966714676": [], "50.919981217,10.5495949276": [], "50.9201177582,10.543925073": [], "50.9208571259,10.5327727832": [], "50.9070920292,10.632712394": [["586834609", 50.9070899, 10.63271]], "50.9089269955,10.5923183262": [], "50.9146120213,10.5820678454": [], "50.9067768697,10.6213954836": [], "50.9075096995,10.6402429473": [], "50.920214653,10.541452663": [], "50.9065810684,10.6188141927": [], "50.9065042902,10.6019275915": [], "50.9206810221,10.5342979543": [], "50.9069136623,10.6244938541": [], "50.9199269861,10.552241262": [], "50.9211694356,10.530566331": [], "50.9198384732,10.5554734915": [], "50.9070044383,10.5990129523": [], "50.9109103214,10.5883349944": [], "50.9071640298,10.635230653": [], "50.919778375,10.5582287908": [], "50.92154813,10.5286716856": [], "50.9098466579,10.5902621616": [], "50.920495782,10.5363380257": [], "50.9070040192,10.6296681706": [], "50.9160084464,10.5794602353": [], "50.9120195825,10.586446384": [], "50.9061234165,10.6100646593": []}, "637673": {"51.395297572,8.56430076063": [["74606103", 51.39531, 8.56427]], "51.3956281543,8.5661455337": [], "51.3954646233,8.5643429216": [], "51.3956910186,8.56610127725": [["75376993", 51.39578, 8.5660999], ["75376857", 51.39578, 8.5660999], ["74606077", 51.39578, 8.5660999]], "51.3950212207,8.56427117251": [["74606103", 51.39508, 8.5642899]], "51.3957132306,8.56455624104": [["74606077", 51.39574, 8.5644899], ["74606104", 51.39581, 8.5645], ["74606103", 51.39574, 8.5644899]], "51.3954934571,8.5643534828": [], "51.3956233766,8.56441827491": [], "51.3956210297,8.56613002717": [], "51.3951721787,8.56427636929": [["74606103", 51.39508, 8.5642899], ["74606103", 51.3951899, 8.5642599]], "51.3951696642,8.56427142397": [["74606103", 51.39508, 8.5642899], ["74606103", 51.3951899, 8.5642599]], "51.3949424308,8.56341621839": [], "51.3951787166,8.56427486055": [["74606103", 51.39508, 8.5642899], ["74606103", 51.3951899, 8.5642599]], "51.3948933966,8.5648084525": [["75376994", 51.39492, 8.5648199]], "51.3952685706,8.56612382457": [["75376994", 51.39517, 8.56606], ["75376993", 51.3952999, 8.56615]], "51.3956265617,8.56614192948": [], "51.3957143202,8.5645419918": [["74606077", 51.39574, 8.5644899], ["74606104", 51.39581, 8.5645], ["74606103", 51.39574, 8.5644899]], "51.3957002386,8.56543231755": [], "51.3953832351,8.56431886554": [["74606103", 51.39531, 8.56427]], "51.3956878334,8.56505035423": [["74606077", 51.39573, 8.56496]], "51.3957050163,8.56586666778": [], "51.395692192,8.56467233039": [], "51.3957098778,8.56451022439": [["74606103", 51.39574, 8.5644899], ["74606077", 51.39574, 8.5644899]], "51.3955608476,8.56437971815": [], "51.3956270646,8.56613681652": [], "51.3949887827,8.56523752213": [], "51.3951735198,8.56426932849": [["74606103", 51.39508, 8.5642899], ["74606103", 51.3951899, 8.5642599]], "51.3951121643,8.56580967084": [], "51.3956231251,8.56614536606": [], "51.3956957962,8.56612214819": [["75376993", 51.39578, 8.5660999], ["74606077", 51.39578, 8.5660999], ["75376857", 51.39578, 8.5660999]], "51.3951779623,8.56427662075": [["74606103", 51.39508, 8.5642899], ["74606103", 51.3951899, 8.5642599]], "51.3956394698,8.56612357311": [], "51.3948311191,8.56401141733": [["762620522", 51.3948299, 8.5639399]], "51.3955630269,8.56614343822": [], "51.395713063,8.56454836205": [["74606077", 51.39574, 8.5644899], ["74606104", 51.39581, 8.5645], ["74606103", 51.39574, 8.5644899]], "51.3956045173,8.56440687552": [], "51.3948754594,8.56426974759": [["762620521", 51.3948699, 8.56427], ["762620521", 51.39488, 8.56434], ["762620521", 51.39488, 8.56431], ["762620521", 51.3948399, 8.56424]], "51.3954327721,8.56613857672": [], "51.395136388,8.56426136568": [["74606103", 51.3951899, 8.5642599], ["74606103", 51.39508, 8.5642899]], "51.3951787166,8.56427695602": [["74606103", 51.39508, 8.5642899], ["74606103", 51.3951899, 8.5642599]], "51.3952337857,8.56428734958": [["74606103", 51.39531, 8.56427], ["74606103", 51.3951899, 8.5642599]], "51.3950334582,8.56542544439": [], "51.3951744419,8.56427636929": [["74606103", 51.39508, 8.5642899], ["74606103", 51.3951899, 8.5642599]]}, "706415": {"50.9438350238,10.4864729941": [], "50.950081218,10.462537799": [], "50.934819784,10.4996790178": [], "50.9489402734,10.470227357": [], "50.9382137842,10.4937718716": [], "50.9453528188,10.4845618363": [], "50.9491971787,10.4683384951": [], "50.9611422289,10.4399319738": [], "50.9408262558,10.4898689222": [], "50.9329343587,10.502605224": [], "50.930980118,10.5057145748": [], "50.9494209755,10.4668188561": [], "50.9467996191,10.4816973209": [], "50.9496071376,10.465321932": [["772344294", 50.94959, 10.46537]], "50.9510915726,10.4600403272": [["64949902", 50.9510799, 10.46001], ["64949901", 50.9510799, 10.46001]], "50.9461513627,10.4832080752": [], "50.9553749766,10.4504825268": [], "50.9531052411,10.454247091": [], "50.9478573315,10.4768378288": [], "50.9293794259,10.5081008188": [], "50.951558277,10.4587924294": [], "50.947200777,10.4801135603": [], "50.948131755,10.475676097": [], "50.9538673237,10.4527648352": [], "50.9625576809,10.4328667838": [], "50.9504145663,10.461543873": [], "50.9333888255,10.5018738192": [["554768307", 50.93337, 10.5019]], "50.9484156501,10.4744472262": [], "50.9418259654,10.4887433164": [], "50.9614792652,10.4382736981": [], "50.9303343762,10.5066603888": [], "50.9526491817,10.4556263331": [], "50.9486732259,10.4725146946": [], "50.9286985639,10.5091843475": [], "50.9340986889,10.5007885303": [], "50.9364558477,10.4970015865": [], "50.9547324199,10.4513385706": [], "50.9428484738,10.4875905532": [], "50.9316951782,10.5046248436": [], "50.9498405736,10.4635996185": [], "50.9399893228,10.490848599": [], "50.9356661886,10.4983028769": [["772349659", 50.93559, 10.4983099]], "50.9622262605,10.434547523": [], "50.9606058709,10.4418164771": [], "50.9475052916,10.4785093479": [["565397011", 50.94748, 10.4784399]], "50.9389381483,10.4924776219": [], "50.9321026225,10.5038356874": [], "50.9576513339,10.4480456561": [["547985870", 50.95756, 10.4479499]], "50.9564950503,10.4493241478": [], "50.9586249758,10.4463664256": [], "50.9618867934,10.4362516478": [], "50.9521000832,10.4572258517": [["772344291", 50.95207, 10.4571399]], "50.944610266,10.4855671618": [], "50.9599764738,10.4433042649": [], "50.9591498505,10.445136968": [["772344273", 50.95906, 10.44512]], "50.9372289944,10.4955527745": []}, "637672": {"51.3959004823,8.56256537139": [], "51.3959047571,8.56265463866": [["74605191", 51.3958199, 8.5626899], ["74605209", 51.3958199, 8.5626899], ["74605186", 51.3958199, 8.5626899]], "51.3943086751,8.56020335108": [["74605180", 51.3942799, 8.56025]], "51.3935619313,8.55796395801": [], "51.3959337585,8.56264399365": [], "51.3959028292,8.56260468252": [["74605209", 51.3958199, 8.5626899], ["74605191", 51.3958199, 8.5626899], ["74605186", 51.3958199, 8.5626899]], "51.3959037513,8.56261834502": [["74605209", 51.3958199, 8.5626899], ["74605191", 51.3958199, 8.5626899], ["74605186", 51.3958199, 8.5626899]], "51.3958995603,8.5626050178": [["74605209", 51.3958199, 8.5626899], ["74605191", 51.3958199, 8.5626899], ["74605186", 51.3958199, 8.5626899]], "51.3958986383,8.5625733342": [], "51.3959340937,8.56264902279": [], "51.3958971296,8.56264089234": [["74605191", 51.3958199, 8.5626899], ["74605209", 51.3958199, 8.5626899], ["74605186", 51.3958199, 8.5626899]], "51.3958514482,8.5626200214": [["74605209", 51.3958199, 8.5626899], ["74605191", 51.3958199, 8.5626899], ["74605186", 51.3958199, 8.5626899]], "51.395904338,8.56259009801": [["74605209", 51.3958199, 8.5626899], ["74605191", 51.3958199, 8.5626899], ["74605186", 51.3958199, 8.5626899]], "51.3959057629,8.56262018904": [["74605209", 51.3958199, 8.5626899], ["74605191", 51.3958199, 8.5626899], ["74605186", 51.3958199, 8.5626899]], "51.3958842214,8.56262228452": [["74605209", 51.3958199, 8.5626899], ["74605191", 51.3958199, 8.5626899], ["74605186", 51.3958199, 8.5626899]], "51.3959940244,8.56243511662": [], "51.3949519861,8.56237275526": [], "51.3959124684,8.56255036779": [], "51.3959337585,8.5626741685": [], "51.3959091995,8.56263527647": [["74605191", 51.3958199, 8.5626899], ["74605209", 51.3958199, 8.5626899], ["74605186", 51.3958199, 8.5626899]], "51.395440232,8.56286318041": [], "51.3959356863,8.56258925982": [], "51.3959120493,8.56264298782": [["74605191", 51.3958199, 8.5626899], ["74605209", 51.3958199, 8.5626899], ["74605186", 51.3958199, 8.5626899]], "51.3959104568,8.56265002862": [["74605191", 51.3958199, 8.5626899], ["74605209", 51.3958199, 8.5626899], ["74605186", 51.3958199, 8.5626899]], "51.3959019911,8.56258406304": [], "51.3940858841,8.5594679229": [["74605177", 51.39404, 8.5594399]], "51.395098418,8.56307239272": [], "51.3960126322,8.56249999255": [["74605191", 51.39604, 8.5625599]], "51.3959107921,8.56264617294": [["74605191", 51.3958199, 8.5626899], ["74605209", 51.3958199, 8.5626899], ["74605186", 51.3958199, 8.5626899]], "51.3947919756,8.56187386438": [], "51.3958998956,8.56260862201": [["74605209", 51.3958199, 8.5626899], ["74605191", 51.3958199, 8.5626899], ["74605186", 51.3958199, 8.5626899]], "51.3959174976,8.56263443828": [["74605191", 51.3958199, 8.5626899], ["74605209", 51.3958199, 8.5626899], ["74605186", 51.3958199, 8.5626899]], "51.3958598301,8.56262974441": [["74605209", 51.3958199, 8.5626899], ["74605191", 51.3958199, 8.5626899], ["74605186", 51.3958199, 8.5626899]], "51.394579662,8.56116668321": [], "51.3959372789,8.56259177439": [], "51.3959048409,8.5626200214": [["74605209", 51.3958199, 8.5626899], ["74605191", 51.3958199, 8.5626899], ["74605186", 51.3958199, 8.5626899]], "51.3959208503,8.5626323428": [], "51.395941386,8.56260166503": [["74605191", 51.39604, 8.5625599], ["74605191", 51.39604, 8.5625599]], "51.3959041703,8.56262144633": [["74605209", 51.3958199, 8.5626899], ["74605191", 51.3958199, 8.5626899], ["74605186", 51.3958199, 8.5626899]], "51.3958493527,8.5626200214": [["74605209", 51.3958199, 8.5626899], ["74605191", 51.3958199, 8.5626899], ["74605186", 51.3958199, 8.5626899]], "51.3958403841,8.56260602362": [["74605186", 51.3958199, 8.5626899], ["74605191", 51.3958199, 8.5626899]], "51.3959049247,8.56259713881": [["74605209", 51.3958199, 8.5626899], ["74605191", 51.3958199, 8.5626899], ["74605186", 51.3958199, 8.5626899]], "51.3950225618,8.56290492229": [["74605661", 51.39501, 8.56291]], "51.3930602744,8.55688596144": [], "51.3959268853,8.56263812631": [], "51.3938656915,8.55873928405": [], "51.3959334232,8.56264282018": [], "51.3958984707,8.5626235418": [["74605209", 51.3958199, 8.5626899], ["74605191", 51.3958199, 8.5626899], ["74605186", 51.3958199, 8.5626899]], "51.3959282264,8.56257802807": [], "51.3958969619,8.56260619126": [["74605209", 51.3958199, 8.5626899], ["74605191", 51.3958199, 8.5626899], ["74605186", 51.3958199, 8.5626899]], "51.3959011529,8.56262018904": [["74605209", 51.3958199, 8.5626899], ["74605191", 51.3958199, 8.5626899], ["74605186", 51.3958199, 8.5626899]], "51.3960075192,8.5623346176": [], "51.3959277235,8.56265053153": [], "51.3944236748,8.5606046766": [], "51.3958983868,8.56263846159": [["74605191", 51.3958199, 8.5626899], ["74605209", 51.3958199, 8.5626899], ["74605186", 51.3958199, 8.5626899]], "51.3958946988,8.5626200214": [["74605209", 51.3958199, 8.5626899], ["74605191", 51.3958199, 8.5626899], ["74605186", 51.3958199, 8.5626899]], "51.3959059305,8.56262261979": [["74605209", 51.3958199, 8.5626899], ["74605191", 51.3958199, 8.5626899], ["74605186", 51.3958199, 8.5626899]], "51.3959085289,8.5626481846": [["74605191", 51.3958199, 8.5626899], ["74605209", 51.3958199, 8.5626899], ["74605186", 51.3958199, 8.5626899]], "51.3959546294,8.56262404472": [["74605191", 51.39604, 8.5625599], ["74605191", 51.39604, 8.5625599]], "51.3959066849,8.56262236834": [["74605209", 51.3958199, 8.5626899], ["74605191", 51.3958199, 8.5626899], ["74605186", 51.3958199, 8.5626899]], "51.3958966266,8.56262664311": [["74605209", 51.3958199, 8.5626899], ["74605191", 51.3958199, 8.5626899], ["74605186", 51.3958199, 8.5626899]], "51.395902494,8.56261172332": [["74605209", 51.3958199, 8.5626899], ["74605191", 51.3958199, 8.5626899], ["74605186", 51.3958199, 8.5626899]]}, "681131": {"52.2827792633,10.9088238515": [], "52.2765647527,10.9392469749": [], "52.2843466792,10.900386963": [], "52.310581198,10.8209488168": [], "52.3013478611,10.8564776927": [], "52.2811845224,10.9237208404": [], "52.3109885585,10.8160420507": [["540638087", 52.31102, 10.81609]], "52.3085194174,10.8333401196": [], "52.3029520735,10.8512445353": [], "52.2697896603,10.9567847662": [], "52.3090763949,10.8310938533": [], "52.2922201362,10.879898658": [], "52.2824636847,10.9117215592": [], "52.2688635439,10.962215066": [], "52.2686056327,10.9648680221": [], "52.2801054362,10.9293157607": [], "52.2775838245,10.9368979465": [], "52.31078404,10.818504151": [], "52.2692302521,10.9595186915": [], "52.2837134264,10.9031321201": [], "52.2818113212,10.9180310369": [], "52.3100667167,10.8256667387": [], "52.2932302393,10.8774859272": [], "52.2912328318,10.88233863": [], "52.3063701298,10.8405748755": [], "52.2807175666,10.9265465476": [], "52.3037630226,10.8486395236": [], "52.3114064801,10.8110117353": [], "52.3046110198,10.8461133856": [], "52.3071497306,10.8380641602": [], "52.273377534,10.9464599378": [], "52.3078915291,10.8356630802": [], "52.2881398257,10.8896902297": [], "52.286122134,10.8946087305": [], "52.3116329592,10.8082813304": [], "52.3021571338,10.8538533188": [], "52.3054234777,10.8436045982": [], "52.3111964297,10.8135682996": [], "52.3096242361,10.8284161706": [], "52.2852492426,10.8971898537": [], "52.27936632,10.9319849778": [], "52.2871057503,10.8921172936": [], "52.3103540484,10.8233714383": [], "52.2831882164,10.905949194": [], "52.2785158921,10.9345015604": [], "52.2815189604,10.92087158": [], "52.2821642831,10.9146065265": []}, "681130": {"52.2277709283,11.0358641669": [], "52.2318453714,11.0268525314": [], "52.2398379352,11.0153214633": [], "52.2268117871,11.0380708706": [], "52.2212675773,11.0522347782": [], "52.2458572313,11.0046415776": [], "52.2385502234,11.0173603613": [], "52.2555285227,10.9950220864": [], "52.240989944,11.0131009296": [], "52.2569639236,10.9933783952": [], "52.254030928,10.9965593275": [], "52.2297739517,11.0314071737": [], "52.2247962747,11.0430367291": [], "52.2230210714,11.0476648808": [], "52.2308012377,11.0291204229": [], "52.2371847276,11.0191496462": [], "52.2444583755,11.0064855963": [], "52.2329611704,11.0247302335": [], "52.2287628427,11.0336675216": [], "52.2344422527,11.0224474221": [], "52.2524841316,10.9980575927": [["80731091", 52.2525099, 10.9980599]], "52.2221360262,11.0499620251": [], "52.2431963962,11.0085513163": [], "52.2357893921,11.0207628272": [], "52.2420686949,11.0107904579": [], "52.2256978322,11.0407606233": [], "52.223910559,11.045343345": []}, "681132": {"52.3119293433,10.7613308541": [], "52.3126011528,10.766786132": [], "52.3122615181,10.7640345208": []}}