{"738412": {"52.212674031,8.71744902804": [["74890726", 52.2126699, 8.71738]], "52.2110941261,8.71390121989": [["75344068", 52.2110199, 8.7138499]], "52.2116453201,8.71456749737": [], "52.2043738514,8.69809932075": [], "52.2116382793,8.71444344521": [], "52.2094172426,8.71229767799": [], "52.2115764208,8.71417731978": [], "52.2077738866,8.70686871931": [], "52.2094215173,8.71330359019": [], "52.2088622767,8.71070209891": [], "52.2128926311,8.71826299466": [], "52.2116401233,8.71444285847": [], "52.2072290629,8.70476184413": [], "52.2117999662,8.71527384035": [["74890726", 52.2117799, 8.71528]], "52.2104317881,8.7137427181": [["587026388", 52.21042, 8.71373]], "52.2116339207,8.71444587596": [], "52.2098233458,8.71363794431": [], "52.2121648304,8.7162671797": [["74890726", 52.2121399, 8.7162399]], "52.2064933833,8.702543322": [], "52.2083834186,8.71000958607": [["51518026", 52.2083399, 8.70998]], "52.2081472166,8.70865046047": [], "52.2055317275,8.70026235469": [], "52.2093719803,8.71122244745": [["51518026", 52.20931, 8.71118]]}, "738413": {"52.2186840232,8.73003663495": [], "52.2186877951,8.73002615757": [], "52.2154526319,8.73112552799": [["74891087", 52.21541, 8.73119]], "52.2186835203,8.73003546149": [], "52.2186761443,8.72967814095": [["74890981", 52.2187099, 8.7296999], ["74891008", 52.2187099, 8.7296999], ["74890945", 52.2187099, 8.7296999]], "52.2186728753,8.72979205102": [["74891008", 52.2187099, 8.7296999]], "52.2176952939,8.73133993708": [], "52.2186839394,8.7300359644": [], "52.2182639223,8.73144077137": [], "52.2169476282,8.7307437323": [], "52.2186854482,8.73002942652": [], "52.2150184494,8.73129132204": [], "52.2142964322,8.73151059262": [["74891092", 52.2142699, 8.73158], ["74891068", 52.2142699, 8.73158]], "52.2186897229,8.73002221808": [], "52.2186854482,8.73002112843": [], "52.2158936877,8.73100063764": [], "52.2145686764,8.73144404031": [], "52.2186723724,8.73005381785": [], "52.2186852805,8.73056645505": [], "52.2186799999,8.73005038127": [], "52.2186850291,8.73002062552": [], "52.2173237242,8.73072135262": [], "52.2186838556,8.7300408259": [], "52.2186145373,8.73129182495": [["74890945", 52.21865, 8.73133]], "52.2186871246,8.73002154753": [], "52.2183554526,8.7313964311": [], "52.2179300711,8.73146398924": [], "52.218636917,8.72973144986": [["74891008", 52.2187099, 8.7296999], ["74890981", 52.2187099, 8.7296999], ["74890945", 52.2187099, 8.7296999]], "52.2186986916,8.72975382954": [["74890945", 52.2187099, 8.7296999], ["74891008", 52.2187099, 8.7296999], ["74890981", 52.2187099, 8.7296999]], "52.2186839394,8.73004443012": [], "52.2186833527,8.73003546149": [], "52.2186652478,8.73004627414": [], "52.2186824307,8.73003965244": [], "52.2186840232,8.73003604822": [], "52.2178899217,8.73150262982": [], "52.2176721599,8.7307877373": [["74891060", 52.21767, 8.7307499]], "52.2186757252,8.73010226525": [], "52.2186847776,8.73007577844": [], "52.21868922,8.730023643": [], "52.2186539322,8.73121395707": [], "52.2186838556,8.73003805988": [], "52.2186449636,8.73070383444": [], "52.218683688,8.73003562912": [], "52.2163804248,8.73086669482": []}}