{"976286": {"52.1101902612,10.1341561228": [], "52.1158590261,10.125856027": [], "52.0979992859,10.15711952": [], "52.0760634262,10.1913888473": [], "52.0878385752,10.179382693": [], "52.0744796656,10.1921957731": [], "52.0956837852,10.1633979846": [], "52.0782905817,10.1899513509": [], "52.1123785246,10.1312443335": [], "52.0896182209,10.17659395": [], "52.0818579197,10.1868165191": [], "52.0718365163,10.1931668166": [], "52.1024277806,10.1470101904": [], "52.1005680878,10.1509502716": [], "52.1056668833,10.141086448": [], "52.096395744,10.1614030916": [], "52.0917757228,10.172620425": [], "52.0794320293,10.1890656352": [], "52.0929073635,10.170271229": [], "52.0773478691,10.1906086598": [], "52.109191725,10.1355713233": [], "52.070410084,10.1935122348": [], "52.1060939413,10.1403700467": [], "52.0855888724,10.1824639644": [], "52.0690167602,10.1937131491": [], "52.0624684822,10.1931923814": [], "52.0997645985,10.1527576614": [], "52.1040384471,10.1439366303": [], "52.1082499344,10.1369663235": [], "52.1047517471,10.1426592283": [], "52.1112444531,10.1327209733": [], "52.0676846243,10.19380535": [], "52.0971793681,10.1592583302": [], "52.0843734965,10.1840364933": [], "52.107428927,10.1382260397": [], "52.114857221,10.1276536938": [], "52.102876883,10.1461022627": [], "52.0664262492,10.1937900949": [["733381859", 52.06648, 10.1937899]], "52.1036473475,10.1445847191": [], "52.0638259314,10.1934786234": [], "52.0988025237,10.1550428197": [], "52.0653888211,10.1937102992": [], "52.0949754305,10.1653134171": [], "52.0731939655,10.1927246712": [], "52.0924149267,10.1713186316": [], "52.1135392506,10.1296834555": [], "52.0805963594,10.1880447194": [], "52.105211243,10.1418610197": [], "52.1067299601,10.1393334568": [], "52.1018806938,10.1481791306": [], "52.0942757931,10.1671080664": [], "52.1167433169,10.1240410935": [], "52.1032536495,10.1453178842": [], "52.1013251413,10.1493256912": [], "52.061036434,10.1928036287": [], "52.0867401268,10.1809194312": [], "52.0888089482,10.177923739": [], "52.1043960191,10.1432981808": [], "52.0909517817,10.1742292475": [], "52.0902968198,10.175423082": [], "52.0831172168,10.1854856405": [], "52.0935855433,10.1687519252": []}, "816797": {"52.4328375421,9.60694556125": [], "52.4320047162,9.60949676111": [], "52.4323227257,9.6085356921": [], "52.4313590582,9.61143792607": [], "52.4311174918,9.61219766177": [], "52.4316721223,9.61049102247": [], "52.4326380529,9.60758535191": [["51907152", 52.4326, 9.6076699]]}, "672617": {"51.9952191319,8.55713347904": [], "51.9964086916,8.55516884476": [], "51.9954461977,8.55724194087": [], "51.9960683864,8.55484656058": [], "51.9967971928,8.55570822023": [["51577466", 51.9968699, 8.55568]], "51.9952232391,8.55714462698": [], "52.0012700278,8.55808373541": [["51576953", 52.00125, 8.5580299]], "51.9964089431,8.55516892858": [], "51.9957605191,8.55523263104": [], "51.99641129,8.55517001823": [], "51.9958234672,8.55481076986": [], "51.9964096975,8.55516892858": [], "51.996408524,8.5551685933": [], "51.9957413245,8.55594232678": [], "51.9964129664,8.55517177843": [], "51.995218629,8.55712593533": [], "51.9973447826,8.55631783605": [], "51.9991874602,8.55763245374": [], "51.9964551274,8.55523447506": [["51577466", 51.99653, 8.55515]], "51.9952185452,8.55713364668": [], "51.9952174556,8.55712585151": [], "51.9985164888,8.55735911988": [], "51.9999046996,8.55769447982": [], "51.9979123212,8.55689769611": [], "52.0017284341,8.55832312256": [], "51.9964126311,8.55517177843": [], "51.9952196348,8.55714697391": [], "51.9952191319,8.55713842437": [], "52.0006135572,8.55780218728": [["51577015", 52.00056, 8.55775]], "52.0018932223,8.55840861797": [["51576876", 52.00195, 8.55841], ["51576915", 52.00195, 8.55841], ["51576877", 52.00195, 8.55841]], "51.9956089742,8.55717924424": [], "52.0018950664,8.55840568431": [["51576876", 52.00195, 8.55841], ["51576915", 52.00195, 8.55841], ["51576877", 52.00195, 8.55841]], "51.9964127988,8.55517144315": [], "51.9964099489,8.55516959913": [], "51.9963420555,8.55508963577": [], "51.9952299446,8.55712526478": [], "51.9956795499,8.55666769668": []}, "816795": {"52.4725434557,9.51629041694": [], "52.47996144,9.50333987363": [["586523892", 52.47988, 9.50326]], "52.4655375257,9.5299850218": [], "52.4640508275,9.53454494476": [], "52.4747578707,9.51238126494": [], "52.4666310288,9.52679914422": [["67946441", 52.46656, 9.5267], ["51922300", 52.46656, 9.5267]], "52.4775806442,9.50747726485": [], "52.4688351341,9.5227414649": [], "52.4739293195,9.51381364837": [], "52.4596326426,9.54055082984": [["554733291", 52.4596, 9.54046]], "52.4791604653,9.50472774915": [], "52.4810550269,9.50143039227": [], "52.4713801313,9.51832302846": [], "52.4584248941,9.54207407311": [], "52.4627494533,9.53696354292": [], "52.4676871486,9.52473727986": [], "52.4768055696,9.50882297941": [], "52.4699806888,9.52074556611": [], "52.4648684822,9.53230488114": [], "52.4574362487,9.54372815788": [], "52.4783642683,9.50611269102": [], "52.4758386333,9.51050573029": [], "52.4613893218,9.53868342564": []}, "967643": {"52.2072266322,10.7489406411": [["779264061", 52.2072, 10.74893]], "52.2078060731,10.7604566216": [["779264068", 52.2078399, 10.7604799]], "52.2056622338,10.7185219601": [["68024863", 52.20565, 10.71848]], "52.1960364562,10.7687157299": [], "52.1960305888,10.7703614328": [], "52.2070645262,10.7297065202": [], "52.202817332,10.7576062717": [["68113675", 52.20284, 10.75767]], "52.1977046225,10.7621731516": [], "52.2070021648,10.7607705239": [], "52.2082934808,10.7574192714": [], "52.2074969485,10.7316003274": [], "52.2077604756,10.7552881725": [], "52.2014029697,10.7579892408": [], "52.2059894633,10.7609396707": [], "52.2078060731,10.7474291325": [["779264061", 52.20782, 10.7473799]], "52.2066037729,10.7234948594": [["68144358", 52.2066899, 10.72357], ["68144358", 52.2066899, 10.72357]], "52.2071941942,10.7502727769": [], "52.2093477566,10.7392874546": [], "52.2066091374,10.7217348274": [], "52.1991558652,10.7595775276": [], "52.2080868669,10.7561725471": [["779264069", 52.20809, 10.75613]], "52.2032904904,10.7118209638": [], "52.2021826543,10.7573386375": [], "52.1965179965,10.7652751263": [], "52.2002476919,10.7586808316": [], "52.1983796172,10.7606244273": [], "52.2036576178,10.758383777": [], "52.2094255406,10.7374367304": [], "52.1962277312,10.7668384351": [], "52.2084206343,10.7590285968": [], "52.2044716682,10.715439599": [], "52.2073912527,10.7520503271": [], "52.2050473373,10.7169466652": [], "52.209204426,10.7412222493": [], "52.2045682278,10.7593349554": [["67896570", 52.20458, 10.75937]], "52.2083904594,10.7457513269": [], "52.2081448697,10.7334122434": [], "52.1960922796,10.772019038": [], "52.2075882275,10.753827123": [], "52.2066526394,10.7255377807": [], "52.2039130982,10.714042671": [], "52.2053534444,10.7604934182": [["67896570", 52.20526, 10.7604099]], "52.2067628615,10.7277069334": [], "52.2089085449,10.7354960684": [], "52.2062680777,10.7201171201": [], "52.2034941707,10.7129092701": [], "52.2087209579,10.7437815797": [], "52.1970623173,10.7638463471": []}, "816796": {"52.4380431231,9.59228452295": [["51906301", 52.43809, 9.5922099]], "52.4343362264,9.60245973431": [], "52.4342186283,9.60281286389": [], "52.4400206655,9.58730709739": [], "52.4442837853,9.57652436569": [["722343820", 52.4443, 9.5765199]], "52.4459243752,9.5725258626": [], "52.4461398739,9.57203292288": [], "52.4393788632,9.58899362013": [], "52.4464583863,9.5712503884": [], "52.4341588654,9.60298444144": [], "52.4461440649,9.57202822901": [], "52.4420333281,9.58216002211": [], "52.4347951356,9.60111033171": [], "52.4436585791,9.57808968611": [], "52.4340703525,9.60325609893": [], "52.4372889195,9.59416139871": [["586525873", 52.4372861, 9.594204]], "52.4351237901,9.6001422219": [], "52.4347957224,9.60110932589": [], "52.4344864301,9.60201163776": [], "52.4409834947,9.58487466909": [], "52.434159955,9.60298444144": [], "52.4462146405,9.57186427899": [], "52.446090756,9.57213509828": [], "52.4347941298,9.60111242719": [], "52.4357576296,9.59818437696": [], "52.4478547275,9.56754399464": [], "52.4346150924,9.6016185265": [], "52.4368830677,9.59512556903": [["586525873", 52.4369023, 9.5951105]], "52.4347926211,9.60111351684": [], "52.4336772412,9.60443509743": [], "52.4430287629,9.57966749556": [], "52.4347955547,9.6011098288": [], "52.4425421935,9.58088664338": [], "52.4347930402,9.60111376829": [], "52.4348666333,9.60092827678": [], "52.4340223242,9.60340387188": [], "52.4456003308,9.57327319309": [], "52.4342007749,9.60287044756": [], "52.4447391741,9.57539917901": [], "52.4341207277,9.60310086608": [], "52.4404594582,9.58619741723": [], "52.4451761227,9.57431347109": [], "52.4337376747,9.60427198559": [], "52.4364892859,9.5961044915": [["51906745", 52.4364599, 9.5962]], "52.4347944651,9.60111192428": [], "52.434794968,9.60111091845": [], "52.434171522,9.60294865072": [], "52.4473455269,9.56889364868": [], "52.4336781632,9.60443442687": [], "52.4361120164,9.59713571705": [["51906745", 52.43615, 9.59705]], "52.4336784985,9.60443425924": [], "52.43474124,9.6012657322": [["586502623", 52.4347199, 9.6012999], ["586502624", 52.4347199, 9.6012999]], "52.4414640293,9.58365485072": [], "52.4339419417,9.60364426486": [], "52.4469204806,9.57006862387": [["766460168", 52.4468718, 9.5700321]], "52.4341582786,9.60298301652": [], "52.4347917829,9.60111418739": [], "52.4354340881,9.59919439629": [], "52.4388523959,9.59033975378": [], "52.4385088217,9.59116704762": [["766631636", 52.43846, 9.5911499]], "52.4376742356,9.59321734495": [], "52.4338412751,9.6039505396": []}, "672618": {"52.0091426466,8.56107003987": [], "52.0091396291,8.56107733212": [], "52.0088722464,8.56097213924": [["51576434", 52.00891, 8.56106]], "52.0091391262,8.56107255444": [], "52.0091420598,8.56106853113": [], "52.0091421437,8.56107138097": [], "52.009131331,8.56107288972": [], "52.009134097,8.56106442399": []}, "976285": {"52.0054162201,10.1586279273": [], "52.023423817,10.1698105596": [], "52.0186788216,10.1674899459": [["756018741", 52.01863, 10.1674599]], "52.0083308592,10.160344122": [], "52.0316888765,10.172758894": [["733381907", 52.03166, 10.1727499]], "52.0433902647,10.1805120707": [], "51.9942799397,10.1555250306": [], "52.0156426448,10.165601084": [], "52.0019566733,10.1571453363": [["768810396", 52.00204, 10.1571499]], "52.017134456,10.1665711217": [["756018741", 52.01717, 10.1665799]], "52.0412097964,10.178505946": [], "52.0367836487,10.1751953457": [], "52.0250089187,10.1704215165": [], "52.0202426333,10.1683436427": [], "52.0127260778,10.1635050215": [], "52.0396909956,10.1772309747": [["756018739", 52.0397099, 10.17722]], "52.0265969541,10.1709868759": [["756018741", 52.0265799, 10.1709799]], "52.0351515245,10.1742820535": [], "52.0299792197,10.1721343584": [], "52.0421904791,10.1793889794": [["733381905", 52.04219, 10.17936]], "51.9973212294,10.1559949201": [], "52.0035165455,10.1577392779": [["768810396", 52.0035099, 10.1577099]], "52.0112490188,10.1624056511": [], "52.0003775228,10.1566640474": [], "52.00975243,10.1613216195": [], "52.0383074787,10.1761910319": [], "52.0218454208,10.1691224892": [], "52.0282581635,10.1715497207": [], "52.0069131441,10.1594552211": [["768810395", 52.00684, 10.15938]], "52.0141936652,10.1645804197": [], "51.9957981538,10.1557410322": [], "52.0334265288,10.1734650694": [], "51.9988271222,10.1562877838": []}, "699821": {"53.0877789203,8.86249031872": [], "53.0840007775,8.86855856515": [["572200571", 53.0839999, 8.86847], ["51873229", 53.0839999, 8.86847], ["51873230", 53.0839999, 8.86847]], "53.0839952454,8.86856066063": [["572200571", 53.0839999, 8.86847], ["51873229", 53.0839999, 8.86847], ["51873230", 53.0839999, 8.86847]], "53.083968088,8.86858505197": [], "53.0839983467,8.86856367812": [["572200571", 53.0839999, 8.86847], ["51873229", 53.0839999, 8.86847], ["51873230", 53.0839999, 8.86847]], "53.083969932,8.86857809499": [], "53.0839971732,8.86856485158": [["572200571", 53.0839999, 8.86847], ["51873229", 53.0839999, 8.86847], ["51873230", 53.0839999, 8.86847]], "53.0856787506,8.86668135412": [], "53.0886116624,8.86081812903": [], "53.085071817,8.86863375083": [], "53.0839992687,8.86856099591": [["572200571", 53.0839999, 8.86847], ["51873229", 53.0839999, 8.86847], ["51873230", 53.0839999, 8.86847]], "53.0865403265,8.86480783112": [], "53.0892809574,8.85942446999": [], "53.0849360302,8.86897087097": [], "53.0875639245,8.86291704141": [], "53.0839972571,8.86856443249": [["572200571", 53.0839999, 8.86847], ["51873229", 53.0839999, 8.86847], ["51873230", 53.0839999, 8.86847]], "53.0882503185,8.86155422777": [], "53.087064866,8.863944076": [], "53.0839798227,8.86855881661": [["572200571", 53.0839999, 8.86847], ["51873230", 53.0839999, 8.86847], ["51873229", 53.0839999, 8.86847]], "53.0873121321,8.86340947822": [], "53.0842642207,8.86855563149": [["51873230", 53.0842999, 8.86863]], "53.0859345663,8.8660893403": [], "53.0839876179,8.86856258847": [["572200571", 53.0839999, 8.86847], ["51873230", 53.0839999, 8.86847], ["51873229", 53.0839999, 8.86847]], "53.0893723201,8.85912917554": [], "53.0884511489,8.86113253422": [["51874094", 53.08848, 8.86111], ["51873185", 53.08848, 8.86111]], "53.0890428275,8.85989293456": [], "53.0888033565,8.86037673801": [], "53.0839669984,8.86858488433": [], "53.0852532852,8.86795791797": [], "53.0846104771,8.86875537224": [], "53.0840041302,8.86857071891": [], "53.0840070639,8.8685719762": [], "53.0839982629,8.86856694706": [["572200571", 53.0839999, 8.86847], ["51873229", 53.0839999, 8.86847], ["51873230", 53.0839999, 8.86847]], "53.0840253364,8.86851632036": [["51873229", 53.0839999, 8.86847], ["51873230", 53.0839999, 8.86847], ["572200571", 53.0839999, 8.86847]], "53.0867565796,8.86436526664": [], "53.0854597315,8.86730588973": [], "53.0862523243,8.86535273865": [], "53.0840228219,8.86846569367": [["51873229", 53.0839999, 8.86847]], "53.0839800742,8.86855361983": [["572200571", 53.0839999, 8.86847], ["51873230", 53.0839999, 8.86847], ["51873229", 53.0839999, 8.86847]], "53.0839674175,8.86858589016": [], "53.0840483867,8.86850785464": [["51873229", 53.0839999, 8.86847], ["51873230", 53.0839999, 8.86847], ["572200571", 53.0839999, 8.86847]], "53.0839677528,8.86858706363": [], "53.0880253483,8.8619961217": []}}