{"738442": {"51.5822659805,8.71750812046": [["75372610", 51.58229, 8.7174299], ["75372610", 51.5822999, 8.7176]], "51.6102580167,8.72989112511": [["51531502", 51.61028, 8.72985]], "51.5862275194,8.72321644798": [], "51.6042008344,8.73031625524": [], "51.6630707961,8.70741278864": [], "51.5965984482,8.73049512506": [], "51.6054890491,8.73022539541": [], "51.5915871598,8.72873299755": [], "51.6569247656,8.70962628163": [], "51.5820593666,8.71855476871": [], "51.6444524936,8.71781984344": [], "51.6334097553,8.72177031823": [], "51.6150229611,8.72948443517": [], "51.6510715988,8.71496429667": [], "51.5815585479,8.71828545816": [], "51.607096279,8.73011634685": [], "51.5808803681,8.72160921805": [], "51.584239332,8.72089625336": [["762789848", 51.5842299, 8.72083], ["75372629", 51.5841699, 8.72099]], "51.6495558992,8.71597163379": [], "51.5852384549,8.72200165875": [], "51.5814018901,8.71723973192": [], "51.6462230869,8.71732648462": [], "51.5949023701,8.7301205378": [], "51.5871827211,8.72442662716": [], "51.6086915229,8.73000629246": [], "51.5931838285,8.72951745987": [], "51.5832123812,8.71984633617": [], "51.5981591586,8.73064222746": [], "51.6118542664,8.7297827471": [], "51.5822181199,8.71892021969": [["797985574", 51.58222, 8.7189399], ["75372605", 51.58212, 8.7188399], ["75372605", 51.58222, 8.7189399]], "51.6646640282,8.70772233233": [], "51.6219901666,8.72734386474": [], "51.5889646299,8.72661153786": [["76201926", 51.5889899, 8.7266799]], "51.6166862659,8.72904136777": [], "51.659905538,8.70783557184": [], "51.6527260188,8.71352705173": [], "51.6026297305,8.73042505234": [], "51.6583929397,8.70855633169": [], "51.5818960872,8.71684812941": [["75372610", 51.5818399, 8.7167999], ["75372610", 51.5819399, 8.7168299]], "51.6614686791,8.70745168068": [], "51.5998317674,8.73061314225": [], "51.6662471183,8.7083964888": [], "51.5881493222,8.7256657239": [["75306031", 51.5880799, 8.72564], ["783438298", 51.5880799, 8.72564]], "51.6187782213,8.72837089933": [], "51.5815826878,8.71987106279": [], "51.6552054696,8.71120702475": [], "51.6479292233,8.71673564427": [], "51.6134305671,8.72966506518": [], "51.5901773237,8.72772809118": [["76201926", 51.59022, 8.72778]], "51.6540809534,8.71226356365": [], "51.6013892926,8.73051406816": []}, "724640": {"52.3149190843,9.91396604106": [], "52.3147104587,9.91265972145": []}, "738441": {"51.5448936727,8.82597338408": [], "51.5584746189,8.76968873665": [], "51.5614188462,8.75718369149": [], "51.5531851351,8.80323839374": [], "51.5538578667,8.80064184777": [], "51.5487471689,8.81682227366": [], "51.5601170529,8.76171184704": [], "51.5552736539,8.79382962361": [], "51.5597715508,8.76311732456": [], "51.5508955345,8.81097648293": [], "51.554414928,8.79822375253": [], "51.5455316193,8.82447922602": [], "51.5481313504,8.81834342144": [], "51.5475238301,8.8198362384": [], "51.5461782832,8.82298188284": [], "51.5593586583,8.76497207209": [], "51.5493660886,8.81523817778": [], "51.5589045268,8.76718196087": [], "51.5548672993,8.7960052304": [], "51.5469182376,8.82126384415": [], "51.5580747183,8.77234278247": [], "51.5500050411,8.81353832781": [], "51.5607468691,8.7593915686": [], "51.5442748368,8.82743761875": []}, "724641": {"52.3203916289,9.93325757794": [["711553891", 52.3203999, 9.9332401]], "52.3205040302,9.93414178491": [["711553892", 52.32054, 9.9341799]], "52.3203886952,9.93230262771": [["711553891", 52.3203972, 9.9322424]], "52.3190766759,9.92768872529": [], "52.3203862645,9.93138145655": [], "52.3111415282,9.96428537183": [], "52.3115382437,9.96427833103": [], "52.3174962681,9.95962142944": [], "52.3204020225,9.92885028943": [], "52.3194741458,9.95064927265": [["554730990", 52.31949, 9.95063]], "52.3109765723,9.96424698271": [["83615962", 52.31105, 9.96416], ["83615962", 52.31105, 9.96416]], "52.3103517853,9.96433172375": [], "52.3161513917,9.96340434998": [], "52.3167207744,9.96143854223": [], "52.3191273864,9.95414955541": [], "52.3189636879,9.95595417917": [["711637716", 52.3189799, 9.95592]], "52.3195702862,9.9496321287": [], "52.3201856855,9.94330831803": [], "52.3208744265,9.93477118202": [["766094129", 52.32088, 9.93476]], "52.3164053634,9.96245962568": [], "52.3203153536,9.94198615663": [], "52.3138486315,9.96371037327": [], "52.320832517,9.93666104972": [], "52.3150592297,9.96396778151": [["716479623", 52.31496, 9.9639099]], "52.3105767556,9.96422762051": [["83615962", 52.3106199, 9.9641399]], "52.3209369555,9.93568195961": [], "52.3193822801,9.95157647878": [["68001863", 52.3194, 9.95158]], "52.3185864184,9.92784672417": [["68002848", 52.3185696, 9.927869]], "52.3204337899,9.94081654586": [], "52.3198006209,9.94726725854": [], "52.3109372612,9.96421194635": [["83615962", 52.31086, 9.96416]], "52.320636129,9.9387040548": [], "52.3203833308,9.93049339391": [], "52.3186613526,9.95729109272": [["711637723", 52.3187, 9.95731], ["68005182", 52.3187, 9.95731]], "52.3199268524,9.94596973993": [], "52.3196826875,9.94847115129": [], "52.3159704264,9.96411547065": [], "52.3207314312,9.93768883869": [], "52.319031246,9.95651836507": [["711637716", 52.31907, 9.95657], ["68001858", 52.31907, 9.95657]], "52.3120594304,9.96416819282": [], "52.310347259,9.96447865851": [], "52.3195997905,9.92751446553": [["68002848", 52.31956, 9.9275499]], "52.3182955664,9.95803356171": [], "52.3203730211,9.92805903777": [["711553793", 52.32035, 9.9280699]], "52.3203844205,9.92966911756": [], "52.3156415205,9.96416232549": [["68001789", 52.31559, 9.96412]], "52.3109685257,9.96424145065": [["83615962", 52.31105, 9.96416], ["83615962", 52.31105, 9.96416]], "52.3192718904,9.95265522972": [["68005181", 52.3193, 9.9525899]], "52.3190438189,9.95511372574": [], "52.3188910168,9.95685439557": [], "52.317097038,9.96042232029": [], "52.3179012816,9.95880813338": [], "52.320093317,9.92752418853": [["68002848", 52.32006, 9.9275499]], "52.3192069307,9.95327356271": [], "52.3193171527,9.95225465856": [], "52.3205388989,9.93974768557": [], "52.3109770752,9.96424463578": [["83615962", 52.31105, 9.96416], ["83615962", 52.31105, 9.96416]], "52.3144599237,9.96373635717": [["716479622", 52.31447, 9.96374], ["716479622", 52.31438, 9.9637]], "52.3132553603,9.96387222782": [], "52.3126329202,9.96401974931": [], "52.3200550955,9.94465906173": [], "52.3109752312,9.96424689889": [["83615962", 52.31105, 9.96416], ["83615962", 52.31105, 9.96416]]}, "2975938": {"52.2136354353,8.81685772911": [], "52.2108304314,8.81172222085": [], "52.2120128665,8.81375608966": [], "52.2109486163,8.81175977178": [], "52.2108453512,8.81173051894": [], "52.2125761304,8.81498395465": [], "52.2113190964,8.81245186552": [], "52.2130852472,8.81604979746": [], "52.2109798808,8.8118206244": [], "52.2122460511,8.81425757892": [], "52.2134267259,8.81656184793": [], "52.2123837657,8.8145591598": [], "52.2128377296,8.81554487161": [], "52.2125269286,8.81485705264": [], "52.2127025295,8.81526567042": [], "52.2132168431,8.81623428315": [], "52.210750049,8.81155257113": [], "52.2129784618,8.81583522074": [], "52.2115201782,8.81282678805": [], "52.2108067945,8.81170562468": [], "52.21117476,8.81221356802": [], "52.212439673,8.81470483728": [], "52.211090019,8.8120589219": [["792865476", 52.2111299, 8.81198], ["809247757", 52.2111299, 8.81198]], "52.2105551697,8.81116298027": [], "52.2106558364,8.81133774295": [], "52.2124412656,8.81472503766": [], "52.2117403708,8.81324621849": [["792865476", 52.2118099, 8.81323]], "52.2133488581,8.81643787958": [], "52.2126383241,8.81508822553": [], "52.2110366262,8.81194911897": [["809247757", 52.2111299, 8.81198], ["792865476", 52.2111299, 8.81198]], "52.2110246401,8.81192715839": [], "52.2109148372,8.81173923612": [], "52.2124659922,8.8147701323": [], "52.2104718536,8.81098469719": [], "52.2135100421,8.8167167455": []}, "1317240": {"50.7296462171,10.0258739199": [], "50.7304194476,10.0282009877": [["781803237", 50.73044, 10.0282899]], "50.7364389952,10.0365004968": [["781348317", 50.7364554, 10.0364951]], "50.7389055379,10.0397716183": [], "50.7316651661,10.0302062742": [["781803238", 50.7317041, 10.0302157]], "50.7369398978,10.0374618173": [["781348318", 50.7369199, 10.03739]], "50.7375453226,10.0382724311": [["781348318", 50.7375068, 10.038211]], "50.7301508915,10.0268762279": [["781803237", 50.7301699, 10.02692]], "50.7359460555,10.0354266912": [["781348317", 50.7359564, 10.0354195]], "50.7352842204,10.0343488622": [["781348319", 50.7352899, 10.03434]], "50.7274033874,10.0214979798": [], "50.7267870661,10.0206161197": [["781803239", 50.7267499, 10.02052]], "50.7284826413,10.0238680467": [], "50.7325927913,10.0311166327": [["781803238", 50.73252, 10.03102]], "50.7335245237,10.0322065316": [["781803238", 50.7335154, 10.0321582]], "50.7279188745,10.0224020518": [], "50.7396121323,10.0405697431": [["781348318", 50.7396, 10.04054]], "50.7382151205,10.0390115473": [], "50.7289851364,10.0250445306": [], "50.7308925223,10.0293684192": [["781803238", 50.7308799, 10.02936]], "50.7344267517,10.0332998671": []}, "2976009": {"52.2080036346,8.80505257286": [["772957109", 52.2080544, 8.8050884], ["772957109", 52.2080544, 8.8050884]], "52.2079479787,8.80459542386": [["772957109", 52.2079919, 8.8045563]], "52.2096423805,8.80924964324": [["809247756", 52.20959, 8.80916], ["74603247", 52.20959, 8.80916], ["74831880", 52.20959, 8.80916]], "52.2073163185,8.80220272578": [], "52.2096526902,8.80920773372": [["809247756", 52.20959, 8.80916], ["74603247", 52.20959, 8.80916], ["74831880", 52.20959, 8.80916]], "52.2088009212,8.80773369223": [], "52.2087294236,8.80761441775": [], "52.2091778554,8.80836443044": [["74604964", 52.20923, 8.80846]], "52.2096482478,8.80933782086": [], "52.2093774285,8.80873432383": [], "52.2059345618,8.7973621767": [["587010384", 52.2059699, 8.7973199], ["587010382", 52.2059699, 8.7973199], ["587010384", 52.2058699, 8.79736]], "52.2084884439,8.80729598925": [], "52.2089270689,8.80795346573": [], "52.2060970869,8.79972713068": [["772952243", 52.20618, 8.79977]], "52.2082777228,8.80669106729": [], "52.2080616374,8.80569672212": [], "52.2080054786,8.80503421649": [["772957109", 52.2080544, 8.8050884], ["772957109", 52.2080544, 8.8050884]], "52.2082163673,8.80667606369": [], "52.2079964262,8.80503052846": [["772957109", 52.2080544, 8.8050884], ["772957109", 52.2080544, 8.8050884]], "52.2096562944,8.80924486555": [["809247756", 52.20959, 8.80916], ["74603247", 52.20959, 8.80916], ["74831880", 52.20959, 8.80916]], "52.2068906855,8.80138431676": [["74605079", 52.2069302, 8.8014489]], "52.2082479671,8.80667338148": [], "52.209598124,8.80925492384": [["74603247", 52.20959, 8.80916], ["809247756", 52.20959, 8.80916], ["74831880", 52.20959, 8.80916]], "52.2080037184,8.80513278767": [["772957109", 52.2080544, 8.8050884], ["772957109", 52.2080544, 8.8050884]], "52.2090570722,8.80816477351": [], "52.2078451328,8.80384784192": [], "52.207986787,8.80499314517": [["772957109", 52.2080544, 8.8050884], ["772957109", 52.2080544, 8.8050884]], "52.2090572398,8.80817365833": [], "52.2081342246,8.80614532158": [], "52.2080094181,8.80502616987": [["772957109", 52.2080544, 8.8050884], ["772957109", 52.2080544, 8.8050884]], "52.2082017828,8.80649602041": [], "52.2081983462,8.80663054995": [], "52.2064472828,8.80057278089": [["772952246", 52.2065299, 8.8006399], ["74617675", 52.2065299, 8.8006399]], "52.2095572203,8.80903858691": [], "52.2082658205,8.80674487911": [], "52.2083354741,8.80696155131": [], "52.2096247785,8.80924302153": [["74603247", 52.20959, 8.80916], ["809247756", 52.20959, 8.80916], ["74831880", 52.20959, 8.80916]], "52.2079795785,8.80505282432": [["772957109", 52.2080544, 8.8050884], ["772957109", 52.2080544, 8.8050884]], "52.2087887675,8.80769312382": [], "52.2096493375,8.80925274454": [["809247756", 52.20959, 8.80916], ["74603247", 52.20959, 8.80916], ["74831880", 52.20959, 8.80916]], "52.2082121763,8.80662786774": [], "52.2080255952,8.80536756478": [], "52.2058955859,8.79866044968": [["587010382", 52.20596, 8.7987599]], "52.2079990245,8.80506372079": [["772957109", 52.2080544, 8.8050884], ["772957109", 52.2080544, 8.8050884]], "52.2085907869,8.80742666312": [], "52.2082146909,8.80667606369": [], "52.2079793271,8.80504544824": [["772957109", 52.2080544, 8.8050884], ["772957109", 52.2080544, 8.8050884]], "52.2088476922,8.80783326924": [], "52.2095977888,8.80924763158": [["74603247", 52.20959, 8.80916], ["809247756", 52.20959, 8.80916], ["74831880", 52.20959, 8.80916]], "52.2081959993,8.80663742311": [], "52.2095888201,8.80922575481": [["74603247", 52.20959, 8.80916], ["809247756", 52.20959, 8.80916], ["74831880", 52.20959, 8.80916]], "52.2082145233,8.80664857104": [], "52.2080074903,8.80504402332": [["772957109", 52.2080544, 8.8050884], ["772957109", 52.2080544, 8.8050884]], "52.2086818982,8.8075367175": [["74604964", 52.20872, 8.80751], ["74604964", 52.20872, 8.80751]], "52.2076379322,8.80300931633": [], "52.2090579942,8.80817122757": [], "52.2096362617,8.80924813449": [["74603247", 52.20959, 8.80916], ["809247756", 52.20959, 8.80916], ["74831880", 52.20959, 8.80916]], "52.209016839,8.80810618401": [], "52.209663,8.80923078395": [["809247756", 52.20959, 8.80916], ["74603247", 52.20959, 8.80916], ["74831880", 52.20959, 8.80916]], "52.2084409185,8.80713908002": [["74604964", 52.20852, 8.80712], ["74604964", 52.20852, 8.80712]], "52.208220223,8.8066664245": [], "52.2090697289,8.80818036385": []}}