{"724058": {"51.8682243302,9.57756749354": [["764548329", 51.86826, 9.5776599]], "51.8641797267,9.52820747159": [["762746901", 51.86422, 9.52828]], "51.8653095234,9.56460496411": [], "51.8656027224,9.54039802775": [], "51.8575064745,9.51903498732": [], "51.8633421231,9.55601166934": [["572245231", 51.86333, 9.55595]], "51.8649608362,9.56097995862": [["572245232", 51.8649899, 9.5610499]], "51.8658995256,9.54451136291": [["79652983", 51.8658999, 9.5446]], "51.8528840225,9.50693805702": [], "51.8654136267,9.53497879207": [], "51.8497271463,9.50063763186": [], "51.8583860714,9.5209599752": [], "51.8661315367,9.5673011709": [["80723892", 51.86616, 9.56738]], "51.8547472358,9.5117376186": [], "51.8504851218,9.50259371661": [["572226686", 51.85052, 9.50265]], "51.8661440257,9.53292069957": [], "51.8653429672,9.5385498181": [], "51.8652342539,9.53669247217": [], "51.8642211333,9.54916507937": [], "51.8664752785,9.53236598521": [["586507976", 51.8664899, 9.53235], ["586507976", 51.8664899, 9.53235]], "51.8664859235,9.57002889365": [], "51.8656222522,9.56559402868": [["80723892", 51.86566, 9.5656799], ["80723892", 51.86559, 9.56553]], "51.8665836565,9.53189735301": [], "51.864501927,9.5594256185": [["572245231", 51.8645199, 9.5594499]], "51.8666465208,9.57079692744": [["764548321", 51.8666599, 9.57072]], "51.8560288288,9.51510999352": [], "51.8660834245,9.53103317879": [["586486052", 51.86611, 9.53107], ["586486052", 51.86606, 9.53098]], "51.8674064241,9.57466903143": [["80723848", 51.8674099, 9.5746399]], "51.8604930304,9.52427728102": [], "51.865261998,9.52971428633": [["586486051", 51.86529, 9.52973]], "51.8686073832,9.57879225723": [["764548327", 51.86862, 9.5788199]], "51.8671746645,9.57368172705": [["80723898", 51.8671499, 9.5735999]], "51.8651861418,9.5623825863": [], "51.8663043715,9.56916036084": [["80723894", 51.86631, 9.5691299]], "51.8539823871,9.50969528407": [], "51.8658954185,9.5664238371": [], "51.8649579864,9.54783034511": [], "51.8676493317,9.57558944821": [], "51.8678911496,9.57644716837": [], "51.859387625,9.52272512019": [], "51.8665429205,9.53229222447": [["586507976", 51.8664899, 9.53235]], "51.8663040362,9.56818965264": [["80723829", 51.86632, 9.5682099], ["80723893", 51.86632, 9.5682099]], "51.8567413744,9.5170244202": [], "51.8629375286,9.5268584881": [], "51.8652676977,9.56353744492": [["83582732", 51.8652799, 9.56359]], "51.8657964282,9.53369242139": [["764548324", 51.8658099, 9.53364]], "51.8667958863,9.57178741693": [["764548322", 51.8667899, 9.57174]], "51.8658592924,9.54224891961": [], "51.8616768904,9.52560472302": [], "51.8630295619,9.55414166674": [], "51.8663582671,9.5325403288": [], "51.8667313457,9.57114066929": [], "51.8669282366,9.57275032997": [], "51.8630914204,9.55229295418": [["60111039", 51.8631, 9.5523]], "51.8638820853,9.55779684708": [], "51.865578834,9.54629427753": [["79652983", 51.8656, 9.5462499]], "51.8553939834,9.51339807361": [["572226688", 51.8554024, 9.5134614]], "51.8635348231,9.5505666174": []}, "1084100": {"52.4263109732,9.60058093071": [["586497228", 52.4263299, 9.6006399]], "52.4264892563,9.59857145324": [["586497228", 52.42651, 9.5985]], "52.4262961373,9.60172933526": [], "52.4263330176,9.59968222305": [["586497228", 52.4263499, 9.59971]], "52.4264137354,9.59900622256": [["586497228", 52.4264199, 9.59906]]}, "851199": {"50.9934731573,8.69574953802": [["52514019", 50.9934899, 8.6957899]], "50.9716535546,8.70120758191": [["52514141", 50.9717, 8.70125], ["550093063", 50.9717, 8.70125], ["52514013", 50.9717, 8.70125]], "50.9752930608,8.69916901924": [], "50.9912889171,8.69626142085": [["78661753", 50.9913199, 8.6962499]], "50.9763075225,8.69963488542": [], "50.9989483841,8.69228227995": [], "50.9717252199,8.70115284808": [["550093063", 50.97181, 8.7011699], ["52514141", 50.9717, 8.70125], ["550093063", 50.9717, 8.70125]], "50.9945866931,8.69542423636": [], "50.9827649407,8.69900138117": [], "51.0001312383,8.69217088446": [], "50.971635282,8.70121361688": [["550093063", 50.9717, 8.70125], ["52514013", 50.9717, 8.70125], ["52514141", 50.9717, 8.70125]], "50.9788589738,8.69817852974": [], "50.9806034993,8.70020946488": [["762927384", 50.98057, 8.7002599]], "51.0046255309,8.67637753487": [], "50.9839788917,8.69861162268": [], "50.9716414846,8.70121101849": [["52514141", 50.9717, 8.70125], ["550093063", 50.9717, 8.70125], ["52514013", 50.9717, 8.70125]], "50.979600437,8.69925962761": [["762927384", 50.97959, 8.6993099]], "50.9716368746,8.70121512562": [["550093063", 50.9717, 8.70125], ["52514013", 50.9717, 8.70125], ["52514141", 50.9717, 8.70125]], "50.9716534708,8.70120615698": [["52514141", 50.9717, 8.70125], ["550093063", 50.9717, 8.70125], ["52514013", 50.9717, 8.70125]], "51.0029861983,8.68364154361": [], "50.9716538899,8.70120825246": [["52514141", 50.9717, 8.70125], ["550093063", 50.9717, 8.70125], ["52514013", 50.9717, 8.70125]], "50.9954558965,8.694178937": [["61766200", 50.9954599, 8.6940899]], "50.9716539737,8.70120833628": [["52514141", 50.9717, 8.70125], ["550093063", 50.9717, 8.70125], ["52514013", 50.9717, 8.70125]], "50.9716538899,8.70120858774": [["52514141", 50.9717, 8.70125], ["550093063", 50.9717, 8.70125], ["52514013", 50.9717, 8.70125]], "50.9922733717,8.69551752694": [], "51.0027929954,8.68631495163": [], "50.9816889558,8.69995733723": [], "51.0025035683,8.68850279599": [], "50.9716527164,8.70119936764": [["52514141", 50.9717, 8.70125], ["550093063", 50.9717, 8.70125], ["52514013", 50.9717, 8.70125]], "51.0018623527,8.69131458923": [], "50.9851238597,8.69903474115": [["62073231", 50.9851099, 8.6989499]], "51.0011548363,8.69187533855": [["61766200", 51.0010699, 8.69184]], "51.0022614989,8.69019644335": [["61766200", 51.00227, 8.69016]], "50.9716531355,8.70120422915": [["52514141", 50.9717, 8.70125], ["550093063", 50.9717, 8.70125], ["52514013", 50.9717, 8.70125]], "50.9965565242,8.69339296594": [], "50.9743220173,8.69933162816": [], "50.9726832714,8.70063568465": [], "50.9862484597,8.69976421818": [], "51.0040134843,8.677941598": [["550098535", 51.00404, 8.67801]], "50.972137358,8.7009221781": [["550093063", 50.9722, 8.70097]], "50.9888175968,8.69938745163": [], "50.971655231,8.70120791718": [["52514141", 50.9717, 8.70125], ["550093063", 50.9717, 8.70125], ["52514013", 50.9717, 8.70125]], "50.989993494,8.69901739061": [], "50.9780340269,8.69811901823": [], "50.9772302862,8.6990543548": [], "50.9875257779,8.69966573082": [], "50.9734475333,8.70007686317": [], "50.990710482,8.69780712761": [], "50.9978111275,8.69274722412": [], "51.003461536,8.67960347794": [["550098538", 51.0034599, 8.6797], ["567325138", 51.0033699, 8.67963]], "51.0031259246,8.68153399788": []}, "724057": {"51.8181962706,9.40775692463": [], "51.8378215749,9.44519276731": [], "51.8402697612,9.4767724257": [], "51.8409522995,9.45276707411": [], "51.827725824,9.4292689953": [], "51.8246334884,9.42553929985": [], "51.8236764427,9.4241231773": [], "51.8385522254,9.4468293339": [], "51.8175323401,9.40587066114": [], "51.8399068248,9.48131365702": [], "51.8397120293,9.44961279631": [], "51.8205032218,9.41648148": [], "51.8441096786,9.46635665372": [["762781473", 51.8441, 9.46631]], "51.8340487964,9.43803437054": [], "51.8193014245,9.41194217652": [["75421748", 51.8193199, 9.41198]], "51.8349000625,9.43950807676": [], "51.8436510209,9.4685815461": [["762781473", 51.8436799, 9.46853]], "51.8399027176,9.47981002741": [], "51.8187681679,9.40981409512": [["75421748", 51.8187699, 9.40979]], "51.8441990297,9.46406026371": [["762781473", 51.8441699, 9.4639899]], "51.8297795579,9.43172472529": [], "51.8266647588,9.42804783583": [], "51.8323537242,9.43530103192": [], "51.8357844371,9.44112075493": [["792493476", 51.83576, 9.4410799]], "51.830747081,9.43296901882": [["61342562", 51.83073, 9.4330099], ["74818401", 51.83083, 9.43289]], "51.8287717178,9.43049878813": [], "51.8428975716,9.47063108906": [["554725893", 51.84291, 9.4706499]], "51.8371231947,9.44373247214": [], "51.8400327209,9.47831888683": [["554725969", 51.8400099, 9.4782699], ["572226673", 51.8400099, 9.4782699]], "51.8198832963,9.41418995149": [["75421748", 51.8198799, 9.4141599]], "51.821187688,9.41880846396": [["75421748", 51.82122, 9.41881]], "51.8365646247,9.44262388162": [], "51.8375489954,9.44460527971": [], "51.825628588,9.42681024782": [], "51.8428522255,9.45797525346": [], "51.8415784277,9.45442283526": [], "51.8403311167,9.45117384195": [], "51.8219905905,9.42088223062": [], "51.8390990607,9.4481175486": [], "51.843954362,9.46184107102": [], "51.8315856904,9.4341629371": [], "51.8422213197,9.45617213845": [["554725962", 51.8422399, 9.45626]], "51.8228034675,9.42259264179": [], "51.8420185614,9.47236698121": [["554725893", 51.84199, 9.47241]], "51.8381438591,9.4459000323": [], "51.8406843301,9.47524842806": [["762781469", 51.84064, 9.4753199]], "51.8412728235,9.47379827499": [["554725884", 51.8413199, 9.4737], ["60099346", 51.8412199, 9.47389], ["554725890", 51.8413199, 9.4737], ["554725890", 51.84124, 9.47376]], "51.8331906572,9.4366235286": [["76216268", 51.83322, 9.4366799]], "51.843457818,9.459839724": [["792525596", 51.8434499, 9.4598599]]}}