{"748816": {"51.8011867907,11.2434556615": [], "51.8006304838,11.2386554293": [], "51.8018802255,11.2482231203": [], "51.8002392165,11.2289040908": [], "51.8006952759,11.2191503216": [], "51.8003174197,11.2337910756": [], "51.8021536432,11.2096527871": [], "51.8008822761,11.2410509773": [["749456656", 51.80086, 11.2409599]], "51.8009688612,11.2167429551": [], "51.8002508674,11.2313485891": [], "51.8017204665,11.2119884882": [], "51.8005057611,11.221583169": [], "51.8003632687,11.2240187824": [], "51.8002756778,11.2264616881": [], "51.8015207257,11.2458490301": [], "51.8013205659,11.2143530231": [], "51.800441891,11.2362265214": []}, "846302": {"52.3412089236,10.2592057362": [["743350691", 52.3412, 10.25919], ["67975676", 52.3412, 10.25919], ["572217463", 52.3412, 10.25919]], "52.3412134498,10.2592018805": [["572217463", 52.3412, 10.25919], ["743350691", 52.3412, 10.25919], ["67975676", 52.3412, 10.25919]], "52.3412182275,10.2592029702": [["572217463", 52.3412, 10.25919], ["743350691", 52.3412, 10.25919], ["67975676", 52.3412, 10.25919]], "52.3380003311,10.2387962211": [], "52.3404692207,10.2497523744": [], "52.33850752,10.2461191546": [["67993494", 52.33846, 10.2461699]], "52.3376704194,10.2379922289": [], "52.3384495173,10.2453653701": [], "52.3411900643,10.2596511506": [], "52.3411992844,10.259215124": [["67975676", 52.3412, 10.25919], ["743350691", 52.3412, 10.25919], ["572217463", 52.3412, 10.25919]], "52.3413836863,10.2593430318": [], "52.3411967698,10.2593017928": [], "52.340120282,10.2463842742": [], "52.3412176408,10.2592025511": [["572217463", 52.3412, 10.25919], ["743350691", 52.3412, 10.25919], ["67975676", 52.3412, 10.25919]], "52.3412031401,10.2592082508": [["743350691", 52.3412, 10.25919], ["67975676", 52.3412, 10.25919], ["572217463", 52.3412, 10.25919]], "52.3412200715,10.2592032216": [["572217463", 52.3412, 10.25919], ["743350691", 52.3412, 10.25919], ["67975676", 52.3412, 10.25919]], "52.3412011284,10.2592113521": [["67975676", 52.3412, 10.25919], ["743350691", 52.3412, 10.25919], ["572217463", 52.3412, 10.25919]], "52.3405958712,10.251865536": [["67976080", 52.3406499, 10.2519499]], "52.3412260227,10.2592004556": [["572217463", 52.3412, 10.25919], ["743350691", 52.3412, 10.25919], ["67975676", 52.3412, 10.25919]], "52.3382723238,10.242878627": [], "52.3412109353,10.259203976": [["743350691", 52.3412, 10.25919], ["67975676", 52.3412, 10.25919], ["572217463", 52.3412, 10.25919]], "52.3383686319,10.2442203183": [], "52.3409731407,10.2573476359": [], "52.3380433302,10.2402087394": [["743350701", 52.3380299, 10.2402999]], "52.3413223308,10.2594560198": [], "52.3405338451,10.2507695183": [], "52.3412138689,10.2592012938": [["572217463", 52.3412, 10.25919], ["743350691", 52.3412, 10.25919], ["67975676", 52.3412, 10.25919]], "52.3404161632,10.2487030439": [], "52.3407982942,10.2545887325": [], "52.3412131984,10.2592025511": [["572217463", 52.3412, 10.25919], ["743350691", 52.3412, 10.25919], ["67975676", 52.3412, 10.25919]], "52.3412020504,10.2592089213": [["67975676", 52.3412, 10.25919], ["743350691", 52.3412, 10.25919], ["572217463", 52.3412, 10.25919]], "52.3406893294,10.2532027848": [], "52.337941071,10.2392535377": [], "52.3379960563,10.2384006791": [], "52.3381599225,10.2414810285": [], "52.341220323,10.2592029702": [["572217463", 52.3412, 10.25919], ["743350691", 52.3412, 10.25919], ["67975676", 52.3412, 10.25919]], "52.3389097676,10.2465689275": [], "52.339536231,10.2465333883": [["67993495", 52.33952, 10.24649]], "52.3412918206,10.2609323245": [], "52.3412099294,10.259204898": [["743350691", 52.3412, 10.25919], ["67975676", 52.3412, 10.25919], ["572217463", 52.3412, 10.25919]], "52.3412121926,10.2592032216": [["743350691", 52.3412, 10.25919], ["67975676", 52.3412, 10.25919], ["572217463", 52.3412, 10.25919]], "52.3408991285,10.256023882": [], "52.3412194848,10.259203054": [["572217463", 52.3412, 10.25919], ["743350691", 52.3412, 10.25919], ["67975676", 52.3412, 10.25919]], "52.3403545562,10.2475912683": [], "52.3411923274,10.2592213266": [["67975676", 52.3412, 10.25919], ["743350691", 52.3412, 10.25919], ["572217463", 52.3412, 10.25919]], "52.3412258551,10.2592033893": [["572217463", 52.3412, 10.25919], ["743350691", 52.3412, 10.25919], ["67975676", 52.3412, 10.25919]], "52.3411959317,10.2592201531": [["67975676", 52.3412, 10.25919], ["743350691", 52.3412, 10.25919], ["572217463", 52.3412, 10.25919]], "52.341216132,10.2592020482": [["572217463", 52.3412, 10.25919], ["743350691", 52.3412, 10.25919], ["67975676", 52.3412, 10.25919]], "52.3412167188,10.2592022996": [["572217463", 52.3412, 10.25919], ["743350691", 52.3412, 10.25919], ["67975676", 52.3412, 10.25919]], "52.3412081692,10.2592060715": [["743350691", 52.3412, 10.25919], ["67975676", 52.3412, 10.25919], ["572217463", 52.3412, 10.25919]], "52.3411923274,10.2591754775": [["743350691", 52.3412, 10.25919], ["67975676", 52.3412, 10.25919], ["572217463", 52.3412, 10.25919]], "52.3412145395,10.2592012938": [["572217463", 52.3412, 10.25919], ["743350691", 52.3412, 10.25919], ["67975676", 52.3412, 10.25919]], "52.3402924463,10.2467165329": [], "52.3412185628,10.259203054": [["572217463", 52.3412, 10.25919], ["743350691", 52.3412, 10.25919], ["67975676", 52.3412, 10.25919]], "52.34126064,10.259280419": [["743350691", 52.3412, 10.25919], ["67975676", 52.3412, 10.25919], ["572217463", 52.3412, 10.25919]], "52.3412151262,10.2592015453": [["572217463", 52.3412, 10.25919], ["743350691", 52.3412, 10.25919], ["67975676", 52.3412, 10.25919]], "52.341045225,10.2584501915": [], "52.3412208259,10.2592024673": [["572217463", 52.3412, 10.25919], ["743350691", 52.3412, 10.25919], ["67975676", 52.3412, 10.25919]], "52.3411756475,10.2592535969": [["67975676", 52.3412, 10.25919], ["743350691", 52.3412, 10.25919], ["572217463", 52.3412, 10.25919]], "52.3412552755,10.2603653725": [["743350692", 52.34135, 10.26037]], "52.3412189819,10.2592029702": [["572217463", 52.3412, 10.25919], ["743350691", 52.3412, 10.25919], ["67975676", 52.3412, 10.25919]], "52.3412202392,10.2592031378": [["572217463", 52.3412, 10.25919], ["743350691", 52.3412, 10.25919], ["67975676", 52.3412, 10.25919]]}, "836997": {"51.25932022,9.44231039844": [], "51.2639776245,9.43283482455": [], "51.2591418531,9.40917547792": [], "51.2643999886,9.45115003735": [["67211385", 51.2643899, 9.45115], ["52573668", 51.2643899, 9.45115]], "51.2655957509,9.4302242808": [["807418697", 51.2655399, 9.4303099]], "51.2600504514,9.43987302482": [["708186303", 51.2600199, 9.4398599]], "51.2623189297,9.42332304083": [], "51.2611171324,9.43791543134": [], "51.2647965364,9.42875392735": [], "51.2654242571,9.43105056882": [], "51.2578532193,9.41949502565": [], "51.2615361437,9.42271459848": [], "51.265172381,9.43074387498": [["807418697", 51.26519, 9.4307099]], "51.2584497593,9.41564521752": [["550105210", 51.2584099, 9.4156699]], "51.26335904,9.43393746391": [], "51.2645775173,9.43175422959": [], "51.2584462389,9.41479252651": [], "51.2586757354,9.444973832": [["550087328", 51.25873, 9.4449599]], "51.2653533462,9.44942872971": [], "51.2582567241,9.41703543998": [["807460295", 51.2582899, 9.41701], ["550105212", 51.2582, 9.4169599]], "51.2657262571,9.43180133589": [], "51.2663751841,9.43113832735": [], "51.2616497185,9.43697213195": [], "51.2605841272,9.43886283785": [], "51.2661613617,9.43178582937": [], "51.265502125,9.45141666569": [], "51.2584535312,9.41392223351": [["550105210", 51.2584199, 9.41391]], "51.2579202745,9.42050563172": [], "51.2588685192,9.41113013774": [], "51.2590156216,9.41016051918": [["708258688", 51.2590399, 9.41014]], "51.2590404321,9.44341102615": [], "51.2629377656,9.42412166856": [], "51.2596434262,9.44105713628": [["708186303", 51.2595999, 9.4411499]], "51.263512345,9.42502624355": [["708188012", 51.26361, 9.42501]], "51.2606530264,9.42224923521": [["567285645", 51.2606099, 9.4223099]], "51.2657750398,9.44980507717": [["52573660", 51.2658599, 9.44977]], "51.2657704297,9.45064276457": [["61587016", 51.2658699, 9.4506699]], "51.2650927529,9.43000894971": [], "51.2596484553,9.42187255248": [["708188027", 51.25962, 9.4218499]], "51.2600828893,9.4469975587": [["567287593", 51.2601078, 9.4470696]], "51.2585639209,9.41305604763": [], "51.2578464299,9.41857418977": [["748940779", 51.25785, 9.41852]], "51.2635875307,9.45053832605": [["567287557", 51.26352, 9.4504999]], "51.2594437692,9.44621376693": [["576445042", 51.25935, 9.44615], ["550087327", 51.25935, 9.44615]], "51.2583774235,9.41644242033": [["550105210", 51.25833, 9.4163999]], "51.2588052358,9.44432088174": [], "51.2581317499,9.41753332503": [], "51.2661034428,9.43030214868": [], "51.2588320579,9.42167364992": [["708188027", 51.25893, 9.4217199]], "51.2590332236,9.44549904205": [], "51.2581873219,9.41732319072": [["550105212", 51.25813, 9.4174099]], "51.2626589835,9.44977481849": [["52566745", 51.2625899, 9.4497099]], "51.2650454789,9.45164917968": [["67211386", 51.26496, 9.4515899]], "51.2640284188,9.42607037723": [], "51.2627716362,9.43500406109": [], "51.257952461,9.41805233248": [["78652058", 51.25793, 9.4180699], ["78652058", 51.25797, 9.41799], ["78652058", 51.25787, 9.4181399]], "51.2581819575,9.42133083008": [["708188027", 51.2581799, 9.4212899], ["708188027", 51.2582799, 9.42141]], "51.2619177718,9.4490851555": [], "51.2608635798,9.44792501628": [], "51.264453968,9.42736848257": [], "51.2587271165,9.41212741658": [["550105211", 51.25873, 9.4120699]], "51.2620892655,9.436206026": []}, "836996": {"51.2569485605,9.38273702748": [], "51.2590390909,9.39591002651": [["567340801", 51.25913, 9.39597], ["567340801", 51.2590699, 9.3959399], ["61594356", 51.25913, 9.39597]], "51.2552182842,9.39366007224": [["78653069", 51.2551999, 9.39369], ["78653067", 51.2551999, 9.39369], ["78653067", 51.25514, 9.39367]], "51.2566975225,9.38755318522": [], "51.2563309819,9.38967187889": [["78653075", 51.2563799, 9.38967]], "51.2565869652,9.38876579516": [["78653075", 51.25656, 9.38884]], "51.2527044676,9.38313055784": [["61749332", 51.25269, 9.38317]], "51.2560252938,9.39090787433": [["78653070", 51.25607, 9.3908599]], "51.2554279994,9.39426256344": [["567285611", 51.25545, 9.3943399]], "51.2568095885,9.38530247658": [], "51.2508961558,9.38314824365": [], "51.2558127288,9.39570517279": [], "51.2560052611,9.39620414749": [], "51.2566296291,9.38832582906": [["78653075", 51.2566399, 9.3882999]], "51.2555258162,9.38261171803": [["61603816", 51.25561, 9.38264], ["550079834", 51.25561, 9.38264]], "51.2581458315,9.39593751915": [["567338317", 51.2581, 9.3959799]], "51.2590729538,9.39627832733": [["567340804", 51.25905, 9.3963099]], "51.2567299604,9.38693577424": [], "51.2543180678,9.38239454292": [], "51.2537796982,9.38257467002": [], "51.2589475606,9.3968348857": [["567340804", 51.2589699, 9.3969299]], "51.2559421454,9.39615192823": [["567285611", 51.2558899, 9.39613]], "51.2566464767,9.38259964809": [], "51.2520794291,9.38313826919": [], "51.2553880177,9.39300293103": [], "51.2514753453,9.38310474157": [["61594561", 51.25148, 9.38317]], "51.2568808347,9.39603592269": [["567338298", 51.25693, 9.3961]], "51.2568774819,9.3838711828": [], "51.2561959494,9.3902801536": [], "51.2567620631,9.38590823673": [], "51.2566855364,9.38785619102": [], "51.2564985361,9.38914004713": [["78653075", 51.2565099, 9.3891199]], "51.2532561645,9.38288345933": [["61749332", 51.25324, 9.38296]], "51.256299885,9.39619576558": [], "51.2558580749,9.39155688509": [], "51.2556419894,9.39226088114": [], "51.2561497651,9.38260358758": [], "51.2548931502,9.38252236694": [["792596807", 51.2548399, 9.3825199]], "51.2568482291,9.38457425684": [], "51.2588389311,9.39758372493": [], "51.2556769419,9.39495935105": [], "51.2569139432,9.38321152702": [], "51.2575140875,9.39591304399": [], "51.2587029766,9.39601563849": [["567338316", 51.2586399, 9.39603]], "51.2503446266,9.38344932161": [], "51.2567652483,9.3863362167": []}}