{"709018": {"52.395651564,9.71784861758": [["51912741", 52.3956699, 9.71788], ["51924388", 52.3956699, 9.71788]], "52.4005506188,9.7129477188": [["51911804", 52.4006499, 9.7129699]], "52.4020559248,9.71266239882": [], "52.3956570961,9.71786647104": [["51924388", 52.3956699, 9.71788], ["51912741", 52.3956699, 9.71788]], "52.3956341296,9.71785431728": [["51929610", 52.3955399, 9.7179], ["51924388", 52.3956699, 9.71788], ["51912741", 52.3956699, 9.71788]], "52.3942962941,9.71818062477": [], "52.3956212215,9.71785456873": [["51929610", 52.3955399, 9.7179], ["51924388", 52.3956699, 9.71788], ["51912741", 52.3956699, 9.71788]], "52.3985002376,9.71437834203": [], "52.4027599208,9.71257036552": [], "52.396975318,9.71673876978": [], "52.394922087,9.7179491166": [], "52.3977619596,9.71568793058": [], "52.3932992667,9.71868001856": [], "52.4052537885,9.71190207638": [], "52.3922847211,9.71989086829": [], "52.3980819806,9.71495769918": [], "52.395575121,9.71785322763": [["51929610", 52.3955399, 9.7179], ["51924388", 52.3956699, 9.71788], ["51912741", 52.3956699, 9.71788]], "52.4071915168,9.71017104574": [], "52.3960474413,9.71775658429": [["51924369", 52.3961199, 9.71767]], "52.3953471333,9.71784249879": [["67918112", 52.39538, 9.71777], ["51924394", 52.39525, 9.71782], ["51929610", 52.39538, 9.7179199]], "52.3998160288,9.71321744844": [], "52.3956808168,9.71786378883": [["51924388", 52.3956699, 9.71788], ["51912741", 52.3956699, 9.71788], ["51924388", 52.3957699, 9.7178599]], "52.4065662269,9.71071427688": [], "52.4041451979,9.71233282238": [["723683260", 52.4040999, 9.7123499]], "52.3973790742,9.71619838849": [["51924358", 52.39736, 9.71624]], "52.408089973,9.70938398503": [], "52.395808557,9.71785314381": [], "52.403457379,9.71244933084": [], "52.4086683244,9.70887419768": [], "52.4058773182,9.71131408587": [], "52.3917850759,9.72048698924": [], "52.3937815614,9.71842378378": [], "52.4076366797,9.70978262834": [], "52.4093042593,9.70832912251": [], "52.3929229192,9.71901043318": [["51913363", 52.3928399, 9.71893]], "52.3966308217,9.71710422076": [], "52.3988883197,9.71410182305": [["723683261", 52.3989799, 9.7142]], "52.3956491333,9.71785532311": [["51924388", 52.3956699, 9.71788], ["51912741", 52.3956699, 9.71788]], "52.3925764952,9.71945232712": [], "52.3993449658,9.71367786638": [], "52.3963091243,9.71747118048": [], "52.4047564901,9.71221195534": [], "52.4012082629,9.71277924255": [["51911804", 52.4012, 9.71282]], "52.3956952337,9.71787233837": [["51924388", 52.3956699, 9.71788], ["51924388", 52.3957699, 9.7178599], ["51912741", 52.3956699, 9.71788]], "52.3956289329,9.7178680636": [["51929610", 52.3955399, 9.7179], ["51924388", 52.3956699, 9.71788], ["51912741", 52.3956699, 9.71788]], "52.3956994247,9.71787543967": [["51924388", 52.3956699, 9.71788], ["51924388", 52.3957699, 9.7178599], ["51912741", 52.3956699, 9.71788]], "52.3972177226,9.71643785946": [["51924358", 52.39716, 9.71637]], "52.3919989821,9.72024039365": []}}