{"1097711": {"51.8692793604,9.58115478046": [], "51.8630797695,9.55244558863": [], "51.8637203984,9.55725738779": [], "51.8679902237,9.58432875574": [], "51.8615494855,9.59369368851": [], "51.865810426,9.54139203764": [["79656350", 51.8657699, 9.54147]], "51.8589505926,9.59778439254": [], "51.8670757581,9.57279366441": [], "51.8644952215,9.59098465741": [], "51.8689490296,9.58197562024": [["764711723", 51.86887, 9.58189]], "51.8651376944,9.56378689036": [], "51.865194859,9.56479422748": [], "51.860389933,9.59569067694": [["79673728", 51.8603199, 9.59567], ["79673727", 51.8603199, 9.59567]], "51.8655778281,9.53501072712": [], "51.8621692434,9.59238979965": [["79673334", 51.86224, 9.59239], ["79673334", 51.86224, 9.59239]], "51.8651704676,9.56284484826": [], "51.8672753312,9.57384014502": [["80723848", 51.86721, 9.5738], ["80723848", 51.86721, 9.5738]], "51.8679792434,9.57605866715": [], "51.8619632162,9.59287217818": [], "51.8665997498,9.58759308793": [], "51.8659874517,9.54480632208": [], "51.8659047224,9.56800592132": [], "51.8630184978,9.5545030944": [["572245231", 51.86306, 9.5544599], ["572245231", 51.86306, 9.5544599]], "51.8594777305,9.59696833044": [], "51.8663440179,9.5702272933": [], "51.8636482302,9.55062688328": [], "51.8658972625,9.58927734755": [], "51.868330026,9.57706868649": [], "51.8650190905,9.54810476862": [], "51.8687254842,9.5784978848": [], "51.8660489749,9.54302206635": [], "51.8689823896,9.57931864075": [], "51.8665627856,9.532595817": [], "51.8684969936,9.58307876252": [], "51.8626310863,9.59152436815": [], "51.8651212659,9.53643498011": [], "51.8675400317,9.57476148382": [], "51.8667112291,9.53230462968": [], "51.8667048588,9.53235642985": [], "51.8642438482,9.5586170163": [["572245231", 51.86419, 9.55865]], "51.8647418171,9.56066932529": [], "51.8643532321,9.54931612127": [], "51.8653052486,9.53804966994": [["79656350", 51.8653, 9.5380799]], "51.8673245329,9.58591653965": [], "51.8655092642,9.5397424791": [], "51.8673132174,9.57348877564": [], "51.8674281333,9.57423568703": [], "51.8655628245,9.56572914496": [["80723892", 51.86566, 9.5656799]], "51.8660938181,9.53351464123": [], "51.8666813895,9.53234042041": [], "51.8672520295,9.57363671623": [], "51.8612193223,9.59440506063": [], "51.86559828,9.54675846733": [], "51.8608943559,9.59507863037": [["79673725", 51.8609499, 9.59514], ["79673725", 51.8609499, 9.59514]], "51.8634591345,9.59061484784": [], "51.8676971924,9.57526389509": [], "51.8651556317,9.59091383033": [], "51.8633098528,9.55586347729": [["572245231", 51.86333, 9.55595], ["572245231", 51.86333, 9.55595]], "51.8598998431,9.5964524243": [["79673727", 51.8598599, 9.59649], ["79673727", 51.8598599, 9.59649]], "51.8657280318,9.5671813935": [], "51.8693884928,9.5805784408": [], "51.8622211274,9.5921988599": [["79673334", 51.8622999, 9.59216], ["79673334", 51.8622999, 9.59216]]}, "743084": {"52.4212993495,9.55408701673": [], "52.421370931,9.55429404974": [], "52.4212351441,9.55391895957": [], "52.4215022754,9.55565728247": [], "52.4214503914,9.55544823781": [], "52.4215407483,9.55568695441": [], "52.4213429354,9.554060027": [], "52.4213637225,9.55400646664": [], "52.4215583503,9.55589574762": [], "52.421512669,9.55622431822": [], "52.4215693306,9.55579399131": [], "52.4214958213,9.55615055747": [], "52.4213636387,9.55407025293": [], "52.4214469548,9.55534933135": [], "52.4215693306,9.55622197129": [], "52.4215461966,9.55574428663": [], "52.4214573484,9.55520717427": [["554743310", 52.42141, 9.5551799]]}, "743085": {"52.4219952989,9.5642107632": [], "52.4217860866,9.56218452193": [["51927514", 52.4217899, 9.5622099], ["51927515", 52.4217899, 9.5622099], ["51908475", 52.4217899, 9.5622099]], "52.421778962,9.56221519969": [["51908475", 52.4217899, 9.5622099], ["51927515", 52.4217899, 9.5622099], ["51927514", 52.4217899, 9.5622099]], "52.4216776248,9.55838525668": [], "52.4220257252,9.56391622312": [["51921818", 52.4219299, 9.5638499]], "52.4217610247,9.55832222477": [], "52.4220328499,9.56402426586": [], "52.4218888488,9.56206214614": [], "52.4224852212,9.56476539373": [], "52.4220898468,9.56561221741": [], "52.4220321793,9.56355647184": [], "52.4224069342,9.5644917246": [], "52.4220970552,9.56363358535": [], "52.4220394716,9.56371212378": [], "52.4220152479,9.56403843127": [], "52.4218890164,9.56102647819": [], "52.4220499489,9.55919117667": [], "52.4223429803,9.56602846272": [], "52.4222660344,9.56511374563": [], "52.4217725918,9.56167632714": [], "52.4220462609,9.5636901632": [], "52.4216584302,9.55762359314": [], "52.4218584225,9.56268534064": [], "52.422194453,9.56526981667": [], "52.422050871,9.5659816917": [], "52.4216442648,9.55780464225": [], "52.4215329532,9.55758168362": [], "52.4217804708,9.56230572425": [["51927514", 52.4217899, 9.5622099], ["51908475", 52.4217899, 9.5622099], ["51927515", 52.4217899, 9.5622099]], "52.4217856675,9.56238208339": [], "52.4219535571,9.56415485591": [], "52.4218693189,9.56108624116": [], "52.4216360506,9.55790212378": [], "52.4217779562,9.56032969058": [], "52.4223614205,9.56493646838": [], "52.4219073728,9.56106511876": [], "52.4219035171,9.56099152565": [], "52.4218856636,9.56202928908": [], "52.4219936226,9.55870117061": [], "52.4217259884,9.5583421737": [], "52.4217739329,9.56228619441": [["51927514", 52.4217899, 9.5622099], ["51908475", 52.4217899, 9.5622099], ["51927515", 52.4217899, 9.5622099]], "52.4220736697,9.56405469216": [], "52.4220361188,9.56395938992": [], "52.42197535,9.55940575339": [], "52.4217450991,9.55812432803": [["554743311", 52.42167, 9.5581399]], "52.4219086301,9.56326377578": [], "52.4220873322,9.56565639004": [], "52.4219858274,9.56412392668": [], "52.4219022598,9.56423473544": [], "52.4220271502,9.56586375833": [], "52.4218750186,9.56278877333": [], "52.4218954705,9.56295238808": [], "52.4218950514,9.56143182702": [], "52.4218838196,9.56099621952": [], "52.4217833206,9.56247218885": [], "52.4218198657,9.56212283112": [["51927514", 52.4217899, 9.5622099], ["51908475", 52.4217899, 9.5622099], ["51927515", 52.4217899, 9.5622099]], "52.4220273178,9.56392678432": [["51921818", 52.4219299, 9.5638499]], "52.4216940533,9.55802852288": [], "52.4217536487,9.55826019868": [], "52.4220927805,9.55880527385": [], "52.4219087977,9.56090804189": [], "52.4217850808,9.56226767041": [["51927514", 52.4217899, 9.5622099], ["51908475", 52.4217899, 9.5622099], ["51927515", 52.4217899, 9.5622099]], "52.4218881782,9.56090401858": [], "52.421785919,9.5583056286": [], "52.4222835526,9.56407539546": [], "52.4219157547,9.56094425172": [], "52.4228060804,9.5661710389": []}}