{"724056": {"51.7861353233,9.38687592745": [], "51.7861280311,9.3868889194": [], "51.7861386761,9.38687123358": [], "51.7861347366,9.38690199517": [], "51.786138257,9.38687223941": [], "51.7861244269,9.38686712645": [], "51.7861280311,9.38688942231": [], "51.7861289531,9.38686804846": [], "51.79272593,9.39661712386": [["792859479", 51.79279, 9.3966999]], "51.7861388437,9.38687165268": [], "51.7861350719,9.38687475398": [], "51.7861276958,9.38688984141": [], "51.7861212417,9.38704725355": [], "51.7861379217,9.38687332906": [], "51.7861378379,9.38687282614": [], "51.7861260194,9.3868849799": [], "51.7888958193,9.3923523277": [], "51.7861233372,9.38686729409": [], "51.7861307971,9.38686829992": [], "51.7861253489,9.38688883558": [], "51.7906785663,9.39384095371": [], "51.7861275282,9.38688263297": [], "51.7861369997,9.38687374815": [], "51.7860659212,9.38737062737": [], "51.7870713305,9.38915899023": [["792859838", 51.7869999, 9.38906]], "51.7861368321,9.38687064685": [], "51.7942846287,9.39877135679": [["792859480", 51.7943199, 9.39878]], "51.786135491,9.38687056303": [], "51.7861214932,9.38686586916": [], "51.7914691474,9.39461544156": [["792859479", 51.7914199, 9.39458]], "51.7861289531,9.38689227216": [], "51.7860849481,9.38718932681": [], "51.7861275282,9.38689042814": [], "51.7862686794,9.38774881884": [], "51.7881563678,9.39129008912": [], "51.7861252651,9.38688707538": [], "51.78612669,9.38688875176": [], "51.7861349881,9.38687039539": [], "51.7875769269,9.39016523771": [["74821483", 51.7876189, 9.3902579]], "51.7861334793,9.38687718473": [], "51.7861318868,9.3868796993": [], "51.7897542939,9.39319244586": [["75390173", 51.7897199, 9.39318]], "51.7861277796,9.38688841648": [], "51.7866740283,9.38839229755": [["792859838", 51.7866599, 9.38841]], "51.78612669,9.38686712645": [], "51.7861256842,9.38686704263": [], "51.7861317191,9.38686846755": [], "51.7861274444,9.38686746173": [], "51.7861362454,9.38687047921": [], "51.7861386761,9.38687182032": [], "51.792134,9.39553669654": [["792859479", 51.7922, 9.3956199]], "51.7861381732,9.38687165268": [], "51.7861249298,9.3868889194": [], "51.786122499,9.38686637208": [], "51.7861333955,9.3868787773": [], "51.7861357424,9.38687416725": [], "51.7861198168,9.38686494716": [], "51.7861375865,9.38687123358": [], "51.7861293722,9.38688087277": [], "51.7861352395,9.38687643036": [], "51.7861277796,9.38689118251": [], "51.7861183919,9.38686402515": [], "51.7861388437,9.3868717365": [], "51.786132725,9.38686846755": [], "51.7861333955,9.38686863519": [], "51.7861295398,9.38689277507": [], "51.7861477286,9.38692688942": [], "51.7933453526,9.39768405631": [], "51.7861249298,9.38688782975": [], "51.7861342337,9.38686922193": []}, "851199": {"50.9716086276,8.70120632462": [["550093063", 50.9717, 8.70125], ["52514013", 50.9717, 8.70125], ["52514141", 50.9717, 8.70125]], "50.9716083761,8.70120607316": [["550093063", 50.9717, 8.70125], ["52514013", 50.9717, 8.70125], ["52514141", 50.9717, 8.70125]], "50.9716107231,8.70120682754": [["550093063", 50.9717, 8.70125], ["52514013", 50.9717, 8.70125], ["52514141", 50.9717, 8.70125]], "50.971609382,8.70120632462": [["550093063", 50.9717, 8.70125], ["52514013", 50.9717, 8.70125], ["52514141", 50.9717, 8.70125]], "50.9716098849,8.70120682754": [["550093063", 50.9717, 8.70125], ["52514013", 50.9717, 8.70125], ["52514141", 50.9717, 8.70125]], "50.9716100525,8.70120649226": [["550093063", 50.9717, 8.70125], ["52514013", 50.9717, 8.70125], ["52514141", 50.9717, 8.70125]], "50.971608879,8.70120649226": [["550093063", 50.9717, 8.70125], ["52514013", 50.9717, 8.70125], ["52514141", 50.9717, 8.70125]], "50.9716542251,8.70120774955": [["52514141", 50.9717, 8.70125], ["550093063", 50.9717, 8.70125], ["52514013", 50.9717, 8.70125]], "50.9716081247,8.70120598935": [["550093063", 50.9717, 8.70125], ["52514013", 50.9717, 8.70125], ["52514141", 50.9717, 8.70125]], "50.9716105554,8.7012066599": [["550093063", 50.9717, 8.70125], ["52514013", 50.9717, 8.70125], ["52514141", 50.9717, 8.70125]], "50.9716087952,8.70120582171": [["550093063", 50.9717, 8.70125], ["52514013", 50.9717, 8.70125], ["52514141", 50.9717, 8.70125]]}, "724057": {"51.8168302719,9.40440357663": [["75421747", 51.8168699, 9.4045]], "51.8084334489,9.40059794113": [["74803901", 51.80852, 9.4006399]], "51.8098197319,9.40094729885": [], "51.8157823663,9.4029830955": [["75421747", 51.81577, 9.40299]], "51.8138025608,9.40170535818": [["75421746", 51.81387, 9.4017499]], "51.816171119,9.4034310244": [], "51.8144594505,9.40196335316": [["75421746", 51.81441, 9.40197]], "51.8121521641,9.40143755637": [], "51.8129888456,9.40156931989": [], "51.8111252971,9.40128316171": [], "51.815662086,9.40285652876": [], "51.8150299229,9.40231421962": [["75421746", 51.81495, 9.4023]], "51.8154608365,9.40265947022": [["75421747", 51.81547, 9.4027099]]}}