{"2990260": {"53.2131352276,10.591173945": [], "53.2105450518,10.6007100362": [["554702717", 53.2105099, 10.6006199]], "53.2180356234,10.5797164701": [["586490614", 53.21805, 10.5797099]], "53.2124229334,10.5958866701": [], "53.21197249,10.5971962586": [["554702717", 53.2119199, 10.59726]], "53.2075991482,10.6042192876": [], "53.2008402329,10.6232787296": [], "53.2015181612,10.6185643282": [], "53.2175989263,10.5814245343": [], "53.2171000354,10.5829017609": [["762851137", 53.2171399, 10.58291]], "53.2088142727,10.6031307299": [], "53.20114173,10.6218674686": [], "53.2131018676,10.5925369263": [], "53.2152644824,10.586067019": [["762851140", 53.2152999, 10.5859799]], "53.2167238556,10.5839060806": [["762851138", 53.21672, 10.58393], ["762851140", 53.2166799, 10.584]], "53.2040490769,10.6073809415": [], "53.2138106413,10.5885038897": [], "53.2133863494,10.5899500195": [], "53.2189186569,10.5762254912": [["586490615", 53.2188869, 10.5762763]], "53.2162282337,10.5847880244": [], "53.2017763238,10.6145537551": [], "53.2184770983,10.5779592879": [], "53.2196616288,10.5731416214": [], "53.2200604398,10.5714717787": [], "53.2064886298,10.6051463261": [], "53.2096281555,10.6022483669": [], "53.2144333329,10.5872342829": [], "53.2053154986,10.606149137": [], "53.219249323,10.5748234503": [], "53.2128456328,10.5942603294": [], "53.2036814466,10.6083550863": [], "53.2013969589,10.6202706322": [], "53.2117087953,10.5981850717": [], "53.2045263425,10.6068317592": [], "53.2204552274,10.5697724316": [], "53.2016464882,10.6166038848": [], "53.2024161983,10.6117310654": []}, "726464": {"51.2609229237,9.43612773903": [], "51.2609138712,9.43615137599": [], "51.2609231751,9.43612882867": [], "51.2609191518,9.43614869379": [], "51.2609224208,9.43614056334": [], "51.2609167211,9.43614592776": [], "51.260921834,9.4361456763": [], "51.2609211635,9.43613352254": [], "51.2609277852,9.43616445176": [], "51.2609216664,9.43614408374": [], "51.2609155476,9.43614777178": [], "51.2609189842,9.43614022806": [], "51.2609275337,9.43614106625": [], "51.2609180622,9.43614274263": [], "51.2609202415,9.43613695912": [], "51.2609107699,9.43615322001": [], "51.2609187327,9.43613955751": [], "51.2609215826,9.43614492193": [], "51.260922756,9.4361460954": [], "51.2609188166,9.43614475429": [], "51.2609236781,9.43612715229": [], "51.2609230913,9.43612748757": [], "51.260899622,9.43613586947": [], "51.2609128654,9.4361527171": [], "51.2609225884,9.43614592776": [], "51.2609188166,9.43614123389": [], "51.2609270308,9.43614056334": [], "51.2609282881,9.43614576012": [], "51.2609209958,9.43614399992": [], "51.2609250192,9.43613125943": []}, "2990261": {"53.2334860694,10.5160170235": [], "53.2252349239,10.5497982726": [], "53.2328825723,10.5187458359": [], "53.2302595396,10.5203809775": [["80677499", 53.23035, 10.5203599]], "53.2329713367,10.5165467598": [], "53.2325026207,10.516722193": [], "53.233540887,10.516046444": [], "53.2272540405,10.5396088958": [], "53.2289179321,10.5308505613": [], "53.2266283315,10.5424860679": [], "53.2311208639,10.5207246356": [], "53.2290920243,10.5258365907": [], "53.2335556392,10.5160393193": [], "53.2290983945,10.5270159245": [], "53.2275541965,10.5380771868": [["762851150", 53.22762, 10.5379899]], "53.2284204662,10.5336237978": [], "53.2328301854,10.5193759874": [], "53.2249512803,10.551290838": [], "53.2263502199,10.5439255759": [], "53.2292271405,10.5198171269": [["80689454", 53.22923, 10.51978], ["80689458", 53.22923, 10.51978], ["80689455", 53.22923, 10.51978]], "53.2292165793,10.5198841821": [], "53.2306487951,10.5205574166": [], "53.2336095348,10.5158182885": [], "53.2292817906,10.5197915621": [["80689455", 53.22923, 10.51978], ["80689458", 53.22923, 10.51978], ["80689454", 53.22923, 10.51978]], "53.2288792916,10.5239213258": [], "53.2288525533,10.5219461303": [], "53.229298722,10.5197672546": [["80689455", 53.22923, 10.51978], ["80689458", 53.22923, 10.51978], ["80689454", 53.22923, 10.51978]], "53.2289775275,10.5249186885": [], "53.2335827965,10.516014928": [], "53.2260748744,10.5453454703": [], "53.228839729,10.5228862446": [], "53.2328663953,10.5174504966": [], "53.2292913459,10.5197662488": [["80689455", 53.22923, 10.51978], ["80689458", 53.22923, 10.51978], ["80689454", 53.22923, 10.51978]], "53.2291193493,10.5282246787": [], "53.2299101818,10.5202239845": [["80689455", 53.22996, 10.52014]], "53.2316868939,10.5207214504": [], "53.2328249887,10.5169158988": [["540628036", 53.2328299, 10.5169799]], "53.232917944,10.5180387385": [], "53.2292613387,10.5198386684": [["80689455", 53.22923, 10.51978], ["80689454", 53.22923, 10.51978], ["80689458", 53.22923, 10.51978]], "53.2314085308,10.5208749231": [], "53.2290762663,10.5295372847": [], "53.2289278228,10.5211865623": [], "53.2294878177,10.5200290214": [], "53.2286780421,10.5322163925": [], "53.2269174233,10.5410760641": [], "53.2278473955,10.5365519319": [], "53.2290054392,10.5205404852": [], "53.2325021178,10.5167657789": [], "53.2334283181,10.5162864178": [], "53.2255336549,10.5484045297": [], "53.2292282302,10.5198669992": [["80689454", 53.22923, 10.51978], ["80689458", 53.22923, 10.51978], ["80689455", 53.22923, 10.51978]], "53.229254717,10.5198847689": [], "53.2326204702,10.5198728666": [], "53.2292240392,10.5198844336": [], "53.2334956247,10.5160414986": [], "53.2257994451,10.5468091182": [], "53.2321815938,10.5202770419": [["718224192", 53.2321399, 10.5203299]], "53.233472323,10.5160278361": [], "53.2290987298,10.5199964996": [], "53.2292772643,10.5197881255": [["80689455", 53.22923, 10.51978], ["80689458", 53.22923, 10.51978], ["80689454", 53.22923, 10.51978]], "53.2292268891,10.5198865291": [], "53.2281513233,10.5350579415": []}, "726465": {"51.2608894799,9.43618507124": [], "51.2608493306,9.43609454669": [], "51.2609037291,9.43619186059": [], "51.2608638313,9.43607518449": [], "51.2608931679,9.43608784117": [], "51.2608846184,9.43618942983": [], "51.2608842831,9.43619571626": [], "51.2608788349,9.43606135435": [], "51.2609518413,9.4361020904": [], "51.2609066628,9.43618155085": [], "51.2608939223,9.4361835625": [], "51.2609120272,9.43605422974": [], "51.2609017175,9.43609496579": [], "51.2608592212,9.43611533381": [], "51.2609028909,9.43618138321": [], "51.2608878873,9.43618582562": [], "51.2608825229,9.43613603711": [], "51.2608919945,9.43618423305": [], "51.2609257735,9.43606361747": [], "51.2609032262,9.43618448451": [], "51.2609079201,9.4361747615": [], "51.2608851213,9.43618959747": [], "51.2608872168,9.43619177677": []}}