{"629256": {"51.7257570382,8.73349157162": [["51549799", 51.7253799, 8.7334799], ["51549798", 51.7253799, 8.7334799], ["51549801", 51.7253799, 8.7334799]], "51.7257499974,8.73346667737": [["51549799", 51.7253799, 8.7334799], ["51549798", 51.7253799, 8.7334799], ["51549801", 51.7253799, 8.7334799]], "51.7257801723,8.73345804401": [["51549799", 51.7253799, 8.7334799], ["51549798", 51.7253799, 8.7334799], ["51549801", 51.7253799, 8.7334799]], "51.7257514223,8.73346625827": [["51549799", 51.7253799, 8.7334799], ["51549798", 51.7253799, 8.7334799], ["51549801", 51.7253799, 8.7334799]], "51.7257877998,8.73346508481": [["51549799", 51.7253799, 8.7334799], ["51549798", 51.7253799, 8.7334799], ["51549801", 51.7253799, 8.7334799]], "51.7251893319,8.73360011727": [["51549798", 51.7253799, 8.7334799], ["51549801", 51.7253799, 8.7334799], ["51549799", 51.7253799, 8.7334799]], "51.7257903982,8.73346818611": [["51549799", 51.7253799, 8.7334799], ["51549798", 51.7253799, 8.7334799], ["51549801", 51.7253799, 8.7334799]], "51.7252712231,8.73377613723": [["51549798", 51.7253799, 8.7334799]], "51.7257546913,8.73346508481": [["51549799", 51.7253799, 8.7334799], ["51549798", 51.7253799, 8.7334799], ["51549801", 51.7253799, 8.7334799]], "51.7257545236,8.73346466571": [["51549799", 51.7253799, 8.7334799], ["51549798", 51.7253799, 8.7334799], ["51549801", 51.7253799, 8.7334799]], "51.7257847823,8.73346282169": [["51549799", 51.7253799, 8.7334799], ["51549798", 51.7253799, 8.7334799], ["51549801", 51.7253799, 8.7334799]], "51.7257683538,8.73345041648": [["51549799", 51.7253799, 8.7334799], ["51549798", 51.7253799, 8.7334799], ["51549801", 51.7253799, 8.7334799]], "51.7257475667,8.73346642591": [["51549799", 51.7253799, 8.7334799], ["51549798", 51.7253799, 8.7334799], ["51549801", 51.7253799, 8.7334799]], "51.725755278,8.73346458189": [["51549799", 51.7253799, 8.7334799], ["51549798", 51.7253799, 8.7334799], ["51549801", 51.7253799, 8.7334799]], "51.7257467285,8.7334721256": [["51549799", 51.7253799, 8.7334799], ["51549798", 51.7253799, 8.7334799], ["51549801", 51.7253799, 8.7334799]], "51.7252764199,8.73319409788": [["51549801", 51.7253799, 8.7334799]], "51.7257768195,8.73351411894": [["51549799", 51.7253799, 8.7334799], ["51549798", 51.7253799, 8.7334799]], "51.7257880513,8.73347036541": [["51549799", 51.7253799, 8.7334799], ["51549798", 51.7253799, 8.7334799], ["51549801", 51.7253799, 8.7334799]], "51.7256469838,8.73388459906": [["51549798", 51.7253799, 8.7334799]], "51.7257556971,8.73346433043": [["51549799", 51.7253799, 8.7334799], ["51549798", 51.7253799, 8.7334799], ["51549801", 51.7253799, 8.7334799]], "51.7257529311,8.73346533626": [["51549799", 51.7253799, 8.7334799], ["51549798", 51.7253799, 8.7334799], ["51549801", 51.7253799, 8.7334799]]}, "1274064": {"53.1347366888,8.89856141992": [["782340459", 53.13503, 8.89854], ["586484694", 53.1344, 8.89838], ["782340460", 53.13523, 8.89856], ["51870729", 53.13467, 8.8984799]], "53.1298231333,8.89905553311": [["67948985", 53.1297299, 8.89936], ["572204436", 53.12974, 8.8990099], ["51870777", 53.13013, 8.8989499], ["67948985", 53.12965, 8.8996299]], "53.1354631484,8.89857533388": [["782340459", 53.13503, 8.89854], ["782340460", 53.13523, 8.89856], ["51870764", 53.13562, 8.8986199], ["51870764", 53.13538, 8.8985799]], "53.132619923,8.89812824316": [["780241035", 53.13214, 8.89828], ["780241036", 53.13292, 8.8980199], ["780241036", 53.1332399, 8.8979899], ["780241036", 53.1332399, 8.8979899]], "53.1348933466,8.89853795059": [["586484693", 53.1341299, 8.8982899], ["586484693", 53.1344, 8.89838], ["586484696", 53.1341299, 8.8982899], ["782340459", 53.13503, 8.89854]], "53.1323168334,8.89817048796": [["780241036", 53.13292, 8.8980199], ["780241035", 53.13214, 8.89828], ["780241036", 53.1332399, 8.8979899], ["780241036", 53.1332399, 8.8979899]], "53.1338510569,8.89847902581": [["51870729", 53.13467, 8.8984799], ["586484696", 53.13348, 8.89805], ["586484696", 53.13378, 8.89818], ["586484693", 53.1341299, 8.8982899]], "53.1319097243,8.89830619097": [["780241035", 53.13214, 8.89828]], "53.1350694504,8.89861145988": [["586484693", 53.1341299, 8.8982899], ["586484693", 53.1344, 8.89838], ["586484694", 53.1344, 8.89838], ["586484694", 53.13467, 8.8984799]], "53.1312555168,8.89847248793": [["780241035", 53.13214, 8.89828]], "53.1351934187,8.89857072383": [["51870729", 53.13503, 8.89854], ["782340459", 53.13523, 8.89856], ["782340460", 53.13538, 8.8985799], ["51870764", 53.13562, 8.8986199]], "53.1294506416,8.89908193611": [["572204436", 53.12893, 8.89887], ["51870777", 53.13013, 8.8989499], ["572204436", 53.12905, 8.89892], ["51870783", 53.1301, 8.8987099]], "53.1292777229,8.89902133495": [["572204436", 53.12893, 8.89887], ["51870777", 53.13013, 8.8989499], ["572204436", 53.12905, 8.89892], ["51870783", 53.1301, 8.8987099]], "53.1332585402,8.89822203666": [["586484696", 53.13378, 8.89818], ["586484693", 53.1341299, 8.8982899], ["780241036", 53.1332399, 8.8979899], ["780241036", 53.13292, 8.8980199]], "53.1300723273,8.8989647571": [["51870777", 53.13013, 8.8989499], ["572204436", 53.12974, 8.8990099], ["67948985", 53.12965, 8.8996299], ["51870783", 53.1301, 8.8987099]], "53.1305746548,8.89861363918": [["51870783", 53.1301, 8.8987099], ["51870777", 53.13013, 8.8989499], ["572204436", 53.12974, 8.8990099], ["51870783", 53.1298, 8.89879]], "53.1341257319,8.89859695919": [["782340459", 53.13503, 8.89854], ["51870729", 53.13467, 8.8984799], ["586484696", 53.13348, 8.89805], ["586484696", 53.13378, 8.89818]]}, "629255": {"51.7130674236,8.72000483796": [["797886471", 51.7129799, 8.71994]], "51.7275798507,8.7264386192": [["51550551", 51.7277, 8.7261], ["75322501", 51.7277, 8.7261], ["75322386", 51.72848, 8.72659], ["75322386", 51.7277, 8.7261]], "51.7153183836,8.72073791921": [["51548569", 51.71571, 8.72098], ["797886471", 51.7153699, 8.72078], ["51548534", 51.71571, 8.72098], ["51548535", 51.7157299, 8.72026]], "51.7142036743,8.7203630805": [["797886471", 51.7141499, 8.72029]], "51.7262862716,8.73066259548": [["51549801", 51.72625, 8.7307199]], "51.717492817,8.72171985917": [["51548558", 51.71713, 8.72152], ["51548564", 51.71817, 8.7217899]], "51.7257773224,8.73345427215": [["51549799", 51.7253799, 8.7334799], ["51549798", 51.7253799, 8.7334799], ["51549801", 51.7253799, 8.7334799]], "51.7274794355,8.72664045542": [["51550551", 51.7277, 8.7261], ["61359569", 51.72756, 8.726], ["61359569", 51.7277, 8.7261]], "51.7255167291,8.73393606395": [["51549799", 51.7253799, 8.7334799], ["51549801", 51.7253799, 8.7334799]], "51.7227661237,8.72271487489": [["61360132", 51.7225599, 8.72276], ["51548522", 51.7225599, 8.72276]], "51.7275605723,8.72646426782": [["51550551", 51.7277, 8.7261], ["75322501", 51.7277, 8.7261], ["75322386", 51.72848, 8.72659], ["75322386", 51.7277, 8.7261]], "51.7257718742,8.73344899155": [["51549799", 51.7253799, 8.7334799], ["51549798", 51.7253799, 8.7334799], ["51549801", 51.7253799, 8.7334799]], "51.7257767357,8.73345393687": [["51549799", 51.7253799, 8.7334799], ["51549798", 51.7253799, 8.7334799], ["51549801", 51.7253799, 8.7334799]], "51.7108619772,8.71929522604": [["797886470", 51.7107699, 8.7192899], ["51550344", 51.7106699, 8.71928], ["797886470", 51.71105, 8.71938], ["797886471", 51.71116, 8.71941]], "51.7257709522,8.73345016502": [["51549799", 51.7253799, 8.7334799], ["51549798", 51.7253799, 8.7334799], ["51549801", 51.7253799, 8.7334799]], "51.7257702816,8.73345041648": [["51549799", 51.7253799, 8.7334799], ["51549798", 51.7253799, 8.7334799], ["51549801", 51.7253799, 8.7334799]], "51.7229429819,8.72276022099": [["61360132", 51.7225599, 8.72276], ["51548522", 51.7225599, 8.72276]], "51.7253613286,8.73383715749": [["51549801", 51.7253799, 8.7334799], ["51549798", 51.7253799, 8.7334799], ["51549799", 51.7253799, 8.7334799]], "51.7269533873,8.72838372365": [["51549765", 51.72703, 8.7282199]], "51.7167408764,8.72130922973": [["51548558", 51.71713, 8.72152]], "51.7257711198,8.73345058411": [["51549799", 51.7253799, 8.7334799], ["51549798", 51.7253799, 8.7334799], ["51549801", 51.7253799, 8.7334799]], "51.7180631217,8.72187048197": [["51548558", 51.71713, 8.72152], ["51548564", 51.71817, 8.7217899], ["51548564", 51.71817, 8.7217899], ["51548564", 51.71713, 8.72152]], "51.7238860298,8.7229725346": [["51549686", 51.72428, 8.72311]], "51.7259614728,8.73176632449": [], "51.7274806928,8.72372137383": [["587026254", 51.72717, 8.72368], ["51550211", 51.72661, 8.72358], ["587026255", 51.7281399, 8.72377], ["587026257", 51.72839, 8.7238299]], "51.7257706169,8.7334514223": [["51549799", 51.7253799, 8.7334799], ["51549798", 51.7253799, 8.7334799], ["51549801", 51.7253799, 8.7334799]], "51.7184732482,8.72177132405": [["61360132", 51.7191099, 8.722], ["51548564", 51.7191099, 8.722], ["51548564", 51.71817, 8.7217899], ["51548564", 51.71817, 8.7217899]], "51.7257773224,8.73345502652": [["51549799", 51.7253799, 8.7334799], ["51549798", 51.7253799, 8.7334799], ["51549801", 51.7253799, 8.7334799]], "51.7257739697,8.7334518414": [["51549799", 51.7253799, 8.7334799], ["51549798", 51.7253799, 8.7334799], ["51549801", 51.7253799, 8.7334799]], "51.7277046572,8.72601742856": [["61359569", 51.72756, 8.726], ["51550551", 51.7277, 8.7261], ["61359569", 51.7277, 8.7261], ["75322386", 51.72848, 8.72659]], "51.7258037254,8.7334676832": [["51549799", 51.7253799, 8.7334799], ["51549798", 51.7253799, 8.7334799], ["51549801", 51.7253799, 8.7334799]], "51.7257723771,8.73344999738": [["51549799", 51.7253799, 8.7334799], ["51549798", 51.7253799, 8.7334799], ["51549801", 51.7253799, 8.7334799]], "51.7207294889,8.72233073227": [["61360132", 51.72097, 8.7224399], ["61360132", 51.71988, 8.7221899]], "51.7247795407,8.72316598892": [["51549686", 51.72428, 8.72311]], "51.72577288,8.7334514223": [["51549799", 51.7253799, 8.7334799], ["51549798", 51.7253799, 8.7334799], ["51549801", 51.7253799, 8.7334799]], "51.7232613266,8.72283783741": [["61360132", 51.7225599, 8.72276], ["51548522", 51.7225599, 8.72276]], "51.7257754784,8.72338366695": [["51550211", 51.72661, 8.72358]], "51.7257720418,8.73344924301": [["51549799", 51.7253799, 8.7334799], ["51549798", 51.7253799, 8.7334799], ["51549801", 51.7253799, 8.7334799]], "51.7257755622,8.73345335014": [["51549799", 51.7253799, 8.7334799], ["51549798", 51.7253799, 8.7334799], ["51549801", 51.7253799, 8.7334799]], "51.7118941247,8.71960275806": [["797886471", 51.71116, 8.71941], ["797886470", 51.71105, 8.71938]], "51.7257328983,8.73375702649": [["51549801", 51.7253799, 8.7334799]], "51.725771036,8.73345125467": [["51549799", 51.7253799, 8.7334799], ["51549798", 51.7253799, 8.7334799], ["51549801", 51.7253799, 8.7334799]], "51.7228482664,8.72272652574": [["61360132", 51.7225599, 8.72276], ["51549686", 51.7225599, 8.72276], ["51548522", 51.7225599, 8.72276]], "51.7272762582,8.7273053918": [["75322400", 51.72815, 8.7279599], ["51549765", 51.72703, 8.7282199]], "51.7257716227,8.73345133848": [["51549799", 51.7253799, 8.7334799], ["51549798", 51.7253799, 8.7334799], ["51549801", 51.7253799, 8.7334799]], "51.7279240955,8.72526062652": [["75322501", 51.72819, 8.7244499], ["51550551", 51.7277, 8.7261], ["61359569", 51.72756, 8.726], ["61359569", 51.7277, 8.7261]], "51.7257718742,8.73344848864": [["51549799", 51.7253799, 8.7334799], ["51549798", 51.7253799, 8.7334799], ["51549801", 51.7253799, 8.7334799]], "51.7257780768,8.73345502652": [["51549799", 51.7253799, 8.7334799], ["51549798", 51.7253799, 8.7334799], ["51549801", 51.7253799, 8.7334799]], "51.7266867589,8.72359313071": [["587026254", 51.72717, 8.72368], ["51550211", 51.72661, 8.72358]], "51.7281772289,8.72436753474": [["51549694", 51.7281699, 8.72421], ["51549567", 51.72839, 8.7238299], ["75322501", 51.72819, 8.7244499], ["51549694", 51.72813, 8.72407]], "51.7282657418,8.72405371629": [["51549701", 51.7285599, 8.7240499], ["75322501", 51.72819, 8.7244499], ["51549567", 51.72839, 8.7238299], ["51549567", 51.7283299, 8.724]], "51.7256448884,8.73280844651": [["51549798", 51.7253799, 8.7334799], ["51549799", 51.7253799, 8.7334799]], "51.7192321457,8.7219511997": [["51548564", 51.7191099, 8.722], ["61360132", 51.71988, 8.7221899], ["51548559", 51.7191099, 8.722]], "51.7266222183,8.72953464277": [["51549766", 51.72661, 8.7295399]], "51.7257778253,8.73345485888": [["51549799", 51.7253799, 8.7334799], ["51549798", 51.7253799, 8.7334799], ["51549801", 51.7253799, 8.7334799]], "51.7280550208,8.72383285314": [["587026254", 51.72717, 8.72368], ["51549698", 51.7286699, 8.72388], ["587026255", 51.7281399, 8.72377], ["587026257", 51.72839, 8.7238299]], "51.721571032,8.72247448191": [["61360132", 51.7225599, 8.72276], ["61360132", 51.72097, 8.7224399], ["51548522", 51.7225599, 8.72276]], "51.7161723319,8.72106615454": [["797886471", 51.7153699, 8.72078], ["51548558", 51.71713, 8.72152], ["51548569", 51.71571, 8.72098], ["51548535", 51.7157299, 8.72026]], "51.7253676988,8.73359743506": [["51549798", 51.7253799, 8.7334799], ["51549799", 51.7253799, 8.7334799]], "51.7275673617,8.72647223063": [["51550551", 51.7277, 8.7261], ["75322501", 51.7277, 8.7261], ["75322386", 51.72848, 8.72659], ["75322386", 51.7277, 8.7261]], "51.7228457518,8.72273038141": [["61360132", 51.7225599, 8.72276], ["51549686", 51.7225599, 8.72276], ["51548522", 51.7225599, 8.72276]], "51.7222966533,8.72261999175": [["61360132", 51.7225599, 8.72276], ["51548522", 51.7225599, 8.72276]]}}