{"688695": {"51.8028706312,8.8394031208": [], "51.8028038274,8.83930245414": [], "51.8032527622,8.83927412331": [["74985692", 51.8032399, 8.83926], ["75354054", 51.8032399, 8.83926], ["74985691", 51.8032399, 8.83926]], "51.8079033773,8.84190922603": [], "51.8061515596,8.84105745703": [], "51.8047899194,8.84030459449": [["75354027", 51.8048, 8.84031], ["75354027", 51.80477, 8.84037], ["75354027", 51.80481, 8.84023], ["75354029", 51.80471, 8.8403799]], "51.8028023187,8.83929164149": [], "51.8037429359,8.83963186294": [["74985692", 51.80384, 8.8397299]], "51.804630328,8.84023913182": [], "51.8028028216,8.83929197676": [], "51.8050572183,8.84054465219": [["75354026", 51.80506, 8.8405799]], "51.8028043304,8.83929809555": [], "51.8031985313,8.83941971697": [], "51.8068304937,8.8413096685": [], "51.8047946971,8.84042722173": [["75354026", 51.80477, 8.84037], ["75354029", 51.80471, 8.8403799], ["75354027", 51.80477, 8.84037]], "51.8033132795,8.83930513635": [["75354054", 51.8032399, 8.83926]], "51.8054913171,8.84075285867": [], "51.8028774206,8.83938384242": [], "51.8032302987,8.8392595388": [["75354054", 51.8032399, 8.83926], ["74985692", 51.8032399, 8.83926], ["74985691", 51.8032399, 8.83926]], "51.8074577954,8.84158962406": [], "51.803275561,8.83928476833": [["75354054", 51.8032399, 8.83926], ["74985692", 51.8032399, 8.83926], ["74985691", 51.8032399, 8.83926]], "51.8028055876,8.83929482661": [], "51.8043458462,8.84014676325": [["74985692", 51.8044199, 8.84017], ["74985692", 51.8044199, 8.84017]]}, "847380": {"51.2533464376,9.41539459862": [["78652387", 51.25328, 9.4153399], ["78652387", 51.25328, 9.4153399]], "51.2519504316,9.41579449922": [], "51.2538984697,9.41554714926": [["550105166", 51.2539799, 9.4154799]], "51.2557012495,9.4165021833": [["78652409", 51.25564, 9.4165299]], "51.2512861658,9.41627142951": [], "51.2545137852,9.41588678397": [["550105166", 51.25459, 9.4158699]], "51.2554917857,9.41665758379": [], "51.2527133524,9.41546877846": [], "51.2550618779,9.41631115973": [["708258673", 51.25511, 9.4162699]]}, "654515": {"53.0813328177,8.87672706507": [], "53.0808158219,8.87692278251": [], "53.082438726,8.88177942485": [], "53.0810940173,8.87682689354": [["67948658", 53.08119, 8.87688]], "53.0823460221,8.87897366658": [], "53.0821337923,8.90064398758": [], "53.0822341237,8.88779855333": [], "53.0811203364,8.8768835552": [["67948658", 53.08119, 8.87688]], "53.0821300205,8.90175819397": [], "53.0824988242,8.8851008378": [], "53.0821336247,8.87620118447": [], "53.0825288314,8.88436431997": [], "53.0824892689,8.88288591988": [], "53.0824385583,8.89202864841": [], "53.0822299328,8.89728242531": [], "53.0818733666,8.87649907731": [], "53.0819271784,8.87617796659": [], "53.080749521,8.87759031728": [], "53.080706019,8.87770942412": [], "53.0824009236,8.8890637178": [], "53.081117738,8.87684382498": [["67948658", 53.08119, 8.87688]], "53.0822085589,8.89821331948": [], "53.0824173521,8.89051202685": [], "53.0819505639,8.8776304666": [], "53.0823944695,8.89347746037": [], "53.0823509675,8.88030555099": [["67951963", 53.0823999, 8.8803599]], "53.0823100638,8.89476768672": [], "53.0817245878,8.87671214528": [], "53.0807330925,8.87736392207": [], "53.0807023309,8.87762879021": [], "53.0822667293,8.89607325196": [], "53.0823520571,8.88602645136": [], "53.0816430319,8.87642581947": [], "53.0821694992,8.89932693914": []}}