{"718725": {"51.8106731772,9.92858047597": [], "51.7869899422,9.93282775395": [], "51.8076855317,9.91967612877": [], "51.7944158893,9.92850151844": [], "51.7925204895,9.93101055734": [["762563517", 51.7925799, 9.9309299]], "51.7975887749,9.92521212436": [["762563523", 51.7976091, 9.9252266]], "51.8005379476,9.92174553685": [["540625309", 51.80054, 9.92176]], "51.7877195869,9.93251083419": [["762563505", 51.78777, 9.9324999]], "51.7968409415,9.92576717399": [], "51.793844495,9.92926762439": [], "51.7999265715,9.92222908884": [["540625309", 51.7999299, 9.92222]], "51.7916897591,9.93169737048": [["80710722", 51.79174, 9.93166]], "51.7996105738,9.92366474122": [], "51.7898545414,9.93218905292": [], "51.8110662885,9.93038593791": [], "51.8103817385,9.92689093575": [], "51.7983247899,9.92481959984": [], "51.7886900436,9.93234076537": [], "51.7932355497,9.93010153994": [], "51.8097314704,9.92338109761": [], "51.8057512399,9.91863392293": [["68118593", 51.8057399, 9.9186], ["68118593", 51.8057399, 9.9186]], "51.8027601577,9.91973815486": [], "51.806739131,9.91889602505": [], "51.8085878436,9.92062286474": [["68118593", 51.8086299, 9.92067]], "51.8018768728,9.92042396218": [], "51.7961460818,9.9264274165": [["762563523", 51.7960704, 9.9264949]], "51.8012001179,9.92120783776": [], "51.8046810385,9.91871681996": [], "51.7949769739,9.92779626511": [], "51.8037138507,9.91905452684": [], "51.7995745316,9.92306577042": [], "51.799058374,9.92422699928": [], "51.7907599546,9.9320405256": [["762563507", 51.7906699, 9.93205]], "51.795548955,9.9270805344": [], "51.7995095719,9.92247048765": [["51763285", 51.7994699, 9.9223899]], "51.8100658245,9.92520835251": [], "51.809246242,9.92183731869": []}, "1223931": {"52.2544117179,10.9966356866": [], "52.2664660681,10.9758182243": [], "52.2658568714,10.9777856246": [], "52.268778719,10.9656813182": [], "52.2531131934,10.9979037847": [], "52.2433104739,11.0090816393": [], "52.2702878807,10.9557707235": [], "52.2596448753,10.9907803405": [], "52.2389858309,11.0173054598": [], "52.2690721694,10.9630632307": [], "52.2581831552,10.9925578907": [], "52.2716807853,10.9511511214": [], "52.2401936632,11.0153506324": [], "52.2621678282,10.9870825801": [], "52.251584921,10.9994303808": [], "52.2444629855,11.0070953798": [], "52.2475208715,11.0033111181": [], "52.265144242,10.9799194895": [], "52.2569396999,10.9939839877": [], "52.2503032442,11.0006397218": [], "52.2338344809,11.0239225533": [], "52.2697814461,10.9581319895": [], "52.2489671689,11.0019156989": [], "52.267899625,10.9708479233": [], "52.2693733312,10.9605481569": [], "52.2376821935,11.019082088": [], "52.2363380715,11.0206354223": [], "52.2422746383,11.0111616924": [], "52.2709248215,10.9534336813": [], "52.2350290697,11.0221926961": [], "52.2412689775,11.0132686514": [], "52.2684006952,10.9682983998": [], "52.2460465785,11.004891023": [], "52.2671481874,10.9736918192": [], "52.2725342307,10.9489573259": [], "52.2643956542,10.9821325634": [], "52.2610695474,10.9888743795": [], "52.2633542866,10.9847373236": [], "52.2554260958,10.9956110828": [], "52.232768219,11.0257909633": []}, "1223932": {"52.2072816174,11.1355847586": [], "52.2204192448,11.0550398659": [], "52.2034562845,11.1850881949": [], "52.20852172,11.157813482": [], "52.2105310299,11.1062910967": [], "52.2045312636,11.1803199816": [], "52.2062407527,11.1730763409": [], "52.2123921476,11.0994024295": [], "52.2170177847,11.0726016294": [], "52.2074340843,11.1676543392": [], "52.2153461818,11.0900652409": [], "52.2023487836,11.1960786302": [], "52.2138934303,11.0950422473": [], "52.2050985508,11.1779311392": [], "52.2117504291,11.1017124821": [], "52.2165168822,11.0807578918": [], "52.2083657328,11.1604049988": [], "52.2025149968,11.193194082": [], "52.2173917852,11.0671647917": [], "52.2078209929,11.125300331": [], "52.2163151298,11.0833712853": [], "52.2074113693,11.1383369565": [], "52.2182209231,11.0619912297": [], "52.2090188507,11.1128438171": [], "52.2084340453,11.1169708986": [], "52.221235726,11.0529149696": [], "52.2082624678,11.1190390494": [], "52.2167080734,11.0780697316": [], "52.2081623878,11.1628628243": [], "52.2030695435,11.1876206193": [], "52.2081886232,11.1469513737": [], "52.2131181881,11.0971971508": [], "52.2056648321,11.1755214259": [], "52.207964072,11.1232311744": [], "52.2160626668,11.0857680906": [], "52.2039546724,11.1826949939": [], "52.2078420315,11.1652435362": [], "52.2073245328,11.1328449659": [], "52.2157713957,11.0879297834": [], "52.2085683234,11.1523839366": [], "52.2111322638,11.1040371191": [], "52.2195745166,11.057274146": [], "52.2099724598,11.1084826291": [], "52.2147646453,11.0923593678": [], "52.2084204666,11.1496520229": [], "52.2022109851,11.1989364401": [], "52.2177376226,11.0645297728": [], "52.2027477622,11.1903616693": [], "52.2086065449,11.1551189516": [], "52.2019117512,11.2051086221": [], "52.2086808924,11.1148717348": [], "52.2168585286,11.0753526539": [], "52.2171807289,11.0698527843": [], "52.2081095818,11.1211516242": [], "52.2188312933,11.0595785826": [], "52.2076460626,11.141048586": [], "52.2074862197,11.1301540397": [], "52.2078949213,11.1437374167": [], "52.202079054,11.2017138675": [["541379127", 52.2020699, 11.20179]], "52.2076649219,11.1275850702": [], "52.2094525304,11.1106892489": [], "52.2069223691,11.1701181997": []}, "718726": {"51.7813397851,9.9420040939": [["80710801", 51.78134, 9.942], ["80710801", 51.78137, 9.94201], ["80710801", 51.78134, 9.942], ["80710801", 51.78142, 9.9419899]], "51.7810986377,9.94167208672": [["80710801", 51.7810499, 9.94164], ["68115327", 51.7810499, 9.94164], ["68115326", 51.7810499, 9.94164]], "51.7813571356,9.94203778915": [["80710801", 51.78134, 9.942], ["80710801", 51.78142, 9.9419899], ["80710801", 51.78137, 9.94201], ["80710801", 51.78137, 9.94201]], "51.7813665234,9.94206176139": [["80710801", 51.78142, 9.9419899], ["80710801", 51.78134, 9.942], ["80710801", 51.78142, 9.9419899], ["80710801", 51.78137, 9.94201]], "51.7811276391,9.94180284441": [["80710801", 51.7811899, 9.9418299], ["80710801", 51.7811899, 9.9418299]], "51.781293517,9.9419538863": [["80710801", 51.78134, 9.942], ["80710801", 51.78137, 9.94201], ["80710801", 51.78134, 9.942], ["80710801", 51.78137, 9.94201]], "51.782034561,9.93797348812": [], "51.7814731412,9.94039904326": [], "51.7813743185,9.94207232259": [["80710801", 51.78142, 9.9419899], ["80710801", 51.78134, 9.942], ["80710801", 51.78137, 9.94201], ["80710801", 51.78134, 9.942]], "51.7810955364,9.94171416387": [["80710801", 51.7810499, 9.94164], ["68115327", 51.7810499, 9.94164], ["68115326", 51.7810499, 9.94164]], "51.7813408747,9.94200442918": [["80710801", 51.78134, 9.942], ["80710801", 51.78137, 9.94201], ["80710801", 51.78134, 9.942], ["80710801", 51.78142, 9.9419899]], "51.7810988892,9.94157552719": [["68115326", 51.7810499, 9.94164], ["68115327", 51.7810499, 9.94164], ["80710801", 51.7810499, 9.94164]], "51.7819851916,9.93831278756": [], "51.7813424673,9.94111125357": [], "51.7811205983,9.94177015498": [["80710801", 51.7811899, 9.9418299], ["80710801", 51.7811899, 9.9418299]], "51.781086484,9.94165373035": [["80710801", 51.7810499, 9.94164], ["68115326", 51.7810499, 9.94164], ["68115327", 51.7810499, 9.94164]], "51.7810417246,9.94160226546": [["68115327", 51.7810499, 9.94164]], "51.7813240271,9.94200593792": [["80710801", 51.78137, 9.94201], ["80710801", 51.78134, 9.942], ["80710801", 51.78134, 9.942], ["80710801", 51.78142, 9.9419899]], "51.7813462391,9.94201532565": [["80710801", 51.78142, 9.9419899], ["80710801", 51.78137, 9.94201], ["80710801", 51.78134, 9.942], ["80710801", 51.78137, 9.94201]], "51.7813270446,9.94192102924": [["80710801", 51.78134, 9.942], ["80710801", 51.78137, 9.94201], ["80710801", 51.78134, 9.942], ["80710801", 51.78142, 9.9419899]], "51.7811543774,9.94184768759": [["80710801", 51.7811899, 9.9418299], ["80710801", 51.7811899, 9.9418299]], "51.7811454926,9.94183553383": [["80710801", 51.7811899, 9.9418299], ["80710801", 51.7811899, 9.9418299]], "51.7811030801,9.94176554494": [["80710801", 51.7811899, 9.9418299], ["80710801", 51.7811899, 9.9418299]], "51.7813116219,9.94143093936": [], "51.7810103763,9.94157192297": [["80710801", 51.7810499, 9.94164], ["68115327", 51.7810499, 9.94164], ["68115326", 51.7810499, 9.94164]], "51.7821391672,9.93695718236": [], "51.7813414615,9.94200015441": [["80710801", 51.78137, 9.94201], ["80710801", 51.78134, 9.942], ["80710801", 51.78134, 9.942], ["80710801", 51.78142, 9.9419899]], "51.7813396174,9.94199554436": [["80710801", 51.78134, 9.942], ["80710801", 51.78137, 9.94201], ["80710801", 51.78134, 9.942], ["80710801", 51.78142, 9.9419899]], "51.7813313194,9.94201708585": [["80710801", 51.78142, 9.9419899], ["80710801", 51.78137, 9.94201], ["80710801", 51.78137, 9.94201], ["80710801", 51.78134, 9.942]], "51.7813330796,9.94187702425": [], "51.7821704317,9.93618152104": [], "51.7811540421,9.94177409448": [["80710801", 51.7811899, 9.9418299], ["80710801", 51.7811899, 9.9418299]], "51.7811406311,9.94181726128": [["80710801", 51.7811899, 9.9418299], ["80710801", 51.7811899, 9.9418299]], "51.7813349236,9.94197509252": [["80710801", 51.78134, 9.942], ["80710801", 51.78137, 9.94201], ["80710801", 51.78134, 9.942], ["80710801", 51.78142, 9.9419899]], "51.7822022829,9.93641152047": [], "51.7810666189,9.94168792851": [["68115327", 51.7810499, 9.94164]], "51.781036444,9.94159488939": [["80710801", 51.7810499, 9.94164], ["68115327", 51.7810499, 9.94164], ["68115326", 51.7810499, 9.94164]], "51.7811260466,9.94172975421": [["80710801", 51.7810499, 9.94164], ["68115327", 51.7810499, 9.94164], ["68115326", 51.7810499, 9.94164]], "51.7812471651,9.94078419171": [], "51.781327296,9.94201624766": [["80710801", 51.78142, 9.9419899], ["80710801", 51.78137, 9.94201], ["80710801", 51.78137, 9.94201], ["80710801", 51.78134, 9.942]], "51.7811168265,9.94177074172": [["80710801", 51.7811899, 9.9418299], ["80710801", 51.7811899, 9.9418299]], "51.7811185867,9.94177442975": [["80710801", 51.7811899, 9.9418299], ["80710801", 51.7811899, 9.9418299]], "51.7810786888,9.94165255688": [["80710801", 51.7810499, 9.94164], ["68115326", 51.7810499, 9.94164], ["68115327", 51.7810499, 9.94164]], "51.7811634298,9.94167485274": [], "51.7817721236,9.93991306052": [], "51.7811143957,9.94146203622": [], "51.7811802775,9.94177744724": [["80710801", 51.7811899, 9.9418299], ["80710801", 51.7811899, 9.9418299]], "51.7812458239,9.94190284051": [["80710801", 51.7811899, 9.9418299], ["80710801", 51.78134, 9.942], ["80710801", 51.7811899, 9.9418299], ["80710801", 51.78134, 9.942]], "51.7813475803,9.94200292043": [["80710801", 51.78137, 9.94201], ["80710801", 51.78134, 9.942], ["80710801", 51.78134, 9.942], ["80710801", 51.78142, 9.9419899]], "51.781344898,9.9419992324": [["80710801", 51.78137, 9.94201], ["80710801", 51.78134, 9.942], ["80710801", 51.78134, 9.942], ["80710801", 51.78142, 9.9419899]], "51.7810885794,9.94171491824": [["80710801", 51.7810499, 9.94164], ["68115327", 51.7810499, 9.94164], ["68115326", 51.7810499, 9.94164]], "51.7811609991,9.94119809009": [], "51.7811862286,9.94182145223": [["80710801", 51.7811899, 9.9418299], ["80710801", 51.7811899, 9.9418299]], "51.7813374382,9.9419847317": [["80710801", 51.78134, 9.942], ["80710801", 51.78137, 9.94201], ["80710801", 51.78134, 9.942], ["80710801", 51.78142, 9.9419899]], "51.7810362764,9.9415953923": [["68115327", 51.7810499, 9.94164]], "51.7813327443,9.94200954214": [["80710801", 51.78137, 9.94201], ["80710801", 51.78134, 9.942], ["80710801", 51.78142, 9.9419899], ["80710801", 51.78137, 9.94201]], "51.7810624279,9.94167108089": [["80710801", 51.7810499, 9.94164], ["68115327", 51.7810499, 9.94164], ["68115326", 51.7810499, 9.94164]], "51.7810969613,9.94159488939": [["68115326", 51.7810499, 9.94164], ["68115327", 51.7810499, 9.94164], ["80710801", 51.7810499, 9.94164]], "51.7813377734,9.94199772365": [["80710801", 51.78134, 9.942], ["80710801", 51.78137, 9.94201], ["80710801", 51.78134, 9.942], ["80710801", 51.78142, 9.9419899]], "51.7819733731,9.93905777112": [], "51.7813418806,9.94060674682": [], "51.7813398689,9.94202706032": [["80710801", 51.78142, 9.9419899], ["80710801", 51.78137, 9.94201], ["80710801", 51.78134, 9.942], ["80710801", 51.78137, 9.94201]]}}