{"674349": {"51.7657198571,8.54788178578": [["786211145", 51.76567, 8.54784], ["786211145", 51.76567, 8.54784]], "51.7598378565,8.56406757608": [], "51.7611236405,8.55165146291": [], "51.7605599575,8.55286792852": [], "51.7712344788,8.53648222983": [], "51.7630195431,8.5495193582": [], "51.7598270439,8.55537302792": [], "51.7693241592,8.54209952988": [], "51.763862595,8.54893857613": [], "51.7636302486,8.58628992923": [], "51.7595635168,8.56205742806": [["587027214", 51.7596199, 8.56214], ["587027214", 51.7596199, 8.56214]], "51.7610740196,8.56932101771": [["74997797", 51.76107, 8.56923], ["74997797", 51.76107, 8.56923]], "51.7635507882,8.57821932994": [], "51.7594148219,8.56026872993": [], "51.7633261532,8.57728784904": [["75421062", 51.76335, 8.5773299], ["75421062", 51.76335, 8.5773299]], "51.7634177674,8.58974696137": [], "51.7674839962,8.54626407847": [], "51.7595227808,8.56191803701": [["587027215", 51.7596, 8.56195], ["587027214", 51.7596, 8.56195], ["587027218", 51.7596, 8.56195]], "51.7594945338,8.56181125157": [], "51.7637512833,8.58477967791": [], "51.7696724273,8.54028929025": [["75404204", 51.76977, 8.54021], ["75404212", 51.76977, 8.54021]], "51.7638808675,8.58134846203": [], "51.7623189837,8.5499919299": [["786211143", 51.76232, 8.5499799], ["786211143", 51.7624099, 8.5499], ["786211143", 51.76232, 8.5499799], ["786211142", 51.7624099, 8.5499]], "51.7601680197,8.55407567695": [], "51.7688000388,8.54344633408": [], "51.7594003212,8.56072747149": [["587027215", 51.7595, 8.5607799], ["587027215", 51.7595, 8.5607799]], "51.7594043445,8.56096308678": [], "51.7594907619,8.559209425": [], "51.7605705187,8.56741162017": [], "51.7623765673,8.57434873469": [], "51.7596814502,8.56296585873": [], "51.7619507667,8.57234638184": [], "51.7681909259,8.54496781714": [], "51.7716267519,8.53547832929": [], "51.7595962901,8.55770789087": [], "51.7600471526,8.56520692818": [], "51.76843266,8.5444109235": [], "51.7638231162,8.58039996587": [["762593366", 51.7638799, 8.58049]], "51.7608506419,8.56834284961": [], "51.7617227789,8.57135857455": [], "51.7706036568,8.53827008978": [], "51.7595315818,8.5619985871": [["587027218", 51.7596, 8.56195], ["587027214", 51.7596, 8.56195], ["587027215", 51.7596, 8.56195]], "51.7665179819,8.54727652855": [], "51.7596695479,8.55637382716": [], "51.7709262762,8.5372964479": [], "51.7616308294,8.55076893233": [["51529364", 51.7615899, 8.55076], ["51529364", 51.7616899, 8.55075], ["51529335", 51.7615899, 8.55076], ["786207734", 51.7615899, 8.55076]], "51.7725126352,8.53307615966": [["762590860", 51.7724199, 8.5331499]], "51.7627953272,8.57547593303": [["75421062", 51.7628699, 8.57553]], "51.7720484454,8.53433512151": [], "51.7594505288,8.56151268817": [], "51.7699042708,8.53948445991": [], "51.7603388429,8.56657368131": [], "51.7596157361,8.56242908165": [], "51.7635166738,8.58777905814": [], "51.7648982629,8.54826265946": [["786211145", 51.76486, 8.54835], ["786211145", 51.76486, 8.54835]], "51.7622785829,8.57381053269": [], "51.759411972,8.56123625301": [], "51.7595368624,8.56203697622": [["587027218", 51.7596, 8.56195], ["587027214", 51.7596, 8.56195], ["587027215", 51.7596, 8.56195]], "51.7620634194,8.57284124941": [["74997797", 51.76213, 8.57292], ["74997797", 51.76213, 8.57292]], "51.7638319172,8.58282342553": [], "51.7613961361,8.57035567984": [], "51.7730992846,8.53158459999": []}, "674348": {"51.7618168239,8.62797556445": [], "51.7623312213,8.61402816139": [], "51.7626861949,8.60698007047": [], "51.7607253324,8.64592339844": [["51551561", 51.7607599, 8.6459999]], "51.7617261317,8.62376826815": [], "51.7614336871,8.63770804368": [["75421055", 51.76137, 8.63768], ["75421055", 51.76137, 8.63768]], "51.7621506751,8.61817619763": [], "51.7625682615,8.60954007134": [], "51.7615091242,8.63901536912": [], "51.7608906236,8.6445812881": [], "51.7616427317,8.63428076729": [], "51.7604764737,8.64729065448": [], "51.7623893917,8.61267683096": [["75404497", 51.76242, 8.61267]], "51.7616712302,8.63197649829": [], "51.7624741327,8.61122022383": [], "51.7626281921,8.60783242621": [], "51.7617443204,8.62627219409": [], "51.7615003232,8.63664949313": [], "51.7617472541,8.63040137105": [["75404498", 51.76167, 8.63049], ["75404498", 51.76167, 8.63049]], "51.7612076271,8.64127546549": [], "51.7616587412,8.63278099336": [["74980434", 51.76158, 8.6326999], ["74980433", 51.76158, 8.6326999]], "51.7601266969,8.64969072863": [], "51.7617428955,8.62062782049": [], "51.7622316442,8.61682713032": [], "51.7618132196,8.62901709974": [], "51.7615898419,8.63512013108": [], "51.7602545209,8.64865715615": [], "51.7622706201,8.61539768055": [], "51.7610300984,8.64278018475": [], "51.7617489304,8.62235021777": [], "51.7619628366,8.61937288195": [], "51.7616984714,8.6251183413": []}, "2118848": {"52.2741815262,10.5245736893": [], "52.2807100229,10.5186905991": [], "52.2770512383,10.52071793": [], "52.2746404354,10.5244345497": [["554756411", 52.27468, 10.5243699], ["554747301", 52.27469, 10.52449], ["540638387", 52.27468, 10.5243699]], "52.274868926,10.5244658981": [], "52.272537332,10.5247637909": [["572227200", 52.2726099, 10.52474], ["572227199", 52.2726099, 10.52474]], "52.2765839472,10.5209130608": [], "52.2745813429,10.5244364776": [["554756411", 52.27468, 10.5243699], ["540638387", 52.27468, 10.5243699]], "52.2717282269,10.5245020241": [], "52.2754565813,10.5220243335": [], "52.2855012864,10.5189636815": [], "52.2880797274,10.5189791881": [], "52.2839480359,10.5188866518": [["51809048", 52.28392, 10.51891]], "52.2816074733,10.5185962189": [["572237101", 52.28155, 10.5185]], "52.2747166269,10.5244555883": [["554747301", 52.27469, 10.52449], ["540638387", 52.27468, 10.5243699], ["554756411", 52.27468, 10.5243699]], "52.2745329794,10.5244616233": [], "52.2797691543,10.5190979596": [], "52.2747432813,10.524473777": [["554747301", 52.27469, 10.52449]], "52.2778018378,10.5204871763": [], "52.275553057,10.5218265206": [], "52.2752310243,10.5243044626": [["554747297", 52.27522, 10.52436], ["51811674", 52.2753299, 10.5242399]], "52.2745865397,10.5244243238": [["554756411", 52.27468, 10.5243699], ["540638387", 52.27468, 10.5243699]], "52.2759721521,10.5213328265": [], "52.2754681483,10.5226014275": [], "52.2847346775,10.5190107878": [], "52.2678690311,10.5263435282": [], "52.2709681559,10.5240220763": [], "52.2694022488,10.524974931": [], "52.2833146993,10.5187935289": [["51809048", 52.2833723, 10.5187108]], "52.2700779978,10.5238757282": [], "52.2755139973,10.5234650988": [], "52.2703118529,10.5235251971": [], "52.2782133892,10.5200514849": [], "52.2872138768,10.5190189183": [], "52.2747209854,10.524458522": [["554747301", 52.27469, 10.52449], ["540638387", 52.27468, 10.5243699], ["554756411", 52.27468, 10.5243699]], "52.2861603554,10.5190784298": [], "52.2688992508,10.5253494345": [], "52.2786398605,10.5197072402": [], "52.2732096445,10.5245927162": [], "52.2828392778,10.5187910981": [], "52.2897470556,10.5188475922": [], "52.2683187202,10.5258247722": [], "52.275475692,10.5238760635": [], "52.2890276369,10.5189106241": [], "52.2792506497,10.5193860456": [["763770254", 52.2792299, 10.5194], ["51811859", 52.2792299, 10.5194], ["51809012", 52.2792299, 10.5194]], "52.2729899548,10.5247339513": [], "52.2747065686,10.5244595278": [["554747301", 52.27469, 10.52449], ["540638387", 52.27468, 10.5243699], ["554756411", 52.27468, 10.5243699]], "52.2822796181,10.5186712369": [["67945000", 52.28224, 10.51863], ["554747332", 52.28224, 10.51863]], "52.2802617587,10.5187928583": [["763770254", 52.28024, 10.51881]]}}