{"641631": {"52.3706179205,9.70956578851": [["51916733", 52.3705899, 9.70957], ["51916733", 52.3705899, 9.70957]], "52.369452836,9.70309051685": [["51916935", 52.3694099, 9.70307], ["51916908", 52.3694099, 9.70307], ["51928175", 52.3694099, 9.70307]], "52.3578122165,9.71644087695": [], "52.3560368456,9.71724034287": [], "52.3641667888,9.70685097389": [], "52.3622223549,9.7130807396": [], "52.3623471614,9.71289767884": [["586499148", 52.36234, 9.7128699]], "52.3693792429,9.70264669508": [["781546505", 52.36935, 9.70274], ["51925307", 52.36935, 9.70274]], "52.3696789797,9.70424554311": [["51928175", 52.36962, 9.7042699]], "52.3598127253,9.71633601934": [], "52.358416887,9.7162438184": [], "52.3628703598,9.71116497181": [], "52.3692501616,9.70203498378": [["79946613", 52.36922, 9.70205], ["792902904", 52.36922, 9.70205]], "52.3623318225,9.71289466135": [["586499148", 52.36234, 9.7128699]], "52.3694551829,9.70308783464": [["51916935", 52.3694099, 9.70307], ["51916908", 52.3694099, 9.70307], ["51928175", 52.3694099, 9.70307]], "52.3623281345,9.71289499663": [["586499148", 52.36234, 9.7128699]], "52.3623233568,9.71290547401": [["586499148", 52.36234, 9.7128699]], "52.3705933616,9.70940032974": [["51916733", 52.3705599, 9.70935], ["51916733", 52.3705599, 9.70935]], "52.3703050241,9.70119293779": [], "52.3694617208,9.70314022154": [["51916908", 52.3694099, 9.70307], ["51928175", 52.3694099, 9.70307], ["51916935", 52.3694099, 9.70307]], "52.3707153182,9.71026232466": [], "52.3635932989,9.70828712918": [], "52.3572449293,9.71665184945": [], "52.3609830905,9.71457263455": [], "52.3625941761,9.712268617": [], "52.36322877,9.70948465168": [], "52.3589079827,9.71627432853": [], "52.369456524,9.70308699645": [["51916935", 52.3694099, 9.70307], ["51916908", 52.3694099, 9.70307], ["51928175", 52.3694099, 9.70307]], "52.3698707577,9.70156626776": [], "52.356638331,9.71693188883": [], "52.3668444715,9.70366392285": [["781546507", 52.3668, 9.70372]], "52.3694547638,9.70308842137": [["51916935", 52.3694099, 9.70307], ["51916908", 52.3694099, 9.70307], ["51928175", 52.3694099, 9.70307]], "52.3706589919,9.70984381624": [["51916733", 52.3706199, 9.7098]], "52.3618644476,9.71338936128": [], "52.3702733405,9.70745648257": [], "52.3592672311,9.71636342816": [], "52.3694518302,9.70309127122": [["51916935", 52.3694099, 9.70307], ["51916908", 52.3694099, 9.70307], ["51928175", 52.3694099, 9.70307]], "52.3694984335,9.70082983375": [], "52.3694533389,9.70309009776": [["51916935", 52.3694099, 9.70307], ["51916908", 52.3694099, 9.70307], ["51928175", 52.3694099, 9.70307]], "52.3684020806,9.70258098096": [], "52.3694555182,9.70308758318": [["51916935", 52.3694099, 9.70307], ["51916908", 52.3694099, 9.70307], ["51928175", 52.3694099, 9.70307]], "52.3677060474,9.70306972973": [["723519694", 52.36778, 9.70304]], "52.3691997863,9.70105103217": [], "52.3704276513,9.700719947": [["51925241", 52.37044, 9.70064], ["51925241", 52.3704499, 9.7007599]], "52.3613171931,9.71374332905": [], "52.3646906577,9.70591915771": [], "52.366123125,9.70419483259": [], "52.3699445184,9.70568018965": [], "52.369449567,9.70308775082": [["51916935", 52.3694099, 9.70307], ["51916908", 52.3694099, 9.70307], ["51928175", 52.3694099, 9.70307]], "52.3694541771,9.70308917575": [["51916935", 52.3694099, 9.70307], ["51916908", 52.3694099, 9.70307], ["51928175", 52.3694099, 9.70307]], "52.362420084,9.71277555451": [], "52.3653142713,9.7050545644": [["723517920", 52.36532, 9.70507]], "52.3701125756,9.70653992146": [["51916821", 52.37005, 9.7065699]], "52.3623356782,9.71289625391": [["586499148", 52.36234, 9.7128699]], "52.3705536313,9.70913101919": [["51916733", 52.3705199, 9.7090999]], "52.3605813459,9.71500656568": [], "52.3700307682,9.70045759343": [["586499146", 52.37007, 9.70038], ["586499146", 52.37001, 9.70041], ["586499146", 52.3701299, 9.7003599]], "52.3704583291,9.70854956657": [], "52.3695482221,9.70357004553": [], "52.3691886384,9.70204671845": [["792902904", 52.36922, 9.70205]], "52.3694522493,9.70309093595": [["51916935", 52.3694099, 9.70307], ["51916908", 52.3694099, 9.70307], ["51928175", 52.3694099, 9.70307]], "52.3623293918,9.71289482899": [["586499148", 52.36234, 9.7128699]]}, "688707": {"51.9247216266,9.17485568672": [], "51.9150447194,9.1618280299": [["759959033", 51.91496, 9.1618999], ["759959032", 51.91496, 9.1618999]], "51.9284571894,9.18235489167": [], "51.927853357,9.18074305169": [], "51.9136554189,9.15743096732": [], "51.9143070281,9.1600011941": [], "51.9218441192,9.17093714699": [["759959029", 51.9219299, 9.17089]], "51.9296796899,9.18532795273": [], "51.9190385286,9.16483202018": [], "51.931118276,9.18834242038": [["759959034", 51.9311299, 9.18842]], "51.9183068722,9.1636046581": [], "51.9166295696,9.16224268265": [], "51.9210108742,9.16941457428": [], "51.9196248427,9.16635668837": [], "51.9140352868,9.15911539458": [["75314917", 51.91408, 9.1590199]], "51.9145970419,9.16094373912": [], "51.9137905352,9.15826798417": [], "51.9264289364,9.17763235979": [], "51.9256132934,9.17621682398": [], "51.9304522499,9.18692529202": [["75308134", 51.93048, 9.18686]], "51.9159606937,9.1622886993": [], "51.9237418659,9.17363637127": [], "51.9271849841,9.17915049009": [], "51.9290620275,9.18389414437": [], "51.9227511249,9.17233399116": [], "51.9202398229,9.16794941761": [], "51.9174474757,9.1627352871": []}, "1352364": {"51.7814095225,8.47680559382": [], "51.7768650223,8.51800046861": [], "51.776706269,8.51962052286": [["762590856", 51.7767499, 8.5196199]], "51.7817959283,8.4744858183": [["74851609", 51.78182, 8.4744499]], "51.7774674296,8.51190757938": [["762590851", 51.77749, 8.5119999]], "51.7802721821,8.48377506249": [], "51.7793907411,8.4918118827": [], "51.7778221518,8.50799415261": [], "51.7753581237,8.52622412145": [], "51.7789375316,8.49652402103": [], "51.7770164832,8.51644596085": [], "51.7796708643,8.48896522075": [], "51.7771658488,8.51496487856": [["762590850", 51.7772099, 8.51488]], "51.7821859382,8.4721670486": [["762590852", 51.78219, 8.4721899]], "51.7776383366,8.5100724455": [], "51.7835414596,8.46391992643": [], "51.7727046646,8.53239982389": [], "51.778067071,8.50570832379": [], "51.7782753613,8.50340212695": [], "51.7862011213,8.44964973629": [], "51.7837977782,8.46232334152": [], "51.7773114424,8.51348597556": [], "51.7852808721,8.45438651741": [], "51.7784906924,8.50112367421": [], "51.7858929187,8.45122712664": [], "51.7849694844,8.45596851781": [], "51.7825696617,8.46989882179": [], "51.7829746753,8.46745717339": [], "51.7810242902,8.4791256208": [["74851609", 51.78104, 8.47916]], "51.7832740769,8.465633858": [], "51.773362644,8.53083165362": [], "51.7759069707,8.52457649074": [["762590858", 51.7759699, 8.52449]], "51.7806454282,8.48144925199": [], "51.7747045867,8.52777351625": [], "51.7840679269,8.4607249964": [], "51.7765430734,8.52119891904": [], "51.7740343697,8.52929952554": [], "51.7846575938,8.45754842274": [], "51.7787160818,8.49883818068": [], "51.7720719986,8.53401132859": [], "51.7763021775,8.52285317145": [["762590858", 51.7763599, 8.52276]], "51.7843514867,8.45913251862": [], "51.7799605429,8.48612291738": [["74851646", 51.77998, 8.48605]], "51.7791665252,8.49418102764": [], "51.7855877336,8.45280652866": [["74986991", 51.78563, 8.4527199]]}}