{"711437": {"52.1143698972,8.55749163777": [["75347974", 52.11434, 8.5574399]], "52.1176741272,8.54031896219": [], "52.1114564314,8.55831457302": [["75347973", 52.11152, 8.55824]], "52.1159064677,8.55600737035": [["74887636", 52.11589, 8.5560899]], "52.1161750238,8.55424951762": [], "52.121374486,8.54059766047": [["75348023", 52.12136, 8.5406899], ["74882522", 52.12136, 8.5406899], ["75348031", 52.12136, 8.5406899]], "52.117010029,8.54797767475": [], "52.1155524999,8.55719181709": [], "52.1176095866,8.54135706089": [], "52.1213324927,8.54062272236": [["75348023", 52.12136, 8.5406899], ["75348031", 52.12136, 8.5406899], ["74882522", 52.12136, 8.5406899]], "52.1158445254,8.55659879744": [], "52.1169099491,8.54890001938": [], "52.1165869944,8.55112407357": [["74887192", 52.11661, 8.5510299]], "52.1213359293,8.54056312703": [], "52.1164267324,8.55238613673": [], "52.1150093526,8.55735031888": [], "52.1174177248,8.54379753582": [["74887088", 52.11743, 8.5438399]], "52.119443547,8.54077929631": [], "52.1170686185,8.54735397734": [["74887236", 52.11706, 8.5473199], ["74887231", 52.11706, 8.5473199]], "52.1171381883,8.54663137347": [], "52.121962728,8.54091256857": [["75348031", 52.12195, 8.5409599]], "52.1227603499,8.54131112806": [], "52.1128288843,8.55792305432": [], "52.1165065281,8.55173042044": [], "52.1167792752,8.5498034209": [], "52.1158673242,8.55704362504": [["75347974", 52.1158299, 8.557]], "52.1176514961,8.5407506302": [], "52.1160403267,8.55520279147": [], "52.1213305648,8.54063345119": [["75348023", 52.12136, 8.5406899], ["75348031", 52.12136, 8.5406899], ["74882522", 52.12136, 8.5406899]], "52.1198420227,8.54081424884": [], "52.1202692483,8.54079647921": [["74882522", 52.12018, 8.5408199]], "52.1187902614,8.54061727412": [], "52.1230075322,8.54143836536": [], "52.1234534495,8.54164321907": [], "52.1173566207,8.54434277862": [], "52.1100876667,8.55901136063": [], "52.1184583381,8.54051291943": [], "52.117557954,8.54202509858": [], "52.1121515427,8.55810192414": [], "52.1107531898,8.55862143449": [["61212327", 52.1107499, 8.55853]], "52.1166735794,8.55052158237": [], "52.1135863569,8.55770965107": [], "52.1181708388,8.54038869962": [], "52.121335594,8.54053303599": [], "52.1217033919,8.54075448588": [], "52.1222261712,8.54106285609": [], "52.1092854347,8.55963916518": [], "52.1213257872,8.54064552113": [["75348031", 52.12136, 8.5406899], ["75348023", 52.12136, 8.5406899], ["74882522", 52.12136, 8.5406899]], "52.1211743262,8.54069472291": [], "52.1207468491,8.5407211259": [], "52.1179025341,8.54029943235": [], "52.1224968228,8.541188417": [], "52.121513458,8.54066278785": [], "52.1177570242,8.54020354338": [["75002451", 52.11773, 8.54013], ["75004807", 52.11773, 8.54013]], "52.1175025497,8.54266497307": [], "52.1213334985,8.5405202955": [], "52.1163173486,8.55324687436": [], "52.1191172395,8.54071903042": [], "52.1174478997,8.54325472377": [["75002451", 52.11745, 8.5432899]], "52.1172009688,8.54586929083": [], "52.1172961872,8.54509471916": [], "52.1232393757,8.54154892266": []}, "711438": {"52.0970664639,8.58363152482": [], "52.1009255759,8.57161665335": [], "52.0986533258,8.57882073149": [], "52.0984584466,8.58041857369": [["61213253", 52.09845, 8.5803199]], "52.0976988785,8.58262125403": [], "52.0939094201,8.58530572616": [], "52.0955511834,8.58466082253": [], "52.1013342775,8.5705254972": [], "52.0992744248,8.57628629543": [["587027169", 52.0992499, 8.5762099]], "52.0988798887,8.57750091702": [], "52.0963413455,8.5842925217": [], "52.0947458502,8.58498143032": [], "52.0981949195,8.58146597631": [], "52.1005140245,8.5727791395": [], "52.1001030598,8.57395092957": [["587027155", 52.1000099, 8.5740499]], "52.0996897481,8.57510712929": []}}