{"739493": {"51.8852048926,10.1353181899": [["779343878", 51.88529, 10.1352299]], "51.8826732226,10.1515032258": [], "51.8881331943,10.1320798416": [], "51.8857382331,10.1615481824": [["539295059", 51.8857299, 10.1615]], "51.88625657,10.1658815425": [], "51.8771232292,10.1347731985": [["68151705", 51.8771999, 10.13482]], "51.888933247,10.1703681238": [], "51.8854898773,10.163476523": [["80684853", 51.8854999, 10.1635199], ["80684516", 51.8854999, 10.1635199], ["539294858", 51.8854999, 10.1635199]], "51.8871831894,10.134256538": [["572233775", 51.8871099, 10.13423]], "51.8797464296,10.1442631893": [], "51.8831365742,10.1531415526": [], "51.8770215567,10.1356515381": [], "51.8781115394,10.1388114318": [["68151700", 51.87816, 10.13876]], "51.8769365642,10.134966569": [], "51.8783032335,10.1396965608": [], "51.8771532364,10.1365364995": [["68151701", 51.8771899, 10.1364699]], "51.8885732442,10.1286548283": [], "51.8855448626,10.1633698214": [], "51.8882115651,10.129588237": [], "51.8855015282,10.1634931192": [["80684516", 51.8854999, 10.1635199], ["80684853", 51.8854999, 10.1635199], ["539294858", 51.8854999, 10.1635199]], "51.8876765482,10.1671331283": [], "51.8793248199,10.1433264278": [["539294977", 51.87938, 10.14336]], "51.8858015165,10.1642115321": [["80684853", 51.8858899, 10.1642399]], "51.8819515407,10.1360331662": [], "51.8854965828,10.1634931192": [["80684853", 51.8854999, 10.1635199], ["80684516", 51.8854999, 10.1635199], ["539294858", 51.8854999, 10.1635199]], "51.8798648659,10.1352082193": [["68137992", 51.87978, 10.13517]], "51.8775498681,10.1372281741": [], "51.878681425,10.1414798945": [["68151697", 51.87876, 10.14154]], "51.8862448353,10.1348031219": [["779343876", 51.88617, 10.13479]], "51.8810998555,10.1468615793": [], "51.8855315354,10.158189889": [["554727012", 51.8855299, 10.15809]], "51.880878238,10.1356148254": [], "51.8858265784,10.1603865344": [["539295059", 51.8858299, 10.16039]], "51.8878281768,10.1333398931": [["572233776", 51.88788, 10.13331]], "51.878989879,10.1424914226": [["80684513", 51.8789999, 10.14246]], "51.8860615231,10.1650232356": [], "51.8893498275,10.16904152": [["80684845", 51.88939, 10.1691299]], "51.8778798636,10.138008194": [], "51.8850081693,10.1571481861": [["709110162", 51.88509, 10.1571599]], "51.8856365606,10.1626565214": [["539295059", 51.88564, 10.1626999]], "51.8892131187,10.1677682251": [], "51.8782498408,10.1347865257": [], "51.8887848873,10.1675781235": [], "51.8822398782,10.1498331316": [], "51.885529859,10.1636948716": [], "51.8837098964,10.1546281669": [["709110161", 51.8837599, 10.15461]], "51.8817265704,10.1482714992": [], "51.888264874,10.167373186": [], "51.8872265238,10.1669315435": [], "51.8789798208,10.1348465402": [["68141385", 51.87889, 10.1348399]], "51.8830482289,10.1361848786": [["779343909", 51.88308, 10.13617]], "51.8843732402,10.1559498254": [], "51.8784865458,10.1405815221": [], "51.8841298297,10.1358132251": [["779343909", 51.88405, 10.13583]], "51.8881065398,10.130783245": [], "51.8854932301,10.1634865813": [["80684853", 51.8854999, 10.1635199], ["80684516", 51.8854999, 10.1635199], ["539294858", 51.8854999, 10.1635199]], "51.8804415409,10.1455948222": [], "51.8892998714,10.1682781801": [], "51.8892265297,10.1696581766": [], "51.8858148437,10.1592781954": [["539295059", 51.88582, 10.15927]], "51.88661322,10.1665998716": [["80684854", 51.88667, 10.1665799]], "51.8776715733,10.1347165368": []}, "739492": {"51.8914932478,10.1758948993": [["68142016", 51.891488, 10.1758077], ["68142016", 51.891488, 10.1758077]], "51.8917232472,10.172821423": [], "51.8915865384,10.1664248575": [["572233813", 51.8915326, 10.1664772]], "51.8915915675,10.1728081796": [], "51.8917082436,10.1728165615": [], "51.8915981892,10.1625964232": [], "51.8915814254,10.1670898777": [], "51.8915548548,10.1680698898": [], "51.8915381748,10.1758815721": [["68142016", 51.891488, 10.1758077], ["68142016", 51.891488, 10.1758077]], "51.8917932361,10.1754498202": [], "51.8917782325,10.1756264269": [["68142016", 51.89181, 10.17558], ["60102112", 51.89181, 10.17558], ["80725016", 51.89181, 10.17558]], "51.8917365745,10.1728315651": [], "51.8915548548,10.1728064194": [], "51.8915698584,10.1661465783": [], "51.8916198984,10.1748365164": [], "51.8915748876,10.1636582427": [], "51.8913831934,10.1740498748": [], "51.8916915637,10.172813125": [], "51.8915231712,10.175901521": [["68142016", 51.891488, 10.1758077], ["68142016", 51.891488, 10.1758077]], "51.8919398356,10.1726531982": [["60102111", 51.89189, 10.1726799], ["68142056", 51.89189, 10.1726799], ["572233814", 51.89186, 10.1725799]], "51.8915131968,10.1758915465": [["68142016", 51.891488, 10.1758077], ["68142016", 51.891488, 10.1758077]], "51.8917498179,10.1728381868": [], "51.8912298884,10.1760848332": [["68142016", 51.89116, 10.17604]], "51.8915715348,10.1662698761": [], "51.8918515742,10.1720781997": [], "51.8915498257,10.1691531669": [], "51.8913765717,10.1729448885": [], "51.8916498218,10.1728165615": [], "51.8916598801,10.1712431945": [], "51.8916748837,10.172813125": [], "51.8915798329,10.166289825": [], "51.89169324,10.1757015288": [], "51.8914615642,10.1759098191": [], "51.8915648293,10.170244826": [["572233813", 51.89149, 10.1703199]], "51.8914798368,10.1758998446": [["68142016", 51.891488, 10.1758077], ["68142016", 51.891488, 10.1758077]], "51.8915782403,10.1662815269": [], "51.891443124,10.1759248227": [], "51.8915248476,10.1759065501": [["68142016", 51.891488, 10.1758077], ["68142016", 51.891488, 10.1758077]], "51.8912332412,10.173386531": [], "51.891568182,10.1646915637": [["68137994", 51.8915495, 10.1647242]], "51.8915048987,10.1758915465": [["68142016", 51.891488, 10.1758077], ["68142016", 51.891488, 10.1758077]], "51.8916065712,10.1615314186": [], "51.8915765639,10.1655931212": [["80684850", 51.8915399, 10.16561]], "51.8915198185,10.1758965757": [["68142016", 51.891488, 10.1758077], ["68142016", 51.891488, 10.1758077]], "51.8916231673,10.1728148852": []}, "717998": {"52.2033473197,10.5308703426": [], "52.2103676666,10.5345318932": [], "52.1961061936,10.5240383372": [], "52.2127388231,10.5344155524": [], "52.188184876,10.5166051816": [], "52.2071712278,10.533649195": [["792678643", 52.20713, 10.53367]], "52.2151546553,10.534060495": [], "52.216414623,10.5338725727": [], "52.2009212617,10.5285511538": [["67944772", 52.2008931, 10.5284963]], "52.2061976697,10.5331133399": [["792678643", 52.2062299, 10.5331699]], "52.2177308332,10.533674676": [], "52.1984270588,10.5262155365": [], "52.2021797206,10.5297537893": [], "52.208183175,10.5340710562": [], "52.2139552888,10.5342397839": [], "52.1844532527,10.5131121911": [], "52.2203820292,10.5332185328": [], "52.1949629858,10.5229651183": [], "52.2043810599,10.5317573994": [], "52.2217476927,10.5329184607": [["757095866", 52.2217733, 10.5329589]], "52.1868037898,10.5153026339": [], "52.1904283762,10.5187171698": [], "52.1915582567,10.519777732": [], "52.1856425609,10.5142184347": [], "52.1893211268,10.5176710244": [], "52.1926842816,10.5208335165": [], "52.219082918,10.5334700737": [], "52.1938198619,10.5219072383": [], "52.2052775882,10.532482937": [["792678643", 52.20536, 10.53258]], "52.1972488984,10.5251071975": [], "52.2114835493,10.5345421191": [], "52.2223295644,10.5327959172": [], "52.1996593662,10.5273661204": [], "52.2092838865,10.5343751516": []}}