{"748805": {"51.8401692621,10.8013159689": [["704049293", 51.84018, 10.80126], ["704049292", 51.84018, 10.80126]], "51.8401180487,10.8013071679": [["704049292", 51.84018, 10.80126], ["704049293", 51.84018, 10.80126]], "51.8401718605,10.8012930863": [["704049293", 51.84018, 10.80126], ["704049292", 51.84018, 10.80126]], "51.8401861936,10.8012872189": [["704049293", 51.84018, 10.80126], ["704049292", 51.84018, 10.80126]], "51.8402231578,10.8012778312": [["704049292", 51.84018, 10.80126], ["704049293", 51.84018, 10.80126]], "51.8401793204,10.801297361": [["704049293", 51.84018, 10.80126], ["704049292", 51.84018, 10.80126]], "51.8402316235,10.8012696169": [["704049292", 51.84018, 10.80126], ["704049293", 51.84018, 10.80126]], "51.840141518,10.801315885": [["704049293", 51.84018, 10.80126], ["704049292", 51.84018, 10.80126]], "51.8403047975,10.8012254443": [], "51.8402274325,10.8012611512": [["704049292", 51.84018, 10.80126], ["704049293", 51.84018, 10.80126]], "51.8401522469,10.8013195731": [["704049293", 51.84018, 10.80126], ["704049292", 51.84018, 10.80126]], "51.8401736207,10.8012986183": [["704049293", 51.84018, 10.80126], ["704049292", 51.84018, 10.80126]], "51.8401910551,10.8012907393": [["704049293", 51.84018, 10.80126], ["704049292", 51.84018, 10.80126]], "51.8402057234,10.8012774959": [["704049292", 51.84018, 10.80126], ["704049293", 51.84018, 10.80126]], "51.8401659932,10.8013117779": [["704049293", 51.84018, 10.80126], ["704049292", 51.84018, 10.80126]], "51.8401049729,10.8013141248": [["704049292", 51.84018, 10.80126], ["704049293", 51.84018, 10.80126]], "51.8401755486,10.8013032284": [["704049293", 51.84018, 10.80126], ["704049292", 51.84018, 10.80126]], "51.840158198,10.801296439": [["704049293", 51.84018, 10.80126], ["704049292", 51.84018, 10.80126]], "51.8400933221,10.8013125323": [["704049292", 51.84018, 10.80126], ["704049293", 51.84018, 10.80126]]}, "748807": {"51.8316670787,10.7784813177": [["544591977", 51.83165, 10.7784299], ["541341332", 51.83165, 10.7784299], ["541341331", 51.83165, 10.7784299]], "51.8316592835,10.7785013504": [["541341332", 51.83165, 10.7784299], ["544591977", 51.83165, 10.7784299], ["541341331", 51.83165, 10.7784299]], "51.831657188,10.7784227282": [["541341331", 51.83165, 10.7784299], ["541341332", 51.83165, 10.7784299], ["544591977", 51.83165, 10.7784299]], "51.8316634744,10.7784910407": [["541341332", 51.83165, 10.7784299], ["544591977", 51.83165, 10.7784299], ["541341331", 51.83165, 10.7784299]], "51.8316713534,10.7784553338": [["544591977", 51.83165, 10.7784299], ["541341332", 51.83165, 10.7784299], ["541341331", 51.83165, 10.7784299]], "51.831660457,10.7784971595": [["541341332", 51.83165, 10.7784299], ["544591977", 51.83165, 10.7784299], ["541341331", 51.83165, 10.7784299]], "51.8316612951,10.7785021886": [["541341332", 51.83165, 10.7784299], ["544591977", 51.83165, 10.7784299], ["541341331", 51.83165, 10.7784299]]}, "748806": {"51.8370806985,10.7938135788": [["544592335", 51.8370799, 10.79378]], "51.8354675174,10.7783535775": [], "51.8378932402,10.7847305294": [["765296705", 51.83786, 10.78475], ["765296705", 51.83786, 10.78475]], "51.8380871974,10.7965572271": [], "51.8387863319,10.7983698975": [["565022950", 51.83871, 10.7983599]], "51.8319651391,10.7795761619": [["541341332", 51.83198, 10.7795199]], "51.834751619,10.7785954792": [["541341326", 51.8347599, 10.7786599]], "51.8381098285,10.7863084227": [["765296706", 51.8380699, 10.78636]], "51.8364160974,10.778996218": [["765296709", 51.83648, 10.7790499]], "51.8320987467,10.7799046487": [], "51.8321012612,10.779897524": [], "51.8378424458,10.7811506186": [["703703757", 51.83788, 10.7810599]], "51.8352019787,10.7785035297": [["544591817", 51.8351799, 10.77854]], "51.8382491358,10.7888873667": [["541342046", 51.8381999, 10.78885]], "51.8378067389,10.7957775425": [], "51.8332232628,10.7797324844": [], "51.8371028267,10.7795439754": [["541341303", 51.8371, 10.7795499]], "51.8357301224,10.7777123619": [], "51.8375519291,10.7797198277": [["541341304", 51.83757, 10.7796799]], "51.8321108166,10.7798704505": [], "51.8381644785,10.789909875": [], "51.8381440267,10.7871363871": [["541342046", 51.8381299, 10.7871599]], "51.8320807256,10.7797814347": [], "51.8342854176,10.7788312621": [["544591836", 51.8342899, 10.77887]], "51.8393383641,10.8001228888": [["572658126", 51.8393199, 10.80004]], "51.8377780728,10.7818586379": [["703703757", 51.83782, 10.7818799]], "51.8382900394,10.7916577533": [["704359549", 51.8382999, 10.7916599]], "51.8321225513,10.7798426226": [], "51.8377392646,10.7826827466": [["572660833", 51.8377799, 10.7826999], ["703703757", 51.8377799, 10.7826999]], "51.8362854235,10.7782611251": [], "51.8321071286,10.7798264455": [], "51.838025758,10.7854955457": [], "51.8378132768,10.7803281862": [["703703757", 51.83785, 10.7802699]], "51.8375578802,10.7950954232": [], "51.8320993334,10.7798969373": [], "51.8356545176,10.7780489791": [["544591817", 51.8356, 10.77802]], "51.8321177736,10.7798379287": [], "51.8377498258,10.7824140228": [["703703757", 51.8377951, 10.7823669]], "51.8381749559,10.7907331455": [], "51.8365932908,10.7795015629": [], "51.8373183254,10.7930218242": [["541341543", 51.8373199, 10.79305], ["541341543", 51.8373199, 10.79305]], "51.8390909303,10.7992887218": [], "51.8321558274,10.7800549362": [["541341332", 51.83215, 10.7800699]], "51.8358141929,10.7775126211": [["544591817", 51.83573, 10.7776]], "51.8323119823,10.7803837582": [["541341337", 51.8322899, 10.7804599]], "51.8383011874,10.7920336816": [], "51.8326623458,10.7801591232": [["541341337", 51.8326944, 10.7801503]], "51.8377076648,10.7927328162": [], "51.837007273,10.7933607884": [["541341543", 51.83707, 10.7932999], ["541341543", 51.8370499, 10.7933699], ["544592335", 51.83703, 10.7934599]], "51.8320883531,10.7798015513": [], "51.8377354927,10.7827910408": [["703703757", 51.8377799, 10.7826999], ["572660833", 51.8377799, 10.7826999]], "51.8382171169,10.787978936": [], "51.8337958306,10.7792693842": [["541341327", 51.8337999, 10.7792499]], "51.8361107446,10.7776531857": [["765296709", 51.83615, 10.7777099], ["765296709", 51.83615, 10.7777099]], "51.8320968188,10.7798102684": [], "51.8320990819,10.7798993681": [], "51.8373074289,10.7944256254": [["541341561", 51.83729, 10.79434]], "51.8380710203,10.7923500985": [], "51.83838333,10.7973828446": [], "51.8318948988,10.7791803684": [], "51.8321010936,10.7799014635": [], "51.8321226351,10.7798504177": []}}