{"733764": {"52.464990858,10.7088845316": [["83605447", 52.4649899, 10.7088], ["51752350", 52.4649899, 10.7088], ["67960003", 52.4649899, 10.7088]], "52.4650319293,10.7087975275": [["67960003", 52.4649899, 10.7088], ["51752350", 52.4649899, 10.7088], ["83605447", 52.4649899, 10.7088]], "52.4650349468,10.7087878883": [["67960003", 52.4649899, 10.7088], ["51752350", 52.4649899, 10.7088], ["83605447", 52.4649899, 10.7088]], "52.465351196,10.7073951513": [], "52.4650826398,10.708385054": [], "52.4672804587,10.6982380897": [], "52.4650449213,10.708779674": [["67960003", 52.4649899, 10.7088], ["51752350", 52.4649899, 10.7088], ["83605447", 52.4649899, 10.7088]], "52.4650174286,10.7086799294": [], "52.4670699891,10.7002507523": [], "52.4660827685,10.7048286963": [], "52.4649582524,10.7089348231": [], "52.465162687,10.7080788631": [], "52.4673562311,10.6975122169": [], "52.4652499426,10.7077790424": [], "52.467318261,10.6978647597": [], "52.4656488374,10.7063524425": [["83605447", 52.465669, 10.7063963]], "52.4669415783,10.7013455965": [["83605446", 52.46697, 10.70125]], "52.4672411475,10.6986178737": [], "52.4669918697,10.7009815704": [], "52.465422526,10.7071393356": [], "52.4664599542,10.7034502923": [], "52.4648842402,10.7092244178": [], "52.4663655739,10.7038142346": [["83605446", 52.46641, 10.70378]], "52.4657535274,10.7060046773": [], "52.4666523188,10.70277513": [["83605446", 52.4666699, 10.7028299]], "52.4665584415,10.7031152677": [], "52.4668140896,10.7020654343": [], "52.4659928307,10.7051686663": [], "52.4650379643,10.7087861281": [["67960003", 52.4649899, 10.7088], ["51752350", 52.4649899, 10.7088], ["83605447", 52.4649899, 10.7088]], "52.4673963804,10.6971454248": [], "52.4648007564,10.7095125876": [], "52.4667379819,10.7024241798": [], "52.4650466815,10.7087918278": [["67960003", 52.4649899, 10.7088], ["51752350", 52.4649899, 10.7088], ["83605447", 52.4649899, 10.7088]], "52.4671542272,10.6994485203": [], "52.4672024231,10.6989946403": [], "52.4670316838,10.7006154489": [["83605446", 52.46705, 10.70056]], "52.4661723711,10.7044911571": [], "52.46499178,10.7088857889": [["83605447", 52.4649899, 10.7088], ["51752350", 52.4649899, 10.7088], ["67960003", 52.4649899, 10.7088]], "52.4671085458,10.6998866424": [], "52.4658730533,10.7055932935": [["83605447", 52.4658799, 10.70565]], "52.4655427225,10.7066996209": [], "52.46504643,10.7087784167": [["67960003", 52.4649899, 10.7088], ["51752350", 52.4649899, 10.7088], ["83605447", 52.4649899, 10.7088]], "52.466883827,10.7017034199": [], "52.4662640691,10.7041589823": [], "52.4650397245,10.7087883912": [["67960003", 52.4649899, 10.7088], ["51752350", 52.4649899, 10.7088], ["83605447", 52.4649899, 10.7088]]}, "967648": {"52.307683574,10.5110706948": [], "52.3145877477,10.5143143237": [], "52.3189360276,10.4971918557": [], "52.2804840468,10.4911023192": [], "52.3122876696,10.5144106317": [], "52.3014658783,10.5068053957": [["792655624", 52.30154, 10.50686], ["792655624", 52.3013899, 10.50672]], "52.2790847719,10.491406247": [], "52.3105904181,10.5129673518": [["51805337", 52.3106199, 10.51297], ["67944424", 52.31051, 10.513]], "52.3118010163,10.5139419995": [], "52.2732498776,10.4925613571": [["51798005", 52.2732899, 10.49261]], "52.3133498244,10.5147844646": [], "52.2946880199,10.4974412173": [], "52.3169084452,10.5062009767": [], "52.2744064964,10.492411321": [], "52.3127925955,10.5148098618": [["51805328", 52.31277, 10.51489]], "52.3097712547,10.5123863183": [], "52.3087806813,10.5117624532": [], "52.2938478179,10.4961111769": [["792655623", 52.29393, 10.4961399]], "52.2816514783,10.4908574838": [], "52.2985416837,10.5036026705": [["792655623", 52.2986299, 10.5036599]], "52.2863610182,10.4905705713": [["51798059", 52.2864199, 10.49061], ["572247036", 52.2864199, 10.49061]], "52.2955103684,10.4987867642": [], "52.3181032855,10.5012040213": [], "52.3025979381,10.5077310931": [["769317327", 52.3025099, 10.50765]], "52.2681555245,10.4882606864": [], "52.2920033801,10.4937900603": [["792655623", 52.29208, 10.49386], ["792655623", 52.29196, 10.49373]], "52.272101976,10.4923892766": [["554711407", 52.2721499, 10.49245], ["51797669", 52.2722, 10.49229]], "52.3157432768,10.510856621": [], "52.2699606512,10.4908225313": [["67944376", 52.2700399, 10.4909199]], "52.2851988673,10.4904318508": [["572247036", 52.2852699, 10.4904599]], "52.2909886669,10.4928580765": [], "52.3165029287,10.5078239646": [], "52.3004112672,10.5058004893": [["792655623", 52.30039, 10.50577], ["792655624", 52.3005099, 10.5058899], ["792655628", 52.30039, 10.50577]], "52.2994406428,10.5047291983": [["792655623", 52.2994599, 10.5047099]], "52.2899394203,10.4920659866": [["783444149", 52.2899999, 10.4920999]], "52.2767426167,10.4919112567": [], "52.3153633252,10.5122853164": [["792712536", 52.3154399, 10.5122]], "52.311240267,10.5134695955": [], "52.319586128,10.4947884288": [], "52.2886332683,10.4913143814": [["783444148", 52.28854, 10.49129]], "52.3052577674,10.5095646344": [["769317328", 52.30528, 10.50958]], "52.2828307282,10.4906293284": [], "52.296159463,10.4998347536": [], "52.3205475323,10.4912727233": [], "52.2755708266,10.4921586905": [], "52.2977063432,10.5024034716": [], "52.320046965,10.4932666942": [], "52.2929560672,10.4948753491": [["792655623", 52.2929499, 10.4948299]], "52.317692237,10.5029509775": [], "52.2875055671,10.4908633512": [["572247033", 52.2874399, 10.49086], ["792659360", 52.2874399, 10.49086]], "52.2840176895,10.4904601816": [], "52.3185222968,10.4993237928": [], "52.2690605186,10.4895650782": [], "52.2711996641,10.4919522442": [["554711407", 52.2712, 10.4919699]], "52.2779149935,10.4916599672": [], "52.3062370252,10.5101992283": [], "52.3150634207,10.5134974234": [], "52.3139412515,10.5145720672": [], "52.3161323648,10.5093497224": [], "52.3037902638,10.508582443": [["769317327", 52.30377, 10.5085799]], "52.3173012212,10.5045943335": [], "52.2969252337,10.5011421628": [["792655623", 52.29694, 10.5010899]]}, "967647": {"52.2570759896,10.5156072322": [["51808250", 52.257, 10.51552]], "52.2533267643,10.4942677449": [["51797732", 52.2533999, 10.49418], ["51797732", 52.2533699, 10.49428], ["51797724", 52.25326, 10.4941699]], "52.2544396296,10.5040052533": [], "52.254866939,10.5059365276": [], "52.2538828198,10.4937099293": [], "52.255495498,10.5081569776": [], "52.2585624363,10.5221104994": [], "52.2575288638,10.5164034292": [["51808251", 52.2575999, 10.5165]], "52.2547996324,10.5057182629": [["51808289", 52.2548099, 10.50573]], "52.2575441189,10.5164363701": [["51808251", 52.2575999, 10.5165]], "52.2533361521,10.4942647275": [["51797732", 52.2533699, 10.49428], ["51797732", 52.2533999, 10.49418], ["51797724", 52.25326, 10.4941699]], "52.2544599976,10.5000872165": [["572259809", 52.2545069, 10.5001824]], "52.2545842174,10.5049884506": [["51808289", 52.2546199, 10.50508]], "52.2577559296,10.5168165732": [], "52.2533452883,10.4942634702": [["51797732", 52.2533699, 10.49428], ["51797732", 52.2533999, 10.49418], ["51797724", 52.25326, 10.4941699]], "52.2557424288,10.5092302803": [], "52.2563049383,10.5124227796": [], "52.2559129167,10.510294782": [], "52.2568736505,10.5149991252": [["51808247", 52.25683, 10.5149]], "52.2544364445,10.502002649": [], "52.2584875859,10.5210817885": [["51811451", 52.2585795, 10.5210627]], "52.2542712372,10.4978955165": [["572259809", 52.2543, 10.4978499]], "52.253265325,10.4943702556": [["51797749", 52.2531948, 10.4944098]], "52.2582052834,10.5182532314": [], "52.2537152655,10.4959459696": [], "52.2548625804,10.5059356894": [], "52.2573011275,10.5160226393": [], "52.2574573662,10.5162851606": [], "52.2540364601,10.4968900234": [], "52.2544266377,10.5029597785": [], "52.2566938587,10.5142766889": [], "52.2544231173,10.4989852477": [["572259809", 52.2544499, 10.49901]], "52.2544516996,10.5011423305": [], "52.2567899991,10.5146488454": [], "52.2546295635,10.4931874853": [], "52.2534331307,10.4940819182": [], "52.2549770772,10.5062857177": [["51808288", 52.25502, 10.5063799]], "52.2580324486,10.5174841918": [], "52.2552399337,10.5071082339": [], "52.2584249731,10.5201707594": [["51808254", 52.2585, 10.52021]], "52.2533501498,10.4942623805": [["51797732", 52.2533699, 10.49428], ["51797732", 52.2533999, 10.49418], ["51797724", 52.25326, 10.4941699]], "52.2532688454,10.4950706474": [], "52.256086925,10.5113615468": [], "52.2583285812,10.5192085169": [["51808264", 52.2584, 10.51929]], "52.2565226164,10.5134290271": []}}