{"898531": {"51.2182535883,9.47595845908": [], "51.2349830288,9.49388978072": [], "51.239135256,9.49997252785": [["723022197", 51.2390823, 9.4999137]], "51.2226057239,9.47864636779": [["78690777", 51.2225099, 9.4786299]], "51.2171835545,9.47530022822": [["78690770", 51.2171447, 9.4753322]], "51.2288903911,9.48496674187": [], "51.2245397642,9.48000574484": [], "51.2305728905,9.48743764311": [], "51.2216027454,9.4780170545": [], "51.2150954548,9.47402416728": [], "51.2263172306,9.48167231865": [], "51.2205832545,9.47739235125": [], "51.2314394955,9.48870062828": [], "51.2297290843,9.48620541953": [], "51.2358090654,9.49509794824": [], "51.2280688807,9.48379168287": [], "51.2235901784,9.47928397916": [], "51.2161157839,9.47465297766": [], "51.2140621338,9.47342125699": [], "51.2374762259,9.49753716588": [], "51.2331828475,9.49124285951": [["772894792", 51.2331901, 9.4913268]], "51.2272109929,9.48268879205": [["772894791", 51.22721, 9.4827399]], "51.2129802816,9.47273662314": [], "51.2366414722,9.49631592259": [], "51.2254252285,9.4807837531": [], "51.2323229481,9.48998389766": [], "51.2195238657,9.47674149647": [["78690770", 51.2194996, 9.4767841]], "51.2340097222,9.49246427044": [], "51.2382978201,9.49874793179": [["772894792", 51.23831, 9.49878]]}, "1204212": {"53.0139664561,10.0173027534": [], "53.0053266417,10.0088081975": [], "53.0112136714,10.0165084843": [], "53.0046996754,10.0075493194": [], "53.0010214448,9.99952188693": [], "52.9990509432,9.99957192689": [], "53.0131145194,10.0170526374": [], "53.0083078332,10.0148748513": [], "53.002214022,9.99867162667": [], "53.0066725239,10.0115359202": [], "53.0149764754,10.018137088": [], "53.0026274174,9.99960872345": [], "53.003319595,10.0021553971": [], "53.0036559608,10.0051640812": [["80689042", 53.00367, 10.0051699]], "53.0072974786,10.0128102209": [], "53.0146472342,10.0175059307": [], "53.0102622416,10.0162247568": [], "53.0139210261,10.0205288641": [], "53.0151005276,10.0178441405": [], "53.0146845337,10.0189097319": [["80693323", 53.0147, 10.01892]], "53.0121793505,10.0167834945": [], "53.0017540231,9.99898863025": [], "53.0030723289,10.0006991252": [["80710272", 53.00311, 10.00072]], "53.00212509,9.9986048229": [["80710280", 53.0021699, 9.9985099]], "53.0059895664,10.0101652276": [], "52.9971533641,9.99765766785": [], "53.0078468286,10.01393985": [], "53.0034655239,10.0036855973": [], "52.9980577715,9.99875812791": [], "52.9929886479,9.99415663071": [], "53.014318496,10.0197887421": [], "53.0086145271,10.0155026559": [], "53.0150526669,10.0176486745": [], "52.9941418301,9.99483346939": [], "53.0087998509,10.0157602318": [["80688977", 53.0088599, 10.0158499], ["80688977", 53.00876, 10.0157799]], "53.0000577774,9.99976395629": [], "53.0041058175,10.00636613": [], "52.996202521,9.99657992274": [], "53.0023411755,9.99898494221": [], "52.995198369,9.99561826698": [], "53.0093807168,10.0159643311": []}, "898530": {"51.1860132683,9.47325722314": [], "51.1085616332,9.48277722113": [["724232390", 51.1085999, 9.4827699]], "51.1712383199,9.47367724031": [], "51.1829741579,9.47379492223": [], "51.1373043526,9.47510794736": [["723333291", 51.1373599, 9.47511]], "51.1496979184,9.47607044131": [["723333288", 51.1497699, 9.4760699]], "51.1592346802,9.48139068671": [], "51.1874653492,9.47260997258": [], "51.1577985249,9.48156259954": [], "51.1770625692,9.47263495065": [["727548045", 51.17702, 9.4726899]], "51.1563760322,9.48126244359": [], "51.1388486344,9.47564514354": [], "51.123257624,9.47978119366": [], "51.1243586708,9.47809358127": [], "51.1524662934,9.47800221853": [], "51.1163966171,9.48461897671": [], "51.1740436591,9.47266252711": [], "51.1814972665,9.47363658808": [], "51.1633373704,9.47888458148": [], "51.1295135412,9.47360306047": [], "51.1903569382,9.47116778232": [], "51.1726151314,9.47308111936": [], "51.1699230317,9.47448718362": [], "51.1149016209,9.48459793814": [], "51.1482008267,9.47569174692": [["723333288", 51.1482199, 9.47567]], "51.1116333492,9.48366042227": [], "51.1889173463,9.47190547362": [], "51.1549825408,9.48048887774": [], "51.1419494357,9.47591411881": [], "51.1323968321,9.47343751788": [], "51.1193946563,9.48360744864": [], "51.1466633342,9.47568085045": [], "51.1646975856,9.47794781998": [], "51.160628926,9.48074762709": [], "51.1785579845,9.47295254096": [["67192724", 51.1786499, 9.47304], ["727548045", 51.17851, 9.47301]], "51.1755517311,9.47250846773": [], "51.1800455209,9.47328262031": [], "51.1435123254,9.47583792731": [], "51.1660486646,9.47705908678": [], "51.10697628,9.48293379508": [], "51.1254620645,9.47652105242": [], "51.134187039,9.47398862801": [], "51.1208121199,9.4826000277": [], "51.128081996,9.4742065575": [], "51.1267101299,9.4751948677": [], "51.16737267,9.4761976786": [], "51.1178949662,9.48429132812": [], "51.1619874649,9.47983752005": [], "51.1932153348,9.46978636086": [], "51.184499329,9.47366776876": [], "51.1220938805,9.48130636476": [], "51.1511346605,9.47684325278": [], "51.1686521675,9.47533677332": [], "51.1946171243,9.46914715692": [], "51.1917924229,9.4704669714": [], "51.1450925656,9.47574723512": [], "51.1309485231,9.47333986871": [], "51.1357379425,9.4745201245": [["723333291", 51.1356914, 9.4745427]], "51.1403889768,9.47595778853": [["723333291", 51.14032, 9.4759399]], "51.1131232325,9.48416157626": [["724232390", 51.11305, 9.4841099]], "51.1101180688,9.48314501904": [], "51.1537166219,9.47930082679": []}, "1084096": {"52.4019540846,9.73554063588": [], "52.395143453,9.73539906554": [["51927309", 52.3952099, 9.7354], ["51927309", 52.395091, 9.7353756]], "52.403708417,9.73598035052": [["51924132", 52.40365, 9.7359399], ["51911121", 52.40375, 9.73602], ["51924126", 52.40375, 9.73602]], "52.4024662189,9.73544357345": [["51911365", 52.4025199, 9.7353899]], "52.4029997271,9.73534223624": [], "52.4036924914,9.73596073687": [["51911121", 52.40375, 9.73602], ["51924132", 52.40365, 9.7359399], ["51924126", 52.40375, 9.73602]], "52.4035789166,9.73569989204": [["51924126", 52.40362, 9.73563], ["51924126", 52.40365, 9.73573]], "52.3988124635,9.73591539077": [], "52.397535732,9.7359427996": [], "52.4019357283,9.73552839831": [], "52.395143453,9.735399317": [["51927309", 52.3952099, 9.7354], ["51927309", 52.395091, 9.7353756]], "52.401442118,9.73560936749": [], "52.4036831874,9.73594782874": [["51911121", 52.40375, 9.73602], ["51924132", 52.40365, 9.7359399], ["51924126", 52.40369, 9.7358499], ["51924126", 52.40375, 9.73602]], "52.404781552,9.73685198464": [], "52.4036970176,9.73597037606": [["51924132", 52.40365, 9.7359399], ["51911121", 52.40375, 9.73602], ["51924126", 52.40375, 9.73602]], "52.3968772497,9.73582629114": [], "52.4036922399,9.7359613236": [["51911121", 52.40375, 9.73602], ["51924132", 52.40365, 9.7359399], ["51924126", 52.40375, 9.73602]], "52.3998258356,9.73581262864": [], "52.4044335354,9.73663422279": [["51911121", 52.4043599, 9.73656]], "52.4034004658,9.73527727649": [["51924151", 52.4034399, 9.7352299]], "52.4010409601,9.7356692981": [], "52.4036959279,9.73596844822": [["51924132", 52.40365, 9.7359399], ["51911121", 52.40375, 9.73602], ["51924126", 52.40375, 9.73602]], "52.4036955927,9.73596752621": [["51911121", 52.40375, 9.73602], ["51924132", 52.40365, 9.7359399], ["51924126", 52.40375, 9.73602]], "52.4040554278,9.73632618785": [["51911121", 52.4040299, 9.73629]], "52.3950782418,9.73539437167": [["51927309", 52.395091, 9.7353756]], "52.4021042883,9.73550895229": [], "52.4004209507,9.73574993201": [], "52.3993275315,9.73585755564": [["83739656", 52.39932, 9.73587]], "52.4036938325,9.7359630838": [["51911121", 52.40375, 9.73602], ["51924132", 52.40365, 9.7359399], ["51924126", 52.40375, 9.73602]], "52.4036949221,9.73596601747": [["51911121", 52.40375, 9.73602], ["51924132", 52.40365, 9.7359399], ["51924126", 52.40375, 9.73602]], "52.3952522501,9.73542613909": [["51927309", 52.3952099, 9.7354]], "52.4036928266,9.73596082069": [["51911121", 52.40375, 9.73602], ["51924132", 52.40365, 9.7359399], ["51924126", 52.40375, 9.73602]], "52.3962667957,9.73570827395": [["51927304", 52.3962599, 9.7356499], ["51924371", 52.3962599, 9.7356499]], "52.4003171828,9.73576317541": [], "52.4047034327,9.73679725081": [["51911121", 52.40464, 9.73679]], "52.395143453,9.73539898172": [["51927309", 52.3952099, 9.7354], ["51927309", 52.395091, 9.7353756]], "52.3951421957,9.73539864644": [["51927309", 52.3952099, 9.7354], ["51927309", 52.395091, 9.7353756]], "52.4036925752,9.73596015014": [["51911121", 52.40375, 9.73602], ["51924132", 52.40365, 9.7359399], ["51924126", 52.40375, 9.73602]], "52.4036939163,9.73596467637": [["51911121", 52.40375, 9.73602], ["51924132", 52.40365, 9.7359399], ["51924126", 52.40375, 9.73602]], "52.3956798948,9.73554222845": [["51927309", 52.3956699, 9.73551]], "52.3951419443,9.73540225066": [["51927309", 52.3952099, 9.7354], ["51927309", 52.395091, 9.7353756]], "52.395139765,9.73539822735": [["51927309", 52.3952099, 9.7354], ["51927309", 52.395091, 9.7353756]], "52.4036925752,9.73596048541": [["51911121", 52.40375, 9.73602], ["51924132", 52.40365, 9.7359399], ["51924126", 52.40375, 9.73602]], "52.3951430339,9.73540015519": [["51927309", 52.3952099, 9.7354], ["51927309", 52.395091, 9.7353756]], "52.3951444589,9.73539596424": [["51927309", 52.3952099, 9.7354], ["51927309", 52.395091, 9.7353756]], "52.4001812283,9.73577616736": [], "52.4036923237,9.73596098833": [["51911121", 52.40375, 9.73602], ["51924132", 52.40365, 9.7359399], ["51924126", 52.40375, 9.73602]], "52.40031383,9.73576216958": [], "52.4018072337,9.73555253819": [], "52.3951432854,9.73540015519": [["51927309", 52.3952099, 9.7354], ["51927309", 52.395091, 9.7353756]], "52.4048400577,9.73690043204": [], "52.4048321787,9.73689389415": [], "52.3981849942,9.73597247154": [], "52.403692659,9.73596015014": [["51911121", 52.40375, 9.73602], ["51924132", 52.40365, 9.7359399], ["51924126", 52.40375, 9.73602]], "52.3951428663,9.73539914936": [["51927309", 52.3952099, 9.7354], ["51927309", 52.395091, 9.7353756]], "52.4036922399,9.73596224561": [["51911121", 52.40375, 9.73602], ["51924132", 52.40365, 9.7359399], ["51924126", 52.40375, 9.73602]], "52.4037948344,9.7360877227": [["51911121", 52.40383, 9.7361099], ["51924126", 52.40375, 9.73602]], "52.400689926,9.73571606912": [], "52.403692659,9.73596048541": [["51911121", 52.40375, 9.73602], ["51924132", 52.40365, 9.7359399], ["51924126", 52.40375, 9.73602]], "52.403698191,9.73596752621": [["51911121", 52.40375, 9.73602], ["51924132", 52.40365, 9.7359399], ["51924126", 52.40375, 9.73602]], "52.4003097229,9.73575948738": [], "52.4036933295,9.73596199416": [["51911121", 52.40375, 9.73602], ["51924132", 52.40365, 9.7359399], ["51924126", 52.40375, 9.73602]]}, "898529": {"51.0799696203,9.48621673509": [], "51.0849480517,9.48471704498": [], "51.0785258375,9.48703849688": [], "51.081528319,9.4854825642": [], "51.0832006764,9.48502784595": []}, "1477173": {"51.6655990295,10.323426621": [], "51.714083394,10.2698026411": [], "51.6977745574,10.2863429859": [], "51.6665279958,10.3217928205": [], "51.713183932,10.2706279233": [], "51.6803063359,10.308480598": [], "51.7255851254,10.2425816562": [], "51.7057355214,10.2786192298": [], "51.6849857848,10.3052955586": [], "51.6752217896,10.3104562964": [], "51.7179071344,10.265425276": [["80677087", 51.71784, 10.2653499]], "51.676827427,10.3097456787": [], "51.7118825577,10.2732100524": [], "51.7230813671,10.2495982312": [], "51.6722335573,10.3127535246": [], "51.7032456771,10.2809791546": [], "51.7112976685,10.2746420167": [], "51.6955886409,10.2885007393": [], "51.7151170503,10.269115828": [], "51.6897800658,10.2986177802": [], "51.6676016338,10.3200181201": [], "51.7171256896,10.2669400536": [], "51.6926687211,10.2924899384": [], "51.7195377499,10.2601212915": [], "51.6696777474,10.3160819784": [], "51.6686283331,10.3180627897": [], "51.6863020789,10.303895697": [], "51.7234142963,10.2475993987": [], "51.7220631335,10.2533273399": [], "51.7124622501,10.2718032338": [], "51.7246815562,10.2440749761": [], "51.691693319,10.2944987454": [], "51.6875410918,10.3023112658": [], "51.6991762631,10.2850137837": [], "51.6886923462,10.3005498927": [], "51.7239218205,10.2457087766": [], "51.7213726323,10.2549922373": [], "51.6784143727,10.3091589455": [], "51.7185406387,10.2637016214": [], "51.7226652894,10.2515397314": [], "51.6736857221,10.3114547487": [], "51.7265631258,10.2413137257": [], "51.6821460798,10.3075320181": [], "51.6907536238,10.2965594362": [], "51.7200729344,10.2583492734": [], "51.7206884176,10.2566230204": [["80679920", 51.72064, 10.2566799]], "51.7190672737,10.261879731": [], "51.696403781,10.2876833361": [], "51.6937975958,10.2906756755": [], "51.716168141,10.2681994345": [], "51.7105207499,10.275815567": [], "51.7005983368,10.2836501319": [], "51.7093078885,10.276677981": [], "51.7069541663,10.2777231205": [], "51.68360034,10.30650842": [], "51.7285680771,10.2392498497": [], "51.7081486713,10.2771564201": [], "51.6708861664,10.314307278": [], "51.7294775974,10.2383783832": [], "51.727579264,10.2402290236": [], "51.701925192,10.2822719794": [], "51.7045100871,10.2797490265": []}, "816781": {"52.4257957377,9.62416626513": [], "52.4258501362,9.62316965684": [], "52.4256357271,9.62395017967": [], "52.4276460428,9.62360249832": [], "52.4281483702,9.62281912565": [["540641613", 52.4281999, 9.6228999]], "52.4255513214,9.62334391661": [["51923456", 52.4255999, 9.6233199]], "52.4255596194,9.62333897129": [["51923456", 52.4255999, 9.6233199]], "52.4278093223,9.62341222912": [], "52.4255544227,9.62363116443": [], "52.4278465379,9.6198011376": [], "52.4271157198,9.62453012355": [], "52.4262610171,9.62174716406": [], "52.4281265773,9.62292104959": [["540641613", 52.4281999, 9.6228999]], "52.4276406784,9.62014932185": [], "52.4283489492,9.62253372185": [], "52.4271981977,9.62435527705": [], "52.4270323198,9.62116378359": [], "52.4275423586,9.62032492273": [], "52.4259069655,9.62271133438": [], "52.4261927884,9.62180089206": [], "52.4262433313,9.62174372748": [], "52.427548226,9.62031872012": [], "52.4284246378,9.62281619199": [["540641613", 52.42835, 9.62281], ["716070196", 52.4284, 9.62288], ["716070196", 52.42835, 9.62281]], "52.4261878431,9.62184271775": [], "52.4255603738,9.62334039621": [["51923456", 52.4255999, 9.6233199]], "52.426087847,9.62224454619": [], "52.42626152,9.62174758315": [], "52.4260784592,9.62216902524": [], "52.4255598709,9.62333972566": [["51923456", 52.4255999, 9.6233199]], "52.4255592842,9.62333821692": [["51923456", 52.4255999, 9.6233199]], "52.4267925974,9.62503521703": [], "52.4267816171,9.62505281903": [], "52.4273711164,9.62060613558": [], "52.4274679273,9.62396065705": [], "52.4255585298,9.62334324606": [["51923456", 52.4255999, 9.6233199]], "52.4260528944,9.62203533389": [], "52.4261735938,9.62473707274": [], "52.4255581945,9.62333821692": [["51923456", 52.4255999, 9.6233199]], "52.425650144,9.62405151688": [], "52.4262271542,9.62251838297": [], "52.4260381423,9.62196542881": [], "52.4266347662,9.6218266245": [], "52.4254772253,9.62354885414": [], "52.4260519724,9.62462986819": [], "52.4275456276,9.6203199774": [], "52.4264918547,9.62526362389": [], "52.4260647967,9.62208587676": [], "52.4262616877,9.62174783461": [], "52.4260108173,9.62189896032": [], "52.4255549256,9.62334131822": [["51923456", 52.4255999, 9.6233199]], "52.4264951237,9.62522389367": [], "52.4262611847,9.62174724787": []}, "816782": {"52.4262523837,9.62173618376": [], "52.4262512941,9.62173869833": [], "52.4262511265,9.62173878215": [], "52.426255485,9.62174087763": [], "52.4262568261,9.6217033267": [], "52.4262526352,9.62173174135": [], "52.4262582511,9.62174372748": [], "52.4262570776,9.62174221873": [], "52.4262519646,9.62173777632": [], "52.4262520485,9.62173467502": [], "52.4262511265,9.62173911743": [], "52.4262597598,9.62174599059": [], "52.4262528867,9.62173978798": [], "52.4262506235,9.62173903361": [], "52.426253641,9.62174012326": [], "52.4262521323,9.62173383683": [], "52.4262600951,9.6217464935": [], "52.4262585863,9.62174423039": [], "52.4262523837,9.62173693813": [], "52.4262695666,9.62169611827": [], "52.4262540601,9.62173995562": [], "52.4262535572,9.62172889151": [], "52.426252719,9.62172612548": [], "52.4262581673,9.6216945257": [], "52.4262506235,9.62173894979": [], "52.4262542278,9.62173995562": [], "52.4262589216,9.6217447333": [], "52.4262523837,9.62173962034": [], "52.4262537248,9.62172822095": [], "52.4262518808,9.62173953652": [], "52.4262521323,9.62173534557": [], "52.4262603465,9.62174733169": [], "52.4262526352,9.62173274718": [], "52.4262567423,9.62170005776": [], "52.4262532219,9.62172738276": [], "52.4262569938,9.62170282379": [], "52.4262567423,9.62170173414": [], "52.4262564909,9.62174179964": [], "52.4262532219,9.62172956206": [], "52.4262525514,9.62172193453": [], "52.4262533896,9.62173995562": [], "52.4262568261,9.62170416489": [], "52.4262514617,9.6217394527": [], "52.4262594245,9.62174532004": [], "52.4262528867,9.62173056789": [], "52.426254563,9.62174054235": [], "52.426250875,9.62173911743": [], "52.4262540601,9.6217394527": [], "52.4262550659,9.62174062617": [], "52.426257832,9.62174322456": [], "52.4262558203,9.62171372026": [], "52.4262575805,9.62174272165": [], "52.4262558203,9.62174138054": []}, "1204211": {"52.9684770294,9.939476531": [], "52.9645122215,9.91227817722": [], "52.9696014617,9.9333283212": [], "52.9699512385,9.93129705079": [], "52.969196029,9.92526476271": [], "52.9634553473,9.97728612274": [], "52.9613257572,9.90986578166": [], "52.9635706823,9.91097948514": [], "52.9670495912,9.94759633206": [], "52.9786963295,9.98396172188": [], "52.9646857269,9.95855533518": [], "52.9723296873,9.98114582151": [], "52.9624618404,9.91016786546": [], "52.9697669204,9.92717851885": [["80715833", 52.9697399, 9.9271499]], "52.9666735791,9.94959902018": [], "52.9608065821,9.9719692301": [], "52.9649682809,9.95785192586": [], "52.9658004362,9.95415802114": [], "52.9625049233,9.965423299": [], "52.9630750604,9.96348531917": [], "52.9652379267,9.91399344988": [], "52.9697627295,9.98003295623": [], "52.9671815224,9.91953522898": [], "52.9662958905,9.95155208744": [], "52.9681165237,9.94149472564": [], "52.9678606242,9.92145476863": [], "52.9614577722,9.96904067695": [], "52.9590110946,9.90657387301": [["540647488", 52.95902, 9.90665]], "52.9774749186,9.98338848352": [], "52.9590478912,9.90958943032": [["540647488", 52.95902, 9.9095599]], "52.9673954286,9.94555399753": [], "52.9609638266,9.97440434061": [], "52.9619591776,9.96731442399": [], "52.9590547644,9.9050517194": [], "52.9684900213,9.97947421856": [], "52.9613782279,9.97551879846": [], "52.9641512968,9.95986559428": [], "52.9659550823,9.97835012153": [], "52.9710371979,9.98059663922": [], "52.9607640859,9.97322425246": [], "52.9688461684,9.93744115345": [], "52.9590131901,9.90894352086": [], "52.9677600414,9.94351744652": [], "52.9610373359,9.97055436485": [], "52.9653826822,9.955686545": [], "52.9692253657,9.93538565934": [], "52.9591037985,9.9033821281": [], "52.97493889,9.98228659853": [], "52.9658841714,9.91582363844": [], "52.9665122274,9.91762549616": [], "52.9590055626,9.90791941993": [], "52.9622478504,9.97664297931": [], "52.9762275238,9.98285095207": [], "52.9594778828,9.90964894183": [], "52.9646828771,9.97780647129": [], "52.9603085294,9.90973804146": [], "52.9700344708,9.92924398743": [], "52.9636298586,9.96157064103": [], "52.9650478251,9.95691725984": [], "52.9685428273,9.92337036878": [], "52.9672281258,9.97891472653": [], "52.9736325704,9.98173565604": []}}