{"841611": {"52.1776058245,8.56666152366": [["75352772", 52.1772, 8.5665299], ["74623349", 52.17828, 8.56641], ["74623349", 52.1772, 8.5665299]], "52.1776229236,8.56663738377": [["75352772", 52.1772, 8.5665299], ["74623349", 52.17828, 8.56641], ["74623349", 52.1772, 8.5665299]], "52.1775887255,8.56645382009": [["74623349", 52.17828, 8.56641], ["74623349", 52.1772, 8.5665299], ["75352772", 52.1772, 8.5665299]], "52.1776204929,8.56664031744": [["75352772", 52.1772, 8.5665299], ["74623349", 52.17828, 8.56641], ["74623349", 52.1772, 8.5665299]], "52.1775973588,8.56644133106": [["74623349", 52.17828, 8.56641], ["74623349", 52.1772, 8.5665299], ["75352772", 52.1772, 8.5665299]], "52.1776114404,8.56665682979": [["75352772", 52.1772, 8.5665299], ["74623349", 52.17828, 8.56641], ["74623349", 52.1772, 8.5665299]], "52.1776058245,8.56642615981": [["74623349", 52.17828, 8.56641], ["74623349", 52.1772, 8.5665299], ["75352772", 52.1772, 8.5665299]], "52.1776059922,8.56642515399": [["74623349", 52.17828, 8.56641], ["74623349", 52.1772, 8.5665299], ["75352772", 52.1772, 8.5665299]], "52.1775443852,8.56661492027": [["75352772", 52.1772, 8.5665299], ["75352772", 52.17658, 8.56655], ["74623349", 52.17828, 8.56641], ["74623349", 52.1772, 8.5665299]], "52.1775592212,8.56650084257": [["74623349", 52.17828, 8.56641], ["74623349", 52.1772, 8.5665299], ["75352772", 52.1772, 8.5665299], ["75352772", 52.17658, 8.56655]], "52.1776029747,8.56643336825": [["74623349", 52.17828, 8.56641], ["74623349", 52.1772, 8.5665299], ["75352772", 52.1772, 8.5665299]], "52.1776024718,8.5664340388": [["74623349", 52.17828, 8.56641], ["74623349", 52.1772, 8.5665299], ["75352772", 52.1772, 8.5665299]], "52.1776224207,8.56663788669": [["75352772", 52.1772, 8.5665299], ["74623349", 52.17828, 8.56641], ["74623349", 52.1772, 8.5665299]], "52.1775425412,8.56653537601": [["75352772", 52.1772, 8.5665299], ["75352772", 52.17658, 8.56655], ["74623349", 52.17828, 8.56641], ["74623349", 52.1772, 8.5665299]], "52.1775837801,8.56646538712": [["74623349", 52.17828, 8.56641], ["74623349", 52.1772, 8.5665299], ["75352772", 52.1772, 8.5665299]], "52.1776096802,8.56678322889": [["75352772", 52.1772, 8.5665299], ["74623349", 52.17828, 8.56641], ["74623349", 52.1772, 8.5665299]], "52.1776053216,8.56666244566": [["75352772", 52.1772, 8.5665299], ["74623349", 52.17828, 8.56641], ["74623349", 52.1772, 8.5665299]], "52.1775649209,8.56649665162": [["74623349", 52.17828, 8.56641], ["74623349", 52.1772, 8.5665299], ["75352772", 52.1772, 8.5665299], ["75352772", 52.17658, 8.56655]], "52.1775131207,8.56660729274": [["75352772", 52.1772, 8.5665299], ["75352772", 52.17658, 8.56655], ["74623349", 52.17828, 8.56641], ["74623349", 52.1772, 8.5665299]], "52.1776003763,8.56643638574": [["74623349", 52.17828, 8.56641], ["74623349", 52.1772, 8.5665299], ["75352772", 52.1772, 8.5665299]], "52.1775844507,8.56646362692": [["74623349", 52.17828, 8.56641], ["74623349", 52.1772, 8.5665299], ["75352772", 52.1772, 8.5665299]], "52.1775760688,8.5664789658": [["74623349", 52.17828, 8.56641], ["74623349", 52.1772, 8.5665299], ["75352772", 52.1772, 8.5665299], ["75352772", 52.17658, 8.56655]], "52.1775803436,8.56659161858": [["75352772", 52.1772, 8.5665299], ["74623349", 52.17828, 8.56641], ["74623349", 52.1772, 8.5665299]], "52.1775993705,8.56643822975": [["74623349", 52.17828, 8.56641], ["74623349", 52.1772, 8.5665299], ["75352772", 52.1772, 8.5665299]], "52.1776049864,8.56666311622": [["75352772", 52.1772, 8.5665299], ["74623349", 52.17828, 8.56641], ["74623349", 52.1772, 8.5665299]], "52.1775735542,8.56648491696": [["74623349", 52.17828, 8.56641], ["74623349", 52.1772, 8.5665299], ["75352772", 52.1772, 8.5665299], ["75352772", 52.17658, 8.56655]], "52.1775724646,8.56649019755": [["74623349", 52.17828, 8.56641], ["74623349", 52.1772, 8.5665299], ["75352772", 52.1772, 8.5665299], ["75352772", 52.17658, 8.56655]], "52.1776031423,8.56643253006": [["74623349", 52.17828, 8.56641], ["74623349", 52.1772, 8.5665299], ["75352772", 52.1772, 8.5665299]], "52.1775732189,8.56648793444": [["74623349", 52.17828, 8.56641], ["74623349", 52.1772, 8.5665299], ["75352772", 52.1772, 8.5665299], ["75352772", 52.17658, 8.56655]], "52.1775939222,8.56644644402": [["74623349", 52.17828, 8.56641], ["74623349", 52.1772, 8.5665299], ["75352772", 52.1772, 8.5665299]], "52.1776056569,8.56642481871": [["74623349", 52.17828, 8.56641], ["74623349", 52.1772, 8.5665299], ["75352772", 52.1772, 8.5665299]], "52.1776085906,8.56666026637": [["75352772", 52.1772, 8.5665299], ["74623349", 52.17828, 8.56641], ["74623349", 52.1772, 8.5665299]], "52.1775742248,8.56648231857": [["74623349", 52.17828, 8.56641], ["74623349", 52.1772, 8.5665299], ["75352772", 52.1772, 8.5665299], ["75352772", 52.17658, 8.56655]], "52.1775554493,8.56650453061": [["75352772", 52.1772, 8.5665299], ["75352772", 52.17658, 8.56655], ["74623349", 52.17828, 8.56641], ["74623349", 52.1772, 8.5665299]], "52.1776098479,8.56665926054": [["75352772", 52.1772, 8.5665299], ["74623349", 52.17828, 8.56641], ["74623349", 52.1772, 8.5665299]], "52.1776053216,8.56642733328": [["74623349", 52.17828, 8.56641], ["74623349", 52.1772, 8.5665299], ["75352772", 52.1772, 8.5665299]], "52.1775612328,8.5665383935": [["75352772", 52.1772, 8.5665299], ["75352772", 52.17658, 8.56655], ["74623349", 52.17828, 8.56641], ["74623349", 52.1772, 8.5665299]], "52.1776074171,8.56666026637": [["75352772", 52.1772, 8.5665299], ["74623349", 52.17828, 8.56641], ["74623349", 52.1772, 8.5665299]], "52.1776018851,8.56643462554": [["74623349", 52.17828, 8.56641], ["74623349", 52.1772, 8.5665299], ["75352772", 52.1772, 8.5665299]], "52.1775822714,8.56646932662": [["74623349", 52.17828, 8.56641], ["74623349", 52.1772, 8.5665299], ["75352772", 52.1772, 8.5665299]], "52.1775706206,8.56649388559": [["74623349", 52.17828, 8.56641], ["74623349", 52.1772, 8.5665299], ["75352772", 52.1772, 8.5665299], ["75352772", 52.17658, 8.56655]], "52.1775633283,8.56649774127": [["74623349", 52.17828, 8.56641], ["74623349", 52.1772, 8.5665299], ["75352772", 52.1772, 8.5665299], ["75352772", 52.17658, 8.56655]], "52.1776037291,8.56643018313": [["74623349", 52.17828, 8.56641], ["74623349", 52.1772, 8.5665299], ["75352772", 52.1772, 8.5665299]], "52.177605154,8.5666630324": [["75352772", 52.1772, 8.5665299], ["74623349", 52.17828, 8.56641], ["74623349", 52.1772, 8.5665299]], "52.1775724646,8.56649296358": [["74623349", 52.17828, 8.56641], ["74623349", 52.1772, 8.5665299], ["75352772", 52.1772, 8.5665299], ["75352772", 52.17658, 8.56655]], "52.1775798406,8.56647485867": [["74623349", 52.17828, 8.56641], ["74623349", 52.1772, 8.5665299], ["75352772", 52.1772, 8.5665299], ["75352772", 52.17658, 8.56655]], "52.1775672678,8.56649556197": [["74623349", 52.17828, 8.56641], ["74623349", 52.1772, 8.5665299], ["75352772", 52.1772, 8.5665299], ["75352772", 52.17658, 8.56655]], "52.1776008792,8.56655289419": [["75352772", 52.1772, 8.5665299], ["74623349", 52.17828, 8.56641], ["74623349", 52.1772, 8.5665299]], "52.1776170563,8.56664668769": [["75352772", 52.1772, 8.5665299], ["74623349", 52.17828, 8.56641], ["74623349", 52.1772, 8.5665299]], "52.1776012983,8.56643512845": [["74623349", 52.17828, 8.56641], ["74623349", 52.1772, 8.5665299], ["75352772", 52.1772, 8.5665299]], "52.1776026394,8.56671432965": [["75352772", 52.1772, 8.5665299], ["74623349", 52.17828, 8.56641], ["74623349", 52.1772, 8.5665299]], "52.1776063275,8.56666043401": [["75352772", 52.1772, 8.5665299], ["74623349", 52.17828, 8.56641], ["74623349", 52.1772, 8.5665299]], "52.1775868814,8.56645742431": [["74623349", 52.17828, 8.56641], ["74623349", 52.1772, 8.5665299], ["75352772", 52.1772, 8.5665299]], "52.1775490791,8.56651207432": [["75352772", 52.1772, 8.5665299], ["75352772", 52.17658, 8.56655], ["74623349", 52.17828, 8.56641], ["74623349", 52.1772, 8.5665299]], "52.1775877196,8.5664551612": [["74623349", 52.17828, 8.56641], ["74623349", 52.1772, 8.5665299], ["75352772", 52.1772, 8.5665299]], "52.1776208282,8.56663084589": [["75352772", 52.1772, 8.5665299], ["74623349", 52.17828, 8.56641], ["74623349", 52.1772, 8.5665299]], "52.1776046511,8.56642833911": [["74623349", 52.17828, 8.56641], ["74623349", 52.1772, 8.5665299], ["75352772", 52.1772, 8.5665299]], "52.1776055731,8.56666236185": [["75352772", 52.1772, 8.5665299], ["74623349", 52.17828, 8.56641], ["74623349", 52.1772, 8.5665299]], "52.1776032262,8.56643102132": [["74623349", 52.17828, 8.56641], ["74623349", 52.1772, 8.5665299], ["75352772", 52.1772, 8.5665299]], "52.1776041482,8.5664291773": [["74623349", 52.17828, 8.56641], ["74623349", 52.1772, 8.5665299], ["75352772", 52.1772, 8.5665299]], "52.1775852889,8.56665372849": [["75352772", 52.1772, 8.5665299], ["74623349", 52.17828, 8.56641], ["74623349", 52.1772, 8.5665299]], "52.1775777452,8.56647712179": [["74623349", 52.17828, 8.56641], ["74623349", 52.1772, 8.5665299], ["75352772", 52.1772, 8.5665299], ["75352772", 52.17658, 8.56655]], "52.1775709558,8.56655532494": [["75352772", 52.1772, 8.5665299], ["75352772", 52.17658, 8.56655], ["74623349", 52.17828, 8.56641], ["74623349", 52.1772, 8.5665299]], "52.1775980294,8.5665864218": [["75352772", 52.1772, 8.5665299], ["74623349", 52.17828, 8.56641], ["74623349", 52.1772, 8.5665299]], "52.1775613166,8.56649883091": [["74623349", 52.17828, 8.56641], ["74623349", 52.1772, 8.5665299], ["75352772", 52.1772, 8.5665299], ["75352772", 52.17658, 8.56655]], "52.1776059922,8.56642557308": [["74623349", 52.17828, 8.56641], ["74623349", 52.1772, 8.5665299], ["75352772", 52.1772, 8.5665299]], "52.1776037291,8.56666998938": [["75352772", 52.1772, 8.5665299], ["74623349", 52.17828, 8.56641], ["74623349", 52.1772, 8.5665299]], "52.1775748953,8.56648013927": [["74623349", 52.17828, 8.56641], ["74623349", 52.1772, 8.5665299], ["75352772", 52.1772, 8.5665299], ["75352772", 52.17658, 8.56655]], "52.1775694471,8.56649463996": [["74623349", 52.17828, 8.56641], ["74623349", 52.1772, 8.5665299], ["75352772", 52.1772, 8.5665299], ["75352772", 52.17658, 8.56655]], "52.1775809303,8.56647242792": [["74623349", 52.17828, 8.56641], ["74623349", 52.1772, 8.5665299], ["75352772", 52.1772, 8.5665299]]}, "1273944": {"53.0640878901,8.85730577633": [["51871943", 53.06386, 8.8576499]], "53.0639219284,8.85816056281": [["762726316", 53.06373, 8.8591599], ["51871943", 53.06386, 8.8576499], ["51871916", 53.06363, 8.8590299], ["51871966", 53.06373, 8.8591599]]}, "841612": {"52.1775892284,8.56663302518": [["75352772", 52.1772, 8.5665299], ["74623349", 52.17828, 8.56641], ["74623349", 52.1772, 8.5665299]], "52.1775593888,8.56623823754": [["74623349", 52.17828, 8.56641], ["74623349", 52.1772, 8.5665299], ["75352772", 52.1772, 8.5665299], ["75352772", 52.17658, 8.56655]], "52.1775918268,8.56666973792": [["75352772", 52.1772, 8.5665299], ["74623349", 52.17828, 8.56641], ["74623349", 52.1772, 8.5665299]], "52.1775825229,8.56640134938": [["74623349", 52.17828, 8.56641], ["74623349", 52.1772, 8.5665299], ["75352772", 52.1772, 8.5665299]], "52.1775909886,8.56656697579": [["75352772", 52.1772, 8.5665299], ["74623349", 52.17828, 8.56641], ["74623349", 52.1772, 8.5665299]], "52.1775951795,8.56669597328": [["75352772", 52.1772, 8.5665299], ["74623349", 52.17828, 8.56641], ["74623349", 52.1772, 8.5665299]], "52.1775959339,8.56664635241": [["75352772", 52.1772, 8.5665299], ["74623349", 52.17828, 8.56641], ["74623349", 52.1772, 8.5665299]], "52.1775539406,8.56627863832": [["74623349", 52.17828, 8.56641], ["74623349", 52.1772, 8.5665299], ["75352772", 52.1772, 8.5665299], ["75352772", 52.17658, 8.56655]], "52.1775742248,8.5662996769": [["74623349", 52.17828, 8.56641], ["74623349", 52.1772, 8.5665299], ["75352772", 52.1772, 8.5665299], ["75352772", 52.17658, 8.56655]], "52.177590318,8.56664702296": [["75352772", 52.1772, 8.5665299], ["74623349", 52.17828, 8.56641], ["74623349", 52.1772, 8.5665299]], "52.1775627416,8.56625642627": [["74623349", 52.17828, 8.56641], ["74623349", 52.1772, 8.5665299], ["75352772", 52.1772, 8.5665299], ["75352772", 52.17658, 8.56655]], "52.1775603946,8.56601242907": [["74623349", 52.17828, 8.56641], ["74623349", 52.1772, 8.5665299], ["75352772", 52.1772, 8.5665299], ["75352772", 52.17658, 8.56655]]}, "1273946": {"53.0514937453,8.80819209851": [["51867649", 53.0517699, 8.80853], ["51866680", 53.0517399, 8.8077199], ["799517967", 53.0516212, 8.8081105], ["799517967", 53.0514999, 8.8085099]], "53.0489734747,8.816578025": [["554728228", 53.04897, 8.8171399], ["554728228", 53.0490791, 8.8167411], ["554728228", 53.0488664, 8.8175143], ["586532435", 53.04896, 8.81621]], "53.04898303,8.81990974769": [["725005189", 53.0492799, 8.81985], ["51867671", 53.04843, 8.8194099], ["779435593", 53.04874, 8.81966], ["51867670", 53.0483499, 8.8193499]], "53.0498068873,8.81385038607": [["51867645", 53.0501899, 8.81289], ["51867645", 53.05007, 8.81329], ["51867645", 53.04997, 8.8136399], ["83662590", 53.04988, 8.8140899]], "53.051660629,8.80759731866": [["51867650", 53.0517399, 8.8077199], ["799517967", 53.0514999, 8.8085099], ["799517967", 53.0516212, 8.8081105], ["51866680", 53.0517399, 8.8077199]], "53.0494050588,8.81498621777": [["554728229", 53.04955, 8.81502], ["83662590", 53.0496399, 8.81499], ["83662590", 53.04988, 8.8140899], ["783407352", 53.0485799, 8.8159699]], "53.0483720731,8.81887148134": [["51867685", 53.0486, 8.8186499], ["83734323", 53.04817, 8.81965], ["762732449", 53.0484899, 8.8185899], ["51867693", 53.04821, 8.81926]], "53.0513088405,8.80893498659": [["51866677", 53.0510799, 8.8098599], ["799517966", 53.0513669, 8.8089335], ["799517966", 53.05123, 8.8093699], ["799517967", 53.0516212, 8.8081105]], "53.0487010628,8.81965418346": [["725005188", 53.04945, 8.8199399], ["51867672", 53.0484899, 8.81968], ["51867898", 53.04968, 8.8200299], ["779435593", 53.04874, 8.81966]], "53.0483297445,8.81890517659": [["51867693", 53.04821, 8.81926], ["586525704", 53.0485862, 8.8179137], ["51867681", 53.0483899, 8.81863], ["51867684", 53.04847, 8.81835]], "53.0483871605,8.81882336922": [["51867685", 53.0486, 8.8186499], ["779435598", 53.0487799, 8.8195099], ["83573217", 53.0483499, 8.8193499], ["554728228", 53.04838, 8.8192099]], "53.0483992305,8.81933139637": [["51867670", 53.04821, 8.81926], ["51867694", 53.0478599, 8.8190499], ["51867671", 53.04843, 8.8194099], ["51867670", 53.04828, 8.8193]], "53.0483283196,8.81890366785": [["51867693", 53.04821, 8.81926], ["586525704", 53.0485862, 8.8179137], ["51867681", 53.0483899, 8.81863], ["51867684", 53.04847, 8.81835]], "53.0483293254,8.81897994317": [["51867685", 53.0486, 8.8186499], ["83573217", 53.0483499, 8.8193499], ["554728228", 53.04838, 8.8192099], ["554728228", 53.0485499, 8.8186499]], "53.0483477656,8.81889712997": [["51867693", 53.04821, 8.81926], ["586525704", 53.0485862, 8.8179137], ["51867685", 53.0486, 8.8186499], ["51867681", 53.0483899, 8.81863]], "53.0488665216,8.81987462752": [["725005189", 53.0492799, 8.81985], ["783407345", 53.04876, 8.82011], ["783407345", 53.0486499, 8.8204599], ["783407346", 53.04887, 8.81975]], "53.0488661863,8.81987496279": [["725005189", 53.0492799, 8.81985], ["783407345", 53.04876, 8.82011], ["783407345", 53.0486499, 8.8204599], ["783407346", 53.04887, 8.81975]], "53.0509106163,8.81033912301": [["799517966", 53.05123, 8.8093699], ["51866678", 53.0509389, 8.8103183], ["51866678", 53.0508, 8.81077], ["51866677", 53.0510799, 8.8098599]], "53.0488639232,8.81986423396": [["725005189", 53.0492799, 8.81985], ["783407345", 53.04876, 8.82011], ["783407345", 53.0486499, 8.8204599], ["783407346", 53.04887, 8.81975]], "53.0483305827,8.81890148856": [["51867693", 53.04821, 8.81926], ["586525704", 53.0485862, 8.8179137], ["51867685", 53.0486, 8.8186499], ["51867681", 53.0483899, 8.81863]], "53.0483316723,8.818899896": [["51867693", 53.04821, 8.81926], ["586525704", 53.0485862, 8.8179137], ["51867685", 53.0486, 8.8186499], ["51867681", 53.0483899, 8.81863]], "53.0483246315,8.81892512552": [["51867693", 53.04821, 8.81926], ["51867681", 53.0483899, 8.81863], ["51867684", 53.04847, 8.81835], ["554730592", 53.04801, 8.81989]], "53.0485303234,8.81832883693": [["779435597", 53.04863, 8.81914], ["779435597", 53.04866, 8.81929], ["554728228", 53.0485499, 8.8186499], ["554728228", 53.0488664, 8.8175143]], "53.04886912,8.81987839937": [["725005189", 53.0492799, 8.81985], ["783407345", 53.04876, 8.82011], ["783407345", 53.0486499, 8.8204599], ["783407346", 53.04887, 8.81975]], "53.0511744786,8.80943521857": [["799517966", 53.0513669, 8.8089335], ["799517966", 53.05123, 8.8093699], ["51866677", 53.0510799, 8.8098599], ["51866678", 53.0509389, 8.8103183]], "53.0505551398,8.81165089086": [["783407347", 53.0503599, 8.8122199], ["51867656", 53.0507499, 8.8119899], ["762732456", 53.05058, 8.81148], ["51866678", 53.0508, 8.81077]], "53.0502237193,8.81272067316": [["783407348", 53.05038, 8.8121599], ["51867645", 53.04997, 8.8136399], ["51866514", 53.05031, 8.8123899], ["51867645", 53.05007, 8.81329]], "53.0487065949,8.81758108735": [["783407354", 53.04827, 8.81723], ["554728228", 53.0488664, 8.8175143], ["554728228", 53.0486799, 8.8181899], ["554728228", 53.0490791, 8.8167411]], "53.0483287387,8.81890752353": [["51867693", 53.04821, 8.81926], ["586525704", 53.0485862, 8.8179137], ["51867681", 53.0483899, 8.81863], ["51867684", 53.04847, 8.81835]], "53.0483314209,8.81890023127": [["51867693", 53.04821, 8.81926], ["586525704", 53.0485862, 8.8179137], ["51867685", 53.0486, 8.8186499], ["51867681", 53.0483899, 8.81863]], "53.048331337,8.81891062483": [["51867693", 53.04821, 8.81926], ["586525704", 53.0485862, 8.8179137], ["51867681", 53.0483899, 8.81863], ["51867684", 53.04847, 8.81835]]}, "850011": {"50.8923474234,10.7767330203": [["547981258", 50.89277, 10.77645], ["547981258", 50.8928499, 10.7763999], ["547981258", 50.89305, 10.77621], ["547981251", 50.8922799, 10.7757699]], "50.8923275582,10.7769356947": [["547981258", 50.8929099, 10.77634], ["547981258", 50.89296, 10.77628], ["547981251", 50.89234, 10.77647], ["547981258", 50.89305, 10.77621]], "50.8934092429,10.7760807406": [["547981297", 50.89392, 10.7768599], ["547981299", 50.8935599, 10.7762999], ["547981258", 50.8928499, 10.7763999], ["547981298", 50.89341, 10.7759999]], "50.8927654289,10.7763676532": [["547981258", 50.89341, 10.7759999], ["547981258", 50.89244, 10.7764599], ["547981258", 50.89305, 10.77621], ["547981258", 50.89277, 10.77645]], "50.8927437197,10.7809865847": [["547981286", 50.89264, 10.7813899], ["547981286", 50.89253, 10.78041], ["547981286", 50.8926, 10.7808299], ["547981286", 50.89263, 10.7811199]], "50.8926014788,10.7784429286": [["547981286", 50.89234, 10.7791799], ["547981291", 50.89231, 10.77872], ["547981291", 50.8922499, 10.77812]], "50.8944702242,10.7752421312": [["547981223", 50.8940599, 10.77434], ["547981223", 50.89433, 10.7749199], ["781657976", 50.8947799, 10.7748799], ["781657976", 50.89486, 10.77478]], "50.8939853311,10.7754227612": [["554814937", 50.8936999, 10.7757099], ["554814937", 50.89431, 10.77524], ["554814937", 50.8944199, 10.77519], ["554814937", 50.89394, 10.7755]], "50.8924754988,10.7775360905": [["547981291", 50.8922499, 10.77812], ["547981257", 50.8922, 10.77697], ["547981257", 50.8922199, 10.77677], ["547981257", 50.8922499, 10.7766199]], "50.8937277552,10.7756935805": [["554814937", 50.8936999, 10.7757099], ["554814937", 50.89394, 10.7755], ["547981258", 50.89296, 10.77628], ["547981258", 50.89305, 10.77621]], "50.8924709726,10.7766037714": [["547981258", 50.8928499, 10.7763999], ["547981258", 50.89305, 10.77621], ["547981258", 50.89341, 10.7759999], ["547981258", 50.89277, 10.77645]], "50.8938226383,10.775514124": [["554814937", 50.89431, 10.77524], ["554814937", 50.8941899, 10.7753099], ["781657976", 50.8944199, 10.77519], ["781657976", 50.8945799, 10.77509]], "50.8928043209,10.7795685343": [["547981291", 50.89231, 10.77872], ["547981286", 50.89243, 10.7798699], ["547981286", 50.89253, 10.78041], ["547981286", 50.89237, 10.7795199]], "50.8928064164,10.78049968": [["547981286", 50.89264, 10.7813899], ["547981286", 50.89263, 10.7811199], ["547981286", 50.89263, 10.7811199], ["547981286", 50.89253, 10.78041]]}, "1321143": {"52.3255832959,9.78203832172": [["51928336", 52.32534, 9.78228], ["51928336", 52.3256199, 9.78211], ["51928336", 52.3251, 9.7824199], ["51928336", 52.3258499, 9.78196]], "52.3238203302,9.78300157003": [["716774179", 52.32327, 9.78347], ["716774180", 52.32395, 9.78309], ["51928340", 52.3230299, 9.7835799], ["51921519", 52.32327, 9.78347]], "52.3167150747,9.78975201957": [["67947330", 52.31713, 9.78964], ["67947332", 52.3164599, 9.79038], ["586503185", 52.31694, 9.7903999], ["586503184", 52.31696, 9.7901399]], "52.3253498599,9.78230042383": [["51921383", 52.3261399, 9.7815], ["51928336", 52.3256199, 9.78211], ["51928336", 52.3258499, 9.78196], ["51928336", 52.3251, 9.7824199]], "52.3105702177,9.80311545543": [["554744729", 52.31056, 9.80315], ["554744729", 52.3101199, 9.80218], ["51891427", 52.31067, 9.80339], ["51891427", 52.31105, 9.8029399]], "52.3126569763,9.79472902603": [["67947334", 52.31336, 9.79386], ["67947334", 52.31322, 9.79407], ["51891271", 52.31257, 9.7955899], ["717507337", 52.31263, 9.7953599]], "52.3181014415,9.78825685568": [["67947329", 52.31796, 9.7887299], ["67947329", 52.3183599, 9.78831], ["67947329", 52.3184899, 9.7881699], ["67947329", 52.3186, 9.78803]], "52.3086760752,9.80544235557": [["51891666", 52.30958, 9.80469], ["51891666", 52.3092999, 9.80506], ["51891666", 52.30846, 9.8063], ["51891666", 52.30867, 9.80598]], "52.3192438949,9.78665742092": [["67947325", 52.31998, 9.78586], ["67947325", 52.3200999, 9.7857399], ["51928364", 52.31986, 9.78602], ["51928364", 52.31975, 9.78618]], "52.3136445321,9.79319748469": [["67947334", 52.31322, 9.79407], ["586485199", 52.31382, 9.79327], ["67947334", 52.31336, 9.79386], ["67947334", 52.31362, 9.7935199]], "52.3184406571,9.78785955347": [["67947329", 52.3184899, 9.7881699], ["67947329", 52.3186, 9.78803], ["67947329", 52.3183599, 9.78831], ["67947329", 52.31796, 9.7887299]], "52.3176818434,9.78868299164": [["67947329", 52.31796, 9.7887299], ["67947330", 52.31713, 9.78964], ["67947329", 52.3183599, 9.78831], ["717507339", 52.31788, 9.78851]], "52.3207283299,9.78494105861": [["67947325", 52.31998, 9.78586], ["51928343", 52.32094, 9.78527], ["67947325", 52.3200999, 9.7857399], ["572235868", 52.32022, 9.78563]], "52.3062453233,9.81006497517": [["51928214", 52.3062199, 9.8097399], ["51928214", 52.30571, 9.80986], ["67947343", 52.3065099, 9.8101299], ["67947342", 52.3061199, 9.81104]], "52.305635456,9.81146483682": [["51891848", 52.30565, 9.8120299], ["51891848", 52.3059, 9.81152], ["67947342", 52.3061199, 9.81104], ["60097321", 52.30486, 9.81133]], "52.3120642919,9.79820282198": [["51891271", 52.3123499, 9.7972599], ["51891271", 52.3122, 9.79902], ["51891173", 52.31244, 9.7991699]], "52.3053371441,9.81210982427": [["51891921", 52.30486, 9.81133], ["51891915", 52.30538, 9.8125599], ["51891848", 52.30565, 9.8120299], ["51891915", 52.3051399, 9.81301]], "52.3278710525,9.77965677157": [["586503381", 52.32707, 9.7806], ["51928326", 52.32779, 9.77955], ["51928326", 52.32796, 9.77965], ["51928326", 52.32796, 9.77965]], "52.3201580252,9.78544967249": [["51928364", 52.31975, 9.78618], ["51928364", 52.31986, 9.78602], ["67947325", 52.31998, 9.78586], ["572235868", 52.32022, 9.78563]], "52.3248341214,9.78248381987": [["716774180", 52.32395, 9.78309], ["51928336", 52.3251, 9.7824199], ["51928336", 52.32534, 9.78228], ["51921432", 52.3258099, 9.7817699]], "52.325133523,9.78228676133": [["51921444", 52.3247899, 9.7813099], ["51921444", 52.32488, 9.78158], ["51921444", 52.3249299, 9.7817399], ["51921444", 52.32498, 9.78192]], "52.3119075503,9.79979496449": [["51891321", 52.31208, 9.8000899], ["51891321", 52.31204, 9.80037], ["51891321", 52.3119999, 9.80062], ["51891271", 52.3122, 9.79902]], "52.3080744222,9.80634676293": [["51891689", 52.3081499, 9.8068], ["51891739", 52.30798, 9.80654], ["51891763", 52.30754, 9.80595], ["51891666", 52.30867, 9.80598]], "52.3253214452,9.78222607635": [["51921383", 52.3260499, 9.78159], ["51928336", 52.3251, 9.7824199], ["51928336", 52.32534, 9.78228], ["51928336", 52.3256199, 9.78211]], "52.3278748244,9.77966079488": [["586503381", 52.32707, 9.7806], ["51928326", 52.32779, 9.77955], ["51928326", 52.32796, 9.77965], ["51928326", 52.32806, 9.77971]], "52.305572927,9.81159777381": [["51891848", 52.30565, 9.8120299], ["51891915", 52.30538, 9.8125599], ["51891848", 52.3059, 9.81152], ["67947342", 52.3061199, 9.81104]], "52.3253583256,9.78215709329": [["51921383", 52.3260499, 9.78159], ["51921432", 52.3259399, 9.78168], ["51928336", 52.32534, 9.78228], ["51921432", 52.3258099, 9.7817699]], "52.3252924439,9.78216622956": [["51921432", 52.3259399, 9.78168], ["51921383", 52.3260499, 9.78159], ["51921432", 52.3258099, 9.7817699], ["51921432", 52.3255799, 9.78191]], "52.311230544,9.80227986351": [["51891427", 52.3113099, 9.80256], ["51891427", 52.3114099, 9.8023899], ["51891427", 52.3111799, 9.80277], ["51891427", 52.31105, 9.8029399]], "52.3232255504,9.78332402185": [["51921519", 52.32327, 9.78347], ["51928340", 52.32225, 9.78389], ["51928340", 52.32236, 9.7838399], ["51928340", 52.3230299, 9.7835799]], "52.3147837166,9.79191957973": [["586529402", 52.31559, 9.7912199], ["586529402", 52.3154799, 9.7913499], ["586485200", 52.31516, 9.79179], ["586529402", 52.3153799, 9.7914899]], "52.3172085173,9.78919914924": [["51928350", 52.31719, 9.79003], ["51890752", 52.31713, 9.78964], ["67947329", 52.31796, 9.7887299], ["67947330", 52.31713, 9.78964]], "52.3070744611,9.80824031867": [["51891748", 52.3078599, 9.80732], ["51891748", 52.30761, 9.80779], ["51891748", 52.30731, 9.80838], ["51891771", 52.30699, 9.8090499]], "52.327876417,9.77966473438": [["586503381", 52.32707, 9.7806], ["51928326", 52.32779, 9.77955], ["51928326", 52.32796, 9.77965], ["51928326", 52.32806, 9.77971]], "52.3131217528,9.79391153902": [["586485199", 52.31382, 9.79327], ["67947334", 52.31362, 9.7935199], ["67947336", 52.3128, 9.7948699], ["67947336", 52.31299, 9.7944999]], "52.3271164298,9.78046612814": [["586503381", 52.32707, 9.7806], ["586503381", 52.32669, 9.78106], ["586503381", 52.3273199, 9.7802899], ["586503381", 52.3274, 9.78018]], "52.311704373,9.80114352889": [["51891321", 52.3118599, 9.80126], ["51891321", 52.3117599, 9.8015899], ["51891321", 52.31194, 9.80093], ["572216630", 52.31168, 9.8018199]], "52.3278774228,9.77966347709": [["586503381", 52.32707, 9.7806], ["51928326", 52.32779, 9.77955], ["51928326", 52.32796, 9.77965], ["51928326", 52.32806, 9.77971]], "52.3218028899,9.78401049972": [["51928340", 52.3224699, 9.78379], ["51928340", 52.32262, 9.7837399], ["51928340", 52.32278, 9.7836799], ["51928340", 52.32236, 9.7838399]], "52.3188523762,9.7873360198": [["51890573", 52.31884, 9.78733], ["51890573", 52.3187299, 9.78691], ["51890573", 52.3188, 9.78721], ["51890573", 52.31858, 9.7864599]], "52.32435585,9.78274215013": [["716774180", 52.32395, 9.78309], ["51928336", 52.3251, 9.7824199], ["51928336", 52.32534, 9.78228], ["51921431", 52.3251, 9.7824199]], "52.325301161,9.78216329589": [["51921383", 52.3260499, 9.78159], ["51921432", 52.3259399, 9.78168], ["51921432", 52.3258099, 9.7817699], ["51921432", 52.3252899, 9.78208]], "52.3225102387,9.78362845257": [["51928342", 52.3217799, 9.78422], ["51928342", 52.3219099, 9.78411], ["51928342", 52.3220099, 9.7840399], ["51928340", 52.3221099, 9.7839699]], "52.3123600893,9.79580727406": [["67947336", 52.3128, 9.7948699], ["717507337", 52.3127, 9.79512], ["717507337", 52.31263, 9.7953599], ["51891271", 52.31257, 9.7955899]], "52.3157608788,9.79081358761": [["586485200", 52.3152799, 9.79163], ["586529402", 52.3153799, 9.7914899], ["586485200", 52.31516, 9.79179], ["586529402", 52.3154799, 9.7913499]], "52.3058894277,9.8108759243": [["540642703", 52.30551, 9.8101999], ["67947343", 52.3065099, 9.8101299], ["51891848", 52.3059, 9.81152], ["67947342", 52.3061199, 9.81104]], "52.3122200277,9.79686825536": [["51891281", 52.31218, 9.79724], ["51891281", 52.31234, 9.79597], ["51891281", 52.31224, 9.79673], ["554748290", 52.31171, 9.79593]], "52.3212392908,9.78449539281": [["51928340", 52.3221099, 9.7839699], ["51928342", 52.3220099, 9.7840399], ["51928342", 52.3219099, 9.78411], ["51928342", 52.3217799, 9.78422]], "52.3275505286,9.7799013555": [["586503381", 52.3275899, 9.77972], ["586503381", 52.3274599, 9.78008], ["586503381", 52.3275499, 9.7798599], ["586503381", 52.3274, 9.78018]], "52.3098904453,9.80380838737": [["51891666", 52.30958, 9.80469], ["51891666", 52.3099899, 9.80418], ["51891427", 52.31067, 9.80339], ["554744729", 52.31056, 9.80315]], "52.3253481835,9.78228776716": [["51928336", 52.3256199, 9.78211], ["51921383", 52.3261399, 9.7815], ["51928336", 52.3251, 9.7824199], ["51928336", 52.32534, 9.78228]], "52.307567317,9.80731059797": [["51891666", 52.3081499, 9.8068], ["51891748", 52.3078599, 9.80732], ["51891748", 52.30761, 9.80779], ["51891676", 52.30808, 9.80693]], "52.3260543589,9.78169994429": [["67949156", 52.326, 9.78185], ["67949156", 52.32612, 9.7817399], ["51928336", 52.3258499, 9.78196], ["67949157", 52.3262099, 9.7816399]], "52.3278700467,9.77965509519": [["586503381", 52.32707, 9.7806], ["51928326", 52.32779, 9.77955], ["51928326", 52.32796, 9.77965], ["51928326", 52.32796, 9.77965]], "52.3152910732,9.79133033194": [["51890944", 52.3153399, 9.7912899], ["51890916", 52.3153799, 9.7914899], ["586529402", 52.31579, 9.7910299], ["51890944", 52.31529, 9.7907999]], "52.3196427897,9.78598125279": [["51890495", 52.3198999, 9.78566], ["51890569", 52.31923, 9.78668], ["51890569", 52.3196399, 9.7859999], ["51890495", 52.31976, 9.78583]], "52.30662385,9.80918772519": [["51891748", 52.30731, 9.80838], ["51891771", 52.30699, 9.8090499], ["67947343", 52.3065099, 9.8101299], ["51928214", 52.30571, 9.80986]], "52.3162232246,9.79032022879": [["586503184", 52.31696, 9.7901399], ["586529402", 52.31592, 9.79092], ["586529402", 52.3160599, 9.79078], ["586529402", 52.31559, 9.7912199]], "52.3278012313,9.77961561643": [["586503381", 52.3273199, 9.7802899], ["51928326", 52.32796, 9.77965], ["51928326", 52.32779, 9.77955], ["51928326", 52.32806, 9.77971]], "52.3092789855,9.80456007645": [["51891666", 52.3099899, 9.80418], ["51891666", 52.30902, 9.8054699], ["51891666", 52.30958, 9.80469], ["51891666", 52.3092999, 9.80506]], "52.3142334446,9.79254151694": [["67947334", 52.31362, 9.7935199], ["586485199", 52.31382, 9.79327], ["586485200", 52.31516, 9.79179]], "52.3265840951,9.78109192103": [["67949157", 52.3262099, 9.7816399], ["586503381", 52.32669, 9.78106], ["586503381", 52.32707, 9.7806], ["67949156", 52.32612, 9.7817399]]}, "1475108": {"50.6298805308,8.77826736309": [["62104621", 50.6299199, 8.7785399]], "50.6265742891,8.79704542458": [["590236528", 50.62694, 8.79664], ["61984975", 50.6273199, 8.7963299]], "50.6349401828,8.73294808902": [["61923287", 50.6350099, 8.7335099], ["61923287", 50.63512, 8.73225]], "50.629068492,8.76960022375": [["550086098", 50.62915, 8.77033], ["550086098", 50.6290899, 8.7688899], ["61984218", 50.62944, 8.7687299]], "50.6296718214,8.7577673234": [["772901453", 50.6298799, 8.7572699], ["772901453", 50.62974, 8.75827], ["61984219", 50.6300499, 8.7569399], ["61984219", 50.63003, 8.75788]], "50.6293793768,8.76012297347": [["772901453", 50.62951, 8.76021], ["61993547", 50.62902, 8.7599999], ["61993547", 50.62892, 8.7606199], ["61984219", 50.63009, 8.76099]], "50.6325754803,8.74485014006": [], "50.6350268517,8.72809949331": [["61933512", 50.6350999, 8.7286799], ["61925026", 50.6358899, 8.7271399]], "50.627776254,8.79452833906": [["590236528", 50.6278099, 8.79475], ["590236528", 50.6282099, 8.79379], ["61984975", 50.62803, 8.79527], ["61984975", 50.62786, 8.7954]], "50.6292480323,8.79007847048": [["61985143", 50.62981, 8.78946], ["62104622", 50.6292899, 8.7903899], ["62104622", 50.6291299, 8.79101], ["62104622", 50.6295599, 8.78922]], "50.6350868661,8.73053401709": [["61923287", 50.63518, 8.7312], ["61923287", 50.63522, 8.7301599]], "50.62548724,8.7990780361": [["590236528", 50.62563, 8.7991199], ["590236528", 50.6261699, 8.79816], ["61984975", 50.62592, 8.7990199]], "50.6294117309,8.77409032546": [["61985414", 50.6297899, 8.7743799]], "50.63424767,8.73761228286": [["772901454", 50.63449, 8.7370499]], "50.630099047,8.78299945034": [["62104622", 50.63023, 8.7837299]], "50.633100858,8.74279489741": [["567309158", 50.6321199, 8.74292], ["567309158", 50.6331399, 8.7426699], ["567309158", 50.63255, 8.74282], ["567309158", 50.63329, 8.7426299]], "50.6314874254,8.74895341694": [], "50.6304884702,8.75319549814": [["772901453", 50.6308299, 8.75224]], "50.6296766829,8.77641454339": [["550086098", 50.6296499, 8.77599], ["62104621", 50.6297799, 8.77719], ["61985430", 50.62947, 8.77603], ["62104619", 50.6300499, 8.77705]], "50.6299841311,8.78540338017": [["62104622", 50.6301199, 8.7854399], ["62104622", 50.6300499, 8.78617], ["62104622", 50.6302, 8.7844199], ["61985404", 50.62976, 8.7863199]], "50.6309601199,8.7510465458": [["772901453", 50.6312999, 8.75023]], "50.633705277,8.74026532285": [["772901454", 50.63403, 8.7394199]], "50.6300760806,8.78060951829": [["62104621", 50.6300799, 8.7805099], ["62104621", 50.6301199, 8.78126]], "50.6292057876,8.77187448554": [["550086098", 50.6293199, 8.7727699], ["550086098", 50.6292299, 8.7716], ["61985414", 50.6296, 8.77207]], "50.6300449837,8.7554445304": [["772901453", 50.63009, 8.75592], ["61984219", 50.63029, 8.7555399]], "50.6286181323,8.79233412445": [["590236528", 50.62849, 8.79304], ["62104622", 50.6287399, 8.79232], ["62104622", 50.62894, 8.7916799]], "50.6297105458,8.78776967525": [["62104622", 50.62977, 8.7881599], ["62104622", 50.62987, 8.7874999], ["62104622", 50.62997, 8.7868], ["61985404", 50.6295, 8.78812]], "50.6346404459,8.73531212099": [["772901454", 50.6347699, 8.73537]], "50.6320276391,8.7468828354": [["772901453", 50.63207, 8.74727]], "50.6290554162,8.76483804546": [["772901453", 50.6291899, 8.7650899], ["61993535", 50.6290899, 8.7650799], ["61993535", 50.62892, 8.76507], ["61993535", 50.6291899, 8.7650899]], "50.6290302705,8.76722462475": [["550086098", 50.6290599, 8.76746], ["772901453", 50.62917, 8.7667599]], "50.6291737687,8.76247962937": [["772901453", 50.62937, 8.76178], ["61993547", 50.6284399, 8.7627], ["61984219", 50.63009, 8.76248], ["61984219", 50.6301099, 8.76186]]}, "1273945": {"53.0511577986,8.82084541954": [["51867907", 53.05116, 8.8214499], ["51866742", 53.0512399, 8.82087], ["779164057", 53.0514999, 8.81999], ["779164056", 53.05136, 8.8203999]], "53.0509523582,8.82073402405": [["51867710", 53.0517399, 8.8198999], ["51867710", 53.05166, 8.81999], ["51867902", 53.05126, 8.82071], ["51867902", 53.0517699, 8.82087]], "53.0503575783,8.83041554131": [["797952179", 53.0504, 8.83118], ["797952179", 53.0503899, 8.8305699], ["51867890", 53.0503899, 8.8305699]], "53.0501874257,8.84718647227": [["51867996", 53.05002, 8.84785], ["51867970", 53.05025, 8.84755], ["51867986", 53.0502899, 8.8467199], ["51867996", 53.05005, 8.84775]], "53.0506352708,8.84008205496": [["51867923", 53.05083, 8.83918], ["586492260", 53.05083, 8.83918]], "53.0502120685,8.84723852389": [["51867996", 53.05002, 8.84785], ["51867970", 53.05025, 8.84755], ["51867986", 53.0502899, 8.8467199], ["51867966", 53.0511374, 8.8481879]], "53.0502151698,8.84720298462": [["51867996", 53.05002, 8.84785], ["51867970", 53.05025, 8.84755], ["51867986", 53.0502899, 8.8467199], ["51867966", 53.0511374, 8.8481879]], "53.0582099967,8.85244024917": [["51871880", 53.05903, 8.85249], ["572248804", 53.05874, 8.8524699], ["572248803", 53.05792, 8.85238], ["572248803", 53.0574199, 8.8523299]], "53.0511559546,8.82202584296": [["51867907", 53.05116, 8.8214499], ["51867907", 53.05116, 8.82241], ["51866747", 53.05116, 8.8214499], ["51867904", 53.0509799, 8.8215]], "53.0511025619,8.82285296917": [["51867907", 53.0511399, 8.8233499], ["51867907", 53.05116, 8.82241], ["51867904", 53.05048, 8.82228]], "53.0502286647,8.84607905522": [["51867986", 53.0502899, 8.8467199]], "53.0509850476,8.82079445757": [["51867710", 53.0517399, 8.8198999], ["51867710", 53.05166, 8.81999], ["51866742", 53.0511099, 8.8209], ["51866742", 53.0509499, 8.8208599]], "53.0502068717,8.84720516391": [["51867996", 53.05002, 8.84785], ["51867970", 53.05025, 8.84755], ["51867986", 53.0502899, 8.8467199], ["51867966", 53.0511374, 8.8481879]], "53.0514088366,8.84919469245": [["51867961", 53.05051, 8.84857], ["51867961", 53.0509796, 8.8488687], ["51867961", 53.050686, 8.848682], ["51867962", 53.051498, 8.8491938]], "53.0501765292,8.84699662216": [["51867996", 53.05002, 8.84785], ["51867996", 53.05005, 8.84775], ["51867985", 53.05037, 8.8461299], ["51867996", 53.04997, 8.8479299]], "53.0502742622,8.84380462579": [["51867909", 53.05037, 8.8434399], ["51867985", 53.0503, 8.8443199]], "53.0502578337,8.84749392048": [["51867996", 53.04997, 8.8479299], ["51867971", 53.0502899, 8.84844], ["51867996", 53.05002, 8.84785], ["51867996", 53.0498699, 8.84801]], "53.0544315185,8.85130617768": [["83572768", 53.0551799, 8.8516499], ["83572767", 53.0549499, 8.85153], ["51871877", 53.0546, 8.8513199], ["51871877", 53.0537699, 8.85078]], "53.0504174251,8.84858398698": [["51867962", 53.05117, 8.8489899], ["51867959", 53.0497299, 8.84808], ["51867962", 53.0514056, 8.8491363], ["51867960", 53.0502899, 8.84844]], "53.0508931819,8.82071156055": [["51867902", 53.05126, 8.82071], ["51867902", 53.0517699, 8.82087], ["51866742", 53.0509499, 8.8208599], ["51867710", 53.0517399, 8.8198999]], "53.0504350271,8.83179855533": [["797952179", 53.0504, 8.83118]], "53.0509016477,8.82073754445": [["51867710", 53.0517399, 8.8198999], ["51867710", 53.05166, 8.81999], ["51866742", 53.0509499, 8.8208599], ["51866742", 53.0511099, 8.8209]], "53.0501988251,8.84722033516": [["51867996", 53.05002, 8.84785], ["51867970", 53.05025, 8.84755], ["51867986", 53.0502899, 8.8467199], ["51867966", 53.0511374, 8.8481879]], "53.0509836227,8.82079076953": [["51867710", 53.0517399, 8.8198999], ["51867710", 53.05166, 8.81999], ["51866742", 53.0511099, 8.8209], ["51866742", 53.0509499, 8.8208599]], "53.0535597168,8.85070108809": [["51871877", 53.0537699, 8.85078], ["51871877", 53.0533099, 8.85044], ["51867962", 53.0527596, 8.8500596], ["51867962", 53.053083, 8.8502832]], "53.0502034351,8.8472024817": [["51867996", 53.05002, 8.84785], ["51867970", 53.05025, 8.84755], ["51867986", 53.0502899, 8.8467199], ["51867966", 53.0511374, 8.8481879]], "53.0501735955,8.84719141759": [["51867996", 53.05002, 8.84785], ["51867970", 53.05025, 8.84755], ["51867986", 53.0502899, 8.8467199], ["51867966", 53.0511374, 8.8481879]], "53.0511551164,8.82131413557": [["51866747", 53.05116, 8.8214499], ["51867903", 53.0512399, 8.82087], ["51867904", 53.05048, 8.82228], ["779164056", 53.05126, 8.82071]], "53.0508622527,8.84885723703": [["51867962", 53.051498, 8.8491938], ["51867962", 53.05117, 8.8489899], ["51867962", 53.0514056, 8.8491363], ["51867961", 53.05051, 8.84857]], "53.0573969521,8.85235743597": [["572248803", 53.0566199, 8.85219], ["572248803", 53.0574199, 8.8523299], ["572248803", 53.05792, 8.85238], ["572248803", 53.0569599, 8.85226]], "53.0526728276,8.85001352057": [["51867962", 53.0518299, 8.8494], ["51867962", 53.0520646, 8.8495727], ["51867962", 53.053083, 8.8502832], ["51867962", 53.05221, 8.8496799]], "53.0503725819,8.8426111266": [["51867909", 53.05037, 8.8434399]], "53.0503826402,8.82818855345": [["51867908", 53.05038, 8.8272], ["51867890", 53.0503899, 8.8285699], ["51867908", 53.05038, 8.8272]], "53.0596913304,8.85257737711": [["51871881", 53.06012, 8.85258], ["572248804", 53.05874, 8.8524699], ["51871880", 53.05903, 8.85249], ["51875119", 53.05976, 8.85254]], "53.0519255809,8.84952602908": [["51867962", 53.05221, 8.8496799], ["51867962", 53.0527596, 8.8500596], ["51867962", 53.0518299, 8.8494], ["51867961", 53.0509796, 8.8488687]], "53.0506250449,8.82533107884": [["51867908", 53.0505, 8.8261999]], "53.0509060901,8.82072002627": [["51867710", 53.0517399, 8.8198999], ["51867710", 53.05166, 8.81999], ["51867902", 53.05126, 8.82071