{"1134620": {"52.3813538812,9.02568672784": [["61398063", 52.3815499, 9.0253199]], "52.3786939681,9.01827176102": [["61398063", 52.3791899, 9.0186599]], "52.3784478754,9.01750825346": [["76191899", 52.3790199, 9.0167599], ["76191899", 52.3790199, 9.0167599]], "52.3808413278,9.02669238858": [["61397971", 52.3815499, 9.0259]], "52.3784120847,9.01621819474": [["76191899", 52.3790199, 9.0167599], ["61398075", 52.3783399, 9.0159699], ["76191899", 52.3790199, 9.0167599], ["76191899", 52.3783399, 9.0159699]], "52.3808192834,9.02677738108": [["61397971", 52.38012, 9.02776], ["61397971", 52.3815499, 9.0259], ["61397971", 52.38012, 9.02776]], "52.3807023559,9.02669892646": [["61397971", 52.3815499, 9.0259]], "52.3807669804,9.02678215876": [["61397971", 52.38012, 9.02776], ["61397971", 52.3815499, 9.0259], ["61397971", 52.38012, 9.02776]], "52.3806952313,9.0266885329": [["61397971", 52.3815499, 9.0259]], "52.3808893561,9.02677285485": [["61397971", 52.3815499, 9.0259], ["61397971", 52.38012, 9.02776], ["61397971", 52.38012, 9.02776]], "52.3790400568,9.01938253082": [["61398063", 52.3791899, 9.0186599]], "52.3808382265,9.0267809853": [["61397971", 52.38012, 9.02776], ["61397971", 52.3815499, 9.0259], ["61397971", 52.38012, 9.02776]], "52.3806637991,9.02669875883": [["61397971", 52.3815499, 9.0259]], "52.3808134999,9.02669372968": [["61397971", 52.3815499, 9.0259]], "52.3808548227,9.02677034028": [["61397971", 52.38012, 9.02776], ["61397971", 52.3815499, 9.0259], ["61397971", 52.38012, 9.02776]], "52.3807472829,9.02669708245": [["61397971", 52.3815499, 9.0259]], "52.3807436787,9.0267686639": [["61397971", 52.38012, 9.02776], ["61397971", 52.3815499, 9.0259], ["61397971", 52.38012, 9.02776]], "52.3806891963,9.0266559273": [["61397971", 52.3815499, 9.0259]], "52.3812677991,9.02526629157": [], "52.3808416631,9.02676656842": [["61397971", 52.38012, 9.02776], ["61397971", 52.3815499, 9.0259], ["61397971", 52.38012, 9.02776]], "52.3807273339,9.02663363144": [["61397971", 52.3815499, 9.0259]], "52.3807017691,9.02666011825": [["61397971", 52.3815499, 9.0259]], "52.3807090614,9.02669783682": [["61397971", 52.3815499, 9.0259]], "52.3808671441,9.0268444363": [["61397971", 52.3815499, 9.0259], ["61397971", 52.38012, 9.02776], ["61397971", 52.38012, 9.02776]], "52.3785722628,9.0162180271": [["76191899", 52.3790199, 9.0167599], ["61398075", 52.3783399, 9.0159699]], "52.3808097281,9.02683152817": [["61397971", 52.38012, 9.02776], ["61397971", 52.3815499, 9.0259], ["61397971", 52.38012, 9.02776]], "52.3807817325,9.02674435638": [["61397971", 52.3815499, 9.0259]], "52.3808479495,9.02677377686": [["61397971", 52.38012, 9.02776], ["61397971", 52.3815499, 9.0259], ["61397971", 52.38012, 9.02776]], "52.3808760289,9.02669699863": [["61397971", 52.3815499, 9.0259]], "52.3783710971,9.0167042613": [["76191899", 52.3790199, 9.0167599], ["61398075", 52.3783399, 9.0159699], ["76191899", 52.3790199, 9.0167599], ["76191899", 52.3783399, 9.0159699]], "52.3807804752,9.0267149359": [["61397971", 52.3815499, 9.0259]], "52.3808646295,9.02677771635": [["61397971", 52.3815499, 9.0259], ["61397971", 52.38012, 9.02776], ["61397971", 52.38012, 9.02776]], "52.3808059562,9.02670982294": [["61397971", 52.3815499, 9.0259]], "52.3808247317,9.02674041688": [["61397971", 52.3815499, 9.0259]], "52.3806978296,9.02670144103": [["61397971", 52.3815499, 9.0259]], "52.3808373883,9.02679498307": [["61397971", 52.38012, 9.02776]], "52.3808497936,9.0266682487": [["61397971", 52.3815499, 9.0259]], "52.3794845492,9.02058114298": [["61398063", 52.37992, 9.02087]], "52.380347047,9.02297769673": [], "52.3808786273,9.02676078491": [["61397971", 52.3815499, 9.0259], ["61397971", 52.38012, 9.02776], ["61397971", 52.38012, 9.02776]], "52.3810231313,9.02610976249": [["61398063", 52.3815499, 9.0253199]], "52.3807687405,9.0265396703": [], "52.3806770425,9.02669674717": [["61397971", 52.3815499, 9.0259]], "52.3808337841,9.02672071941": [["61397971", 52.3815499, 9.0259]], "52.3808392324,9.02686572634": [["61397971", 52.3815499, 9.0259], ["61397971", 52.38012, 9.02776], ["61397971", 52.38012, 9.02776]], "52.3806750309,9.0265418496": [["61397971", 52.3815499, 9.0259]], "52.3808096442,9.02673932724": [["61397971", 52.3815499, 9.0259]], "52.3807112407,9.02670244686": [["61397971", 52.3815499, 9.0259]], "52.3808832373,9.02676573023": [["61397971", 52.3815499, 9.0259], ["61397971", 52.38012, 9.02776], ["61397971", 52.38012, 9.02776]], "52.3808895238,9.02678391896": [["61397971", 52.3815499, 9.0259], ["61397971", 52.38012, 9.02776], ["61397971", 52.38012, 9.02776]], "52.3808229715,9.02424252592": [], "52.3806493822,9.02670462616": [["61397971", 52.3815499, 9.0259]], "52.3808246478,9.02667922899": [["61397971", 52.3815499, 9.0259]], "52.3807343747,9.02669582516": [["61397971", 52.3815499, 9.0259]], "52.3799122777,9.02178511955": [["61398063", 52.37992, 9.02087]], "52.3808336165,9.02677511796": [["61397971", 52.38012, 9.02776], ["61397971", 52.3815499, 9.0259], ["61397971", 52.38012, 9.02776]], "52.3807921261,9.02668534778": [["61397971", 52.3815499, 9.0259]], "52.3806655593,9.02670932002": [["61397971", 52.3815499, 9.0259]], "52.3808012623,9.02670722455": [["61397971", 52.3815499, 9.0259]], "52.3808275815,9.02674988844": [["61397971", 52.3815499, 9.0259]], "52.3806549981,9.02665643021": [["61397971", 52.3815499, 9.0259]], "52.3806650564,9.026607899": [["61397971", 52.3815499, 9.0259]]}, "1097992": {"50.9752059728,11.0398513544": [["53547507", 50.9755599, 11.0389599], ["746572843", 50.97526, 11.0404999], ["746572842", 50.97526, 11.0404399], ["746572841", 50.9753999, 11.0393599]], "50.9732429311,11.0330502782": [["77277482", 50.97355, 11.03403], ["565437270", 50.97331, 11.0332799], ["53544839", 50.97316, 11.0333], ["53544839", 50.97253, 11.03372]], "50.97521469,11.0411032755": [["53544625", 50.9753299, 11.0419], ["746572842", 50.97526, 11.0404399], ["746572843", 50.97526, 11.0404999], ["53544630", 50.97528, 11.04095]], "50.9720281418,11.0297570284": [["53547056", 50.97164, 11.03028], ["53547056", 50.972, 11.02985], ["53547059", 50.9725699, 11.0292499], ["53547059", 50.9720899, 11.02963]], "50.973199429,11.0330174211": [["565437270", 50.97331, 11.0332799], ["565437267", 50.9727399, 11.0320399], ["53544792", 50.97316, 11.0333], ["53544839", 50.97316, 11.0333]], "50.9717121441,11.0287611745": [["586814238", 50.97187, 11.02936], ["586814238", 50.9719332, 11.0295983], ["586814238", 50.97161, 11.0283599], ["586814238", 50.9714941, 11.0277813]], "50.9731546696,11.0329643637": [["565437270", 50.97331, 11.0332799], ["565437267", 50.9727399, 11.0320399], ["53544792", 50.97316, 11.0333], ["53544793", 50.97331, 11.0332799]], "50.9714777861,11.0275217425": [["586814238", 50.97138, 11.0272099], ["586814238", 50.9714941, 11.0277813], ["53544992", 50.9707699, 11.02795], ["586814238", 50.97131, 11.0266799]], "50.975564383,11.0388442688": [["77277509", 50.9763499, 11.03882], ["53547033", 50.9759199, 11.03852], ["53547508", 50.97548, 11.0394199], ["53544572", 50.9761899, 11.03819]], "50.9733408317,11.0333085246": [["53544759", 50.9735999, 11.0331], ["53544793", 50.97316, 11.0333], ["53547047", 50.97331, 11.0332799], ["53544839", 50.97253, 11.03372]], "50.9719089512,11.0292869713": [["53545004", 50.97134, 11.0301599], ["586814238", 50.97161, 11.0283599], ["586814238", 50.97187, 11.02936], ["586814238", 50.9719332, 11.0295983]], "50.9721955284,11.0304467753": [["53547057", 50.97197, 11.0302899], ["53544869", 50.972, 11.02985], ["565437268", 50.9722099, 11.0305199], ["53547057", 50.9720899, 11.03037]], "50.974393934,11.0361405183": [["53547041", 50.97476, 11.0369299], ["53547041", 50.97437, 11.0361099], ["53547041", 50.9745099, 11.03639], ["77277481", 50.97417, 11.03582]], "50.9742200933,11.0358093493": [["53544775", 50.9734599, 11.0362999], ["53544706", 50.97411, 11.0358499], ["53547042", 50.97417, 11.03582], ["53544721", 50.97397, 11.0359399]], "50.972732557,11.0318753868": [["565437267", 50.9727399, 11.0320399], ["565437267", 50.9725799, 11.03162], ["53544753", 50.9737, 11.03129]], "50.9724128712,11.0311164893": [["565437268", 50.9722099, 11.0305199], ["565437267", 50.9727399, 11.0320399], ["565437267", 50.9725799, 11.03162], ["53547057", 50.9720899, 11.03037]], "50.9748474788,11.0373180918": [["53544645", 50.97496, 11.03751], ["53544645", 50.9753599, 11.0381399], ["53544701", 50.97483, 11.0376199], ["53547046", 50.97496, 11.03751]], "50.9737966396,11.0346802231": [["53544768", 50.97347, 11.0341699], ["53544768", 50.97365, 11.03467], ["53544768", 50.97383, 11.0351899], ["53544768", 50.9739, 11.0353899]], "50.9731988423,11.0329381283": [["565437270", 50.97331, 11.0332799], ["565437267", 50.9727399, 11.0320399], ["53544792", 50.97316, 11.0333], ["53544839", 50.97316, 11.0333]], "50.9739966318,11.0352960415": [["53544768", 50.97383, 11.0351899], ["53544720", 50.97397, 11.0359399], ["53544768", 50.97365, 11.03467], ["53544768", 50.9739, 11.0353899]], "50.9729840979,11.0325517226": [["565437267", 50.9725799, 11.03162], ["565437267", 50.9727399, 11.0320399], ["53544792", 50.97316, 11.0333], ["53544793", 50.97316, 11.0333]], "50.9733248223,11.0330129787": [["565437270", 50.97331, 11.0332799], ["53544839", 50.97316, 11.0333], ["53544839", 50.97253, 11.03372], ["53547047", 50.9735999, 11.0331]], "50.974631561,11.0368096456": [["53544705", 50.97411, 11.0358499], ["77277481", 50.97417, 11.03582], ["53547041", 50.97503, 11.03743], ["53547041", 50.97476, 11.0369299]], "50.9752509836,11.0414974764": [["53544625", 50.9753299, 11.0419], ["53544623", 50.9753699, 11.04222], ["746572843", 50.97526, 11.0404999], ["53544630", 50.9752999, 11.0413199]], "50.9715915285,11.0281678196": [["586814238", 50.9714941, 11.0277813], ["586814238", 50.97138, 11.0272099], ["586814238", 50.97161, 11.0283599], ["53544896", 50.97242, 11.02781]], "50.9716500342,11.0284669697": [["586814238", 50.97161, 11.0283599], ["586814238", 50.97187, 11.02936], ["586814238", 50.9714941, 11.0277813], ["53547270", 50.9717499, 11.0282999]], "50.9753906261,11.0391730908": [["53547033", 50.9759199, 11.03852], ["53544572", 50.9761899, 11.03819], ["53547516", 50.97535, 11.0393], ["53547508", 50.9755899, 11.0391199]], "50.9751358163,11.0378898215": [["53544645", 50.9753599, 11.0381399], ["53547040", 50.9756899, 11.03839], ["53544645", 50.97496, 11.03751], ["53547041", 50.97476, 11.0369299]], "50.9731871914,11.03294475": [["565437270", 50.97331, 11.0332799], ["565437267", 50.9727399, 11.0320399], ["53544792", 50.97316, 11.0333], ["53544839", 50.97316, 11.0333]], "50.9740934428,11.035533417": [["53544768", 50.9739, 11.0353899], ["53544720", 50.97404, 11.03642], ["53544705", 50.97411, 11.0358499], ["53544768", 50.97383, 11.0351899]], "50.9731557593,11.0328331869": [["565437270", 50.97331, 11.0332799], ["565437267", 50.9727399, 11.0320399], ["53544792", 50.97316, 11.0333], ["53544793", 50.97331, 11.0332799]], "50.9736368805,11.0341238324": [["565437270", 50.97331, 11.0332799], ["77277482", 50.97355, 11.03403], ["77277481", 50.9738499, 11.0349899], ["53544768", 50.97365, 11.03467]], "50.9751438629,11.0403229203": [["53547508", 50.97548, 11.0394199], ["53544684", 50.97436, 11.04076], ["53544630", 50.97528, 11.04095], ["53544630", 50.9752999, 11.0413199]], "50.9733766224,11.0329837259": [["53544839", 50.97316, 11.0333], ["53544839", 50.97253, 11.03372], ["565437270", 50.97331, 11.0332799], ["53547047", 50.9735999, 11.0331]], "50.9752931446,11.0384829249": [["53546821", 50.97623, 11.0386299], ["53544593", 50.97611, 11.0387599], ["53544593", 50.9759, 11.0386699], ["53547043", 50.9758199, 11.0386299]], "50.9732969943,11.032919772": [["565437270", 50.97331, 11.0332799], ["53544839", 50.97316, 11.0333], ["53544839", 50.97253, 11.03372], ["53544793", 50.97331, 11.0332799]]}}