{"1553308": {"52.2295305412,11.0122698639": [], "52.2306972183,11.0098893195": [["68144904", 52.2300699, 11.01056], ["68144904", 52.23017, 11.0101799], ["68144892", 52.2312, 11.0089599]], "52.2313411999,11.009098487": [["68144894", 52.2310199, 11.00963], ["68144892", 52.2312, 11.0089599], ["68144894", 52.2312399, 11.0092599], ["68144892", 52.2305, 11.00874]], "52.2292617336,11.0135355312": [["68144913", 52.2290099, 11.01417], ["586511460", 52.22995, 11.01433], ["586511460", 52.23015, 11.0140199]], "52.2293727938,11.0128991771": [["68144902", 52.2294399, 11.0128999], ["68144920", 52.22939, 11.0131299], ["83584221", 52.22929, 11.0134899], ["586511460", 52.2303299, 11.01368]], "52.2303514648,11.0101568699": [["68144904", 52.22995, 11.01097], ["68144904", 52.2300699, 11.01056], ["68144904", 52.23017, 11.0101799]], "52.2294602171,11.0126626398": [["68144920", 52.22939, 11.0131299], ["68144902", 52.2294399, 11.0128999], ["83584221", 52.22929, 11.0134899]], "52.2298110835,11.0113146622": [["68144904", 52.22995, 11.01097], ["68144904", 52.2300699, 11.01056]], "52.2299517319,11.0108413361": [["68144904", 52.2300699, 11.01056], ["68144904", 52.23017, 11.0101799], ["68144904", 52.22995, 11.01097]], "52.2294207383,11.0127731971": [["68144920", 52.22939, 11.0131299], ["68144902", 52.2294399, 11.0128999], ["83584221", 52.22929, 11.0134899], ["586511460", 52.2303299, 11.01368]], "52.2296945751,11.0117845517": [["68144904", 52.22995, 11.01097]], "52.2311580554,11.0092998203": [["68144904", 52.23017, 11.0101799]], "52.2293125279,11.0131783783": [["68144913", 52.2290099, 11.01417], ["586511460", 52.23015, 11.0140199]], "52.229146231,11.0139407963": [["68144913", 52.2290099, 11.01417], ["68143563", 52.22893, 11.01486], ["68144913", 52.22894, 11.01466], ["586511460", 52.22995, 11.01433]], "52.2309847176,11.0096094478": [["68144904", 52.2300699, 11.01056], ["68144904", 52.23017, 11.0101799]], "52.2300805617,11.0103247594": [["68144904", 52.23017, 11.0101799], ["68144904", 52.2300699, 11.01056], ["68144904", 52.22995, 11.01097]]}}