{"1537920": {"51.3948720228,10.8005608432": [["586818687", 51.39462, 10.8004299], ["586818687", 51.3945099, 10.8003599], ["586818686", 51.3942099, 10.80008]], "51.4069586433,10.774893444": [], "51.3948197197,10.8005790319": [["586818687", 51.3945099, 10.8003599], ["586818687", 51.39462, 10.8004299], ["586818686", 51.3942099, 10.80008]], "51.3948409259,10.8005616814": [["586818687", 51.39462, 10.8004299], ["586818687", 51.3945099, 10.8003599], ["586818686", 51.3942099, 10.80008]], "51.4077155292,10.7733877189": [["781559711", 51.4077299, 10.77363]], "51.4094803389,10.7700765319": [["781559711", 51.41005, 10.7691]], "51.3948363997,10.800563274": [["586818687", 51.3945099, 10.8003599], ["586818687", 51.39462, 10.8004299], ["586818686", 51.3942099, 10.80008]], "51.3948518224,10.8005659562": [["586818687", 51.39462, 10.8004299], ["586818687", 51.3945099, 10.8003599], ["586818686", 51.3942099, 10.80008]], "51.3948424347,10.800560927": [["586818687", 51.39462, 10.8004299], ["586818687", 51.3945099, 10.8003599], ["586818686", 51.3942099, 10.80008]], "51.4008022193,10.7840204984": [["781559708", 51.40057, 10.7847399]], "51.4015465323,10.7822951674": [["781559708", 51.4019599, 10.78153], ["781559708", 51.4017899, 10.7818799], ["781559708", 51.40158, 10.78238]], "51.4045295678,10.7787962258": [["781559708", 51.4042199, 10.7791199], ["781559709", 51.40525, 10.77819], ["781559709", 51.40427, 10.77908], ["781559709", 51.40549, 10.7779399]], "51.4085880853,10.7717896253": [], "51.4103743527,10.7683628518": [["778485669", 51.41057, 10.76808], ["781559711", 51.41005, 10.7691]], "51.4023466688,10.7808119897": [["781559708", 51.40213, 10.78123], ["781559708", 51.40306, 10.78019], ["781559708", 51.4019599, 10.78153], ["781559708", 51.4023199, 10.7809599]], "51.3948282693,10.8005704824": [["586818687", 51.3945099, 10.8003599], ["586818687", 51.39462, 10.8004299], ["586818686", 51.3942099, 10.80008]], "51.4061615244,10.7763806451": [["781559710", 51.40647, 10.77609], ["781559710", 51.40605, 10.7769199]], "51.3948675804,10.8005624358": [["586818687", 51.39462, 10.8004299], ["586818687", 51.3945099, 10.8003599], ["586818686", 51.3942099, 10.80008]], "51.3948704302,10.8005620167": [["586818687", 51.39462, 10.8004299], ["586818687", 51.3945099, 10.8003599], ["586818686", 51.3942099, 10.80008]], "51.3948692568,10.8005628549": [["586818687", 51.39462, 10.8004299], ["586818687", 51.3945099, 10.8003599], ["586818686", 51.3942099, 10.80008]], "51.4054802433,10.7777578756": [["781559710", 51.40569, 10.77763], ["781559709", 51.40549, 10.7779399], ["781559710", 51.40605, 10.7769199], ["781559709", 51.40525, 10.77819]], "51.4000476804,10.7857883256": [["781559708", 51.3997299, 10.78669]], "51.3948438596,10.8005604241": [["586818687", 51.39462, 10.8004299], ["586818687", 51.3945099, 10.8003599], ["586818686", 51.3942099, 10.80008]], "51.4032884594,10.7798448857": [["781559709", 51.40427, 10.77908], ["781559708", 51.40263, 10.78059], ["781559708", 51.40306, 10.78019], ["781559708", 51.4042199, 10.7791199]], "51.3948320411,10.8005654532": [["586818687", 51.3945099, 10.8003599], ["586818687", 51.39462, 10.8004299], ["586818686", 51.3942099, 10.80008]], "51.3948623836,10.800563274": [["586818687", 51.39462, 10.8004299], ["586818687", 51.3945099, 10.8003599], ["586818686", 51.3942099, 10.80008]]}}