{"2012925": {"53.1725188717,8.91431654803": [["51871536", 53.1725299, 8.9145399], ["51871534", 53.17251, 8.91515], ["554757702", 53.17254, 8.91363]], "53.1724839192,8.9154931996": [["51871534", 53.17249, 8.91557], ["51871534", 53.17251, 8.91515], ["51871536", 53.1725299, 8.9145399]], "53.172384426,8.91664948314": [["51871534", 53.17239, 8.9165699]], "53.1722920574,8.91760242172": [["51871534", 53.17226, 8.91804], ["51871589", 53.1723699, 8.9182499], ["51871523", 53.1724299, 8.9184799], ["51871589", 53.17226, 8.91804]], "53.1722470466,8.91808228567": [["782361369", 53.17218, 8.9187399], ["782361369", 53.17226, 8.91804], ["51871589", 53.17226, 8.91804], ["51871523", 53.1724299, 8.9184799]], "53.1723357271,8.91828395426": [["51871523", 53.1724299, 8.9184799], ["51871589", 53.1723699, 8.9182499], ["51871589", 53.17226, 8.91804], ["782361369", 53.17226, 8.91804]], "53.1724262517,8.91862291843": [["51871589", 53.1723699, 8.9182499], ["51871523", 53.1724299, 8.9184799], ["51871523", 53.17271, 8.91955], ["51871589", 53.17226, 8.91804]], "53.1725730188,8.91901116818": [["51871523", 53.1724299, 8.9184799], ["51871589", 53.1723699, 8.9182499], ["51871523", 53.17271, 8.91955], ["51871589", 53.17226, 8.91804]], "53.1726957299,8.91946035437": [["51871523", 53.17271, 8.91955], ["51871523", 53.1724299, 8.9184799], ["782361368", 53.17199, 8.91993], ["782361369", 53.17218, 8.9187399]], "53.1727892719,8.91985824332": [["51871523", 53.17271, 8.91955], ["51871517", 53.17294, 8.92059], ["782361368", 53.1718099, 8.92069], ["782361368", 53.17199, 8.91993]], "53.1728508789,8.92018161714": [["51871523", 53.17271, 8.91955], ["51871517", 53.17294, 8.92059], ["782361368", 53.17199, 8.91993], ["782361369", 53.17212, 8.9192999]], "53.1728881784,8.92049702816": [["51871523", 53.17271, 8.91955], ["51871517", 53.17294, 8.92059], ["782361369", 53.17199, 8.91993]], "53.1729423255,8.92088544555": [["51871517", 53.17294, 8.92059], ["51871517", 53.17311, 8.92177], ["782361368", 53.17199, 8.91993]], "53.1729964726,8.92137964256": [["51871517", 53.17294, 8.92059], ["51871517", 53.17311, 8.92177]], "53.1730410643,8.92191088758": [["51871517", 53.17311, 8.92177]], "53.1730285753,8.92242821865": [["51871517", 53.17311, 8.9225099]], "53.1729698181,8.92288888805": [["51871517", 53.1728599, 8.9237999], ["51871517", 53.17311, 8.9225099], ["51871575", 53.1728599, 8.9237999]], "53.172903182,8.9232793171": [["51871517", 53.1728599, 8.9237999], ["51871517", 53.17311, 8.9225099], ["51871575", 53.1728599, 8.9237999]], "53.1728563271,8.92348727211": [["51871517", 53.17311, 8.9225099], ["51871517", 53.1728599, 8.9237999], ["51871575", 53.1732499, 8.92407], ["51871575", 53.1728599, 8.9237999]], "53.1728236377,8.9236422535": [["51871517", 53.1728599, 8.9237999], ["51871575", 53.1732499, 8.92407], ["51871575", 53.1728599, 8.9237999]], "53.1728343666,8.92366086133": [["51871517", 53.1728599, 8.9237999], ["51871575", 53.1732499, 8.92407], ["51871575", 53.1728599, 8.9237999]], "53.1728393957,8.92363102175": [["51871517", 53.1728599, 8.9237999], ["51871575", 53.1732499, 8.92407], ["51871575", 53.1728599, 8.9237999]], "53.1727862544,8.92375683412": [["51871575", 53.1732499, 8.92407], ["51871575", 53.1728599, 8.9237999], ["51871517", 53.1728599, 8.9237999]], "53.1727649644,8.92378717661": [["51871575", 53.1732499, 8.92407], ["51871575", 53.1728599, 8.9237999], ["51871517", 53.1728599, 8.9237999]], "53.1727590971,8.92381642945": [["51871575", 53.1732499, 8.92407], ["51871575", 53.1728599, 8.9237999], ["51871517", 53.1728599, 8.9237999]], "53.172767479,8.92381684855": [["51871575", 53.1732499, 8.92407], ["51871575", 53.1728599, 8.9237999], ["51871517", 53.1728599, 8.9237999]], "53.172778124,8.92380662262": [["51871575", 53.1732499, 8.92407], ["51871575", 53.1728599, 8.9237999], ["51871517", 53.1728599, 8.9237999]], "53.1727900263,8.92379832454": [["51871575", 53.1732499, 8.92407], ["51871575", 53.1728599, 8.9237999], ["51871517", 53.1728599, 8.9237999]], "53.1728189439,8.92375633121": [["51871575", 53.1732499, 8.92407], ["51871575", 53.1728599, 8.9237999], ["51871517", 53.1728599, 8.9237999]], "53.1728325225,8.92374417745": [["51871575", 53.1732499, 8.92407], ["51871575", 53.1728599, 8.9237999], ["51871517", 53.1728599, 8.9237999]], "53.1728363782,8.92374526709": [["51871575", 53.1732499, 8.92407], ["51871575", 53.1728599, 8.9237999], ["51871517", 53.1728599, 8.9237999]], "53.1728431676,8.92374082468": [["51871517", 53.1728599, 8.9237999], ["51871575", 53.1732499, 8.92407], ["51871575", 53.1728599, 8.9237999]], "53.1728506275,8.92373646609": [["51871517", 53.1728599, 8.9237999], ["51871575", 53.1732499, 8.92407], ["51871575", 53.1728599, 8.9237999]], "53.1728496216,8.9237430878": [["51871517", 53.1728599, 8.9237999], ["51871575", 53.1732499, 8.92407], ["51871575", 53.1728599, 8.9237999]], "53.172850376,8.92374384217": [["51871517", 53.1728599, 8.9237999], ["51871575", 53.1732499, 8.92407], ["51871575", 53.1728599, 8.9237999]]}, "2026728": {"51.3492596336,9.47993315756": [["52563316", 51.34863, 9.48007], ["52563316", 51.34892, 9.47999], ["52563316", 51.3491799, 9.4799]], "51.3486608304,9.48015083559": [["52563316", 51.3491799, 9.4799], ["52563331", 51.3477299, 9.4802699], ["52563316", 51.34892, 9.47999], ["52563320", 51.34808, 9.4802]], "51.3481454272,9.48024722748": [["52563316", 51.34892, 9.47999], ["52563316", 51.34863, 9.48007], ["52563331", 51.3477299, 9.4802699], ["52563320", 51.34808, 9.4802]], "51.3476047944,9.48036482558": [["52563320", 51.34808, 9.4802], ["52563331", 51.3474999, 9.4803399], ["52563331", 51.3477299, 9.4802699], ["52563331", 51.3473099, 9.4804699]], "51.3471066579,9.48071217164": [["52568061", 51.34641, 9.48137], ["52568061", 51.34686, 9.48094], ["52563331", 51.3471399, 9.4806399], ["52563331", 51.3473099, 9.4804699]], "51.3465822861,9.48121123016": [["52568061", 51.34641, 9.48137], ["52563331", 51.3471399, 9.4806399], ["52568085", 51.346, 9.4818099], ["52568061", 51.34686, 9.48094]], "51.3460779469,9.48175404221": [["52568061", 51.34686, 9.48094], ["52568085", 51.346, 9.4818099], ["52568102", 51.34565, 9.4822099], ["52568102", 51.34588, 9.48199]], "51.3455923833,9.48228277266": [["52568102", 51.34565, 9.4822099], ["52568085", 51.346, 9.4818099], ["52568174", 51.3446, 9.4824699], ["52568174", 51.3450999, 9.4824]], "51.3449995313,9.48249542154": [["52568174", 51.3450999, 9.4824], ["52568174", 51.3446, 9.4824699], ["792588015", 51.3442, 9.4825999], ["792588016", 51.3443, 9.4825699]], "51.3443630934,9.48260338046": [["52568174", 51.3450999, 9.4824], ["792588015", 51.3442, 9.4825999], ["792588016", 51.3443, 9.4825699], ["52568174", 51.3446, 9.4824699]], "51.3437351212,9.48302515782": [["792588015", 51.3439899, 9.48279], ["52563411", 51.3434999, 9.4832299], ["792587991", 51.3430399, 9.48367], ["590232460", 51.34342, 9.48331]]}}