{"3313135": {"53.0435778759,8.67592005059": [], "53.0433785543,8.67532409728": [], "53.0430594552,8.67450183257": [["586507312", 53.04216, 8.67385]], "53.0427775718,8.67374603637": [["586507312", 53.04216, 8.67385], ["51864952", 53.04286, 8.6730499]], "53.0426882207,8.67347588763": [["586507312", 53.04216, 8.67385], ["51864952", 53.04286, 8.6730499], ["51864952", 53.04216, 8.67385], ["51864949", 53.04286, 8.6730499]], "53.0426840298,8.67344043218": [["586507312", 53.04216, 8.67385], ["51864952", 53.04286, 8.6730499], ["51864952", 53.04216, 8.67385], ["51864949", 53.04286, 8.6730499]], "53.0428068247,8.67318679579": [["586507312", 53.04216, 8.67385], ["51864952", 53.04286, 8.6730499]], "53.0432162806,8.67272797041": [["51864952", 53.04286, 8.6730499]], "53.0438541435,8.67202665657": [["51864950", 53.04444, 8.67132], ["51864950", 53.04426, 8.6715399], ["51864949", 53.0441199, 8.6716999], ["51864926", 53.0441199, 8.6716999]], "53.0443739891,8.67143128999": [["51864949", 53.0441199, 8.6716999], ["51864950", 53.04462, 8.671], ["51864950", 53.04426, 8.6715399], ["51864950", 53.04444, 8.67132]], "53.044783026,8.67066116072": [["51864899", 53.04476, 8.67067], ["51864899", 53.04506, 8.66982], ["51864950", 53.04462, 8.671], ["51864950", 53.04444, 8.67132]], "53.0450830981,8.66973361932": [["51864899", 53.04506, 8.66982], ["51864899", 53.04476, 8.67067]], "53.0453761294,8.66881093942": [["51864898", 53.0456899, 8.6679299]], "53.0456662271,8.66792472079": [["51864898", 53.0456899, 8.6679299]], "53.045925647,8.66714537144": [["51864897", 53.0460299, 8.66686], ["51864898", 53.0456899, 8.6679299], ["51864923", 53.0460299, 8.66686]], "53.0458687339,8.66678092629": [["51864923", 53.0460299, 8.66686], ["554736017", 53.0460299, 8.66686]], "53.0456503853,8.66636308841": [["51864923", 53.0460299, 8.66686], ["554736017", 53.0460299, 8.66686]], "53.0453772191,8.66584047675": [["51864924", 53.0450099, 8.66498], ["51864831", 53.0450099, 8.66498]], "53.0451267678,8.66537301801": [["51864924", 53.0450099, 8.66498], ["51864831", 53.0450099, 8.66498]], "53.0450073257,8.66513128392": [["51864831", 53.0450099, 8.66498], ["51864923", 53.0450099, 8.66498], ["51864924", 53.0450099, 8.66498]], "53.045055354,8.66497672163": [["51864924", 53.0450099, 8.66498], ["51864831", 53.0450099, 8.66498], ["51864923", 53.0450099, 8.66498]], "53.045121152,8.66485174745": [["51864831", 53.0450099, 8.66498], ["51864924", 53.0450099, 8.66498], ["51864923", 53.0450099, 8.66498]], "53.0451885425,8.66469718516": [["51864924", 53.0450099, 8.66498], ["51864923", 53.0450099, 8.66498]], "53.0452956632,8.66444597952": [["51864831", 53.0450099, 8.66498], ["51864923", 53.0450099, 8.66498], ["51864924", 53.0450099, 8.66498]], "53.0453256704,8.66437029094": [["51864831", 53.0450099, 8.66498], ["51864923", 53.0450099, 8.66498], ["51864924", 53.0450099, 8.66498]], "53.0454201344,8.66416133009": [["51864831", 53.0450099, 8.66498], ["51864923", 53.0450099, 8.66498], ["51864924", 53.0450099, 8.66498]], "53.0454929732,8.6639957875": [["51864831", 53.0450099, 8.66498], ["51864923", 53.0450099, 8.66498], ["51864924", 53.0450099, 8.66498]], "53.0455450248,8.66388707422": [], "53.0455608666,8.66386243142": [], "53.0455640517,8.66385958157": [], "53.0455672368,8.66385421716": [], "53.045568075,8.6638526246": [], "53.0455690809,8.66385161877": [], "53.0455696676,8.66385036148": [], "53.0455695838,8.66384943947": [], "53.0455697514,8.66384675726": [], "53.0455690809,8.6638451647": [], "53.0455683265,8.66384114139": [], "53.0455691647,8.66383762099": [], "53.0455714278,8.66383451968": [], "53.0455719307,8.66383334622": [], "53.0455706734,8.66382831708": [], "53.045570422,8.66382462904": [], "53.0455711763,8.66379135288": [], "53.0455692485,8.66372572258": [], "53.0455782171,8.66370099597": [], "53.0456180312,8.66364517249": [], "53.0456780456,8.66354777478": [], "53.0458227172,8.66326522082": [["51864831", 53.04631, 8.6624699]], "53.0459956359,8.66293623112": [["51864831", 53.04631, 8.6624699]], "53.0460578296,8.66283296607": [["51864831", 53.04631, 8.6624699], ["51864831", 53.04631, 8.6624699]], "53.0461245496,8.66274562664": [["51864831", 53.04631, 8.6624699], ["51864831", 53.04631, 8.6624699]], "53.0462260544,8.66252887063": [["51864831", 53.04631, 8.6624699], ["51864831", 53.0465199, 8.6616499]], "53.0463447422,8.6621125415": [["51864831", 53.0465199, 8.6616499], ["51864831", 53.04631, 8.6624699], ["554736018", 53.04733, 8.6629699]], "53.0464748293,8.66168179549": [["51864831", 53.0465199, 8.6616499], ["51864831", 53.04631, 8.6624699]], "53.0465299822,8.66151826456": [["51864831", 53.0465199, 8.6616499], ["51864831", 53.04631, 8.6624699], ["51864830", 53.0465199, 8.6616499], ["51864831", 53.04631, 8.6624699]], "53.0466370191,8.66114853881": [["51864831", 53.0465199, 8.6616499], ["572206295", 53.0475299, 8.66046]], "53.0467987899,8.66063179448": [["51864830", 53.0470399, 8.65999], ["51864741", 53.0470399, 8.65999], ["572206295", 53.0475299, 8.66046]], "53.0468731374,8.66035276093": [["51864830", 53.0470399, 8.65999], ["572206295", 53.0475299, 8.66046], ["51864741", 53.0470399, 8.65999], ["572206295", 53.0475299, 8.66046]], "53.046946479,8.66018772125": [["51864830", 53.0470399, 8.65999], ["51864741", 53.0470399, 8.65999], ["572206295", 53.0475299, 8.66046], ["51864741", 53.04631, 8.6592599]], "53.0469827726,8.66002326831": [["572206295", 53.0475299, 8.66046], ["51864830", 53.0470399, 8.65999], ["51864741", 53.0470399, 8.65999], ["51864741", 53.04631, 8.6592599]], "53.0467437208,8.65972269326": [["51864741", 53.0470399, 8.65999], ["572206295", 53.0475299, 8.66046], ["51864741", 53.04631, 8.6592599]]}}