{"2950987": {"52.6266416442,10.080704391": [["51961425", 52.6264, 10.08091], ["586493136", 52.6261999, 10.08105], ["51961424", 52.6262899, 10.08101], ["51959095", 52.6266799, 10.0808999]], "52.6266087871,10.080641862": [["51959104", 52.62625, 10.07968], ["51961425", 52.6262899, 10.08101], ["51961425", 52.6264, 10.08091], ["51961430", 52.62617, 10.08055]], "52.6265961304,10.08066223": [["51959104", 52.62625, 10.07968], ["51961425", 52.6264, 10.08091], ["51961425", 52.6262899, 10.08101], ["51961430", 52.62617, 10.08055]]}, "2950986": {"52.624773737,10.0760022271": [["586533082", 52.6250799, 10.07689], ["586533082", 52.62484, 10.07619], ["586533082", 52.6245799, 10.07543], ["586533082", 52.62444, 10.07511]], "52.6244204398,10.0751330238": [["586533082", 52.6245799, 10.07543], ["586533082", 52.62444, 10.07511], ["586533082", 52.6243499, 10.0749599], ["586533082", 52.62425, 10.07484]], "52.6238532364,10.0744819175": [["586533081", 52.62394, 10.07452], ["586533081", 52.6241, 10.0746699], ["586533081", 52.62361, 10.07422], ["586533082", 52.62425, 10.07484]], "52.6233835984,10.0741033908": [["51959238", 52.62346, 10.0741], ["51959238", 52.62333, 10.07406], ["586533081", 52.62361, 10.07422], ["586533081", 52.62394, 10.07452]], "52.6230174769,10.0741989445": [["51959238", 52.6229799, 10.0741699], ["51959238", 52.6227099, 10.0743399], ["51959238", 52.6225825, 10.0744201], ["51959238", 52.6228444, 10.0742553]], "52.6226688735,10.074427519": [["51959260", 52.62228, 10.07465], ["51959238", 52.6228444, 10.0742553], ["51959238", 52.6225825, 10.0744201], ["51959238", 52.6227099, 10.0743399]], "52.6223715674,10.074599348": [["51959255", 52.62228, 10.07469], ["51959260", 52.62228, 10.07465], ["554740242", 52.62224, 10.07445], ["51959260", 52.62221, 10.0746699]], "52.6223400515,10.0746020302": [["51959255", 52.62221, 10.07481], ["51959260", 52.62228, 10.07465], ["51959255", 52.62228, 10.07469], ["51959238", 52.6229799, 10.0741699]], "52.6223140676,10.0745837577": [["51959238", 52.6231099, 10.07409], ["51959238", 52.6229799, 10.0741699], ["51959238", 52.6228444, 10.0742553], ["51959238", 52.6227099, 10.0743399]], "52.6223020814,10.0745809916": [["51959238", 52.6231099, 10.07409], ["51959238", 52.6229799, 10.0741699], ["51959238", 52.6228444, 10.0742553], ["51959238", 52.6227099, 10.0743399]], "52.6222969685,10.0745772198": [["51959238", 52.6231099, 10.07409], ["51959238", 52.6229799, 10.0741699], ["51959255", 52.62217, 10.0749299], ["554740242", 52.62218, 10.07439]], "52.6222907659,10.0745876972": [["554740242", 52.62218, 10.07439], ["51959238", 52.6229799, 10.0741699], ["51959238", 52.6231099, 10.07409], ["51959255", 52.62217, 10.0749299]], "52.6222343557,10.0746069755": [["554740242", 52.6221299, 10.0742999], ["51959292", 52.622, 10.0739099], ["51959292", 52.6219513, 10.0737616], ["51959238", 52.6229799, 10.0741699]], "52.6220728364,10.0747650582": [["51959238", 52.62244, 10.07451], ["51959238", 52.6228444, 10.0742553], ["51959238", 52.6225825, 10.0744201], ["51959238", 52.6227099, 10.0743399]], "52.6219219621,10.075423792": [["51959255", 52.62221, 10.07481], ["51959255", 52.62217, 10.0749299], ["51959255", 52.62214, 10.07518], ["67949737", 52.6221299, 10.0755199]], "52.6218881831,10.0760349166": [["51959255", 52.62214, 10.07518], ["51959274", 52.62205, 10.07612], ["51959274", 52.6220199, 10.07625], ["67949736", 52.6221, 10.07587]], "52.6217082236,10.0763765629": [["51959336", 52.620804, 10.0761364], ["51959336", 52.62164, 10.07638], ["51959336", 52.6213699, 10.0763], ["51959336", 52.621, 10.07619]], "52.6212364901,10.076263994": [["51959336", 52.62164, 10.07638], ["51959336", 52.6213699, 10.0763], ["51959336", 52.6204684, 10.076045], ["51959336", 52.621, 10.07619]], "52.620846061,10.076164417": [["51959336", 52.6204684, 10.076045], ["51959336", 52.621, 10.07619], ["51959336", 52.620804, 10.0761364], ["51959336", 52.62164, 10.07638]], "52.6202241238,10.0759628322": [["51959353", 52.62023, 10.0759799], ["51959336", 52.621, 10.07619], ["51959336", 52.6204684, 10.076045], ["51959414", 52.62023, 10.0759799]], "52.619822463,10.0758690387": [["51959336", 52.620804, 10.0761364], ["51959336", 52.6204684, 10.076045], ["51959414", 52.6196599, 10.0758199], ["51959414", 52.61998, 10.0759199]], "52.6193202194,10.0757305697": [["51959414", 52.6196599, 10.0758199], ["51959414", 52.61998, 10.0759199], ["51959414", 52.61925, 10.0757], ["51959414", 52.62023, 10.0759799]], "52.6186585519,10.0755123887": [["51961445", 52.61922, 10.0762099], ["764554651", 52.6181499, 10.0756199], ["51959414", 52.61925, 10.0757], ["764554652", 52.61863, 10.0756]], "52.6181078609,10.0755469222": [["764554652", 52.61863, 10.0756], ["51959414", 52.6188399, 10.07563], ["51961067", 52.6173039, 10.0762254], ["51961067", 52.6172013, 10.0763177]], "52.6175864227,10.0758628361": [["51961067", 52.61688, 10.0766399], ["764554651", 52.61801, 10.0756899], ["51961067", 52.61701, 10.07649], ["51961067", 52.6172013, 10.0763177]], "52.6171861868,10.0761922449": [["51959511", 52.6167952, 10.0767546], ["51959511", 52.6167099, 10.0768699], ["51961067", 52.6178, 10.07583], ["51959511", 52.6165799, 10.07708]], "52.6168434508,10.0765515771": [["51959511", 52.6164499, 10.07734], ["51959507", 52.61688, 10.0766399], ["51961067", 52.6176023, 10.0759819], ["51961067", 52.61741, 10.07613]], "52.6167177223,10.0762605574": [["51959507", 52.6166399, 10.0761499], ["51959507", 52.61688, 10.0766399], ["51961067", 52.6176023, 10.0759819], ["51959511", 52.6165799, 10.07708]], "52.6166307181,10.0762881339": [["51959507", 52.61688, 10.0766399], ["51959507", 52.6166399, 10.0761499], ["51959507", 52.6166399, 10.0761499], ["51959507", 52.61607, 10.07538]], "52.6163318194,10.0758686196": [["51959507", 52.6166399, 10.0761499], ["51959507", 52.61607, 10.07538], ["51959531", 52.6159199, 10.07494], ["51959531", 52.61607, 10.07538]], "52.6160454936,10.0753842294": [["51959507", 52.6166399, 10.0761499], ["51959531", 52.61607, 10.07538], ["51959531", 52.6159199, 10.07494], ["51959531", 52.6157499, 10.07469]], "52.6159085333,10.0750332791": [["51959531", 52.61607, 10.07538], ["51959531", 52.6159199, 10.07494], ["51959531", 52.6157499, 10.07469]], "52.6157102175,10.0745579414": [["51959531", 52.6159199, 10.07494], ["51959531", 52.6157499, 10.07469], ["51959531", 52.61607, 10.07538]], "52.6153915375,10.0741777383": [["51959531", 52.6159199, 10.07494], ["51959531", 52.6157499, 10.07469], ["51959575", 52.6144799, 10.07327]], "52.6150859334,10.0738214236": [["51959531", 52.6157499, 10.07469], ["51959575", 52.6144799, 10.07327]], "52.6147927344,10.0735391211": [["51959575", 52.6144799, 10.07327]], "52.6145799179,10.0733163301": [["51959531", 52.6144799, 10.07327], ["51959575", 52.6144799, 10.07327]], "52.6143257786,10.0730781164": [["51959575", 52.6144799, 10.07327], ["51959575", 52.61351, 10.07218], ["51959531", 52.6144799, 10.07327], ["51961479", 52.61338, 10.0720999]], "52.6141204219,10.0728312694": [["51959575", 52.6144799, 10.07327], ["51961479", 52.61338, 10.0720999], ["51959609", 52.61327, 10.0720099]], "52.6138247922,10.072600767": [["51959575", 52.6144799, 10.07327], ["51961479", 52.61338, 10.0720999], ["51959609", 52.61327, 10.0720099]], "52.6136587467,10.0723883696": [["51959575", 52.6144799, 10.07327], ["51961479", 52.61338, 10.0720999], ["51959609", 52.61327, 10.0720099]], "52.6135381311,10.0722378306": [["51961476", 52.61265, 10.07156], ["51961479", 52.61338, 10.0720999], ["51961479", 52.61327, 10.0720099], ["51959575", 52.61351, 10.07218]], "52.6133627817,10.0720534287": [["51959609", 52.61327, 10.0720099], ["51961479", 52.61338, 10.0720999], ["51961476", 52.61265, 10.07156]], "52.6130704209,10.0718264468": [["51961479", 52.61338, 10.0720999], ["51959609", 52.61327, 10.0720099], ["51961476", 52.61265, 10.07156]], "52.6128101628,10.0716291368": [["51961479", 52.61338, 10.0720999], ["51959609", 52.61327, 10.0720099], ["51961476", 52.61265, 10.07156]], "52.6123311371,10.0713239517": [["51959609", 52.61327, 10.0720099], ["51961476", 52.61265, 10.07156]], "52.6118359342,10.0710084569": [["51961476", 52.61265, 10.07156], ["51959735", 52.61107, 10.0703599], ["51959689", 52.61107, 10.0703599]], "52.6113692299,10.0706099812": [["51959735", 52.61107, 10.0703599], ["51959689", 52.61107, 10.0703599], ["51959703", 52.61082, 10.0712499]], "52.6111007575,10.0704267528": [["51961476", 52.61107, 10.0703599], ["51959735", 52.61107, 10.0703599], ["51959735", 52.6103399, 10.0698699], ["51961478", 52.61082, 10.0712499]], "52.6109947264,10.0703388266": [["51959735", 52.61107, 10.0703599], ["51959703", 52.61082, 10.0712499], ["51959689", 52.61107, 10.0703599], ["51959736", 52.6103399, 10.0698699]], "52.61075316,10.0701693445": [["51959735", 52.61107, 10.0703599], ["51959689", 52.61107, 10.0703599], ["51959736", 52.6103399, 10.0698699]], "52.6105098333,10.0700078253": [["51959735", 52.61107, 10.0703599], ["51959736", 52.6103399, 10.0698699], ["51959689", 52.61107, 10.0703599]], "52.6103571989,10.069878241": [["51959735", 52.61107, 10.0703599], ["51959736", 52.6103399, 10.0698699], ["51959689", 52.61107, 10.0703599]], "52.6103741303,10.0696276221": [["51959736", 52.6106399, 10.06874], ["51959735", 52.61107, 10.0703599], ["51959703", 52.61107, 10.0703599]], "52.6104421914,10.069313217": [["51959736", 52.6106399, 10.06874]], "52.6104792394,10.0690279808": [["51959736", 52.6106399, 10.06874]], "52.6105597895,10.0687301718": [["51959736", 52.6106399, 10.06874]], "52.6106203906,10.0684163533": [["51959716", 52.61097, 10.0674799], ["51959736", 52.6106399, 10.06874], ["51959820", 52.61097, 10.0674799]], "52.6107018627,10.0680999365": [["51959716", 52.61097, 10.0674799], ["51959736", 52.6106399, 10.06874], ["51959820", 52.61097, 10.0674799], ["51959689", 52.61163, 10.06821]], "52.6108013559,10.0677510817": [["51959716", 52.61097, 10.0674799], ["51959736", 52.6106399, 10.06874], ["51959820", 52.61097, 10.0674799], ["51959689", 52.61163, 10.06821]], "52.6108519826,10.0674672704": [["51959820", 52.61097, 10.0674799], ["51959716", 52.61097, 10.0674799], ["51959689", 52.61163, 10.06821]], "52.6108269207,10.0673188269": [["51959820", 52.61097, 10.0674799], ["51959716", 52.61097, 10.0674799], ["51959689", 52.61163, 10.06821]]}}