{"2197937": {"52.039248934,8.56953609735": [["61377584", 52.0396499, 8.5693799], ["61377585", 52.0395199, 8.5702999], ["61377586", 52.03937, 8.5698099], ["51573121", 52.0390989, 8.5686869]], "52.0392422285,8.56960139237": [["61377585", 52.0395199, 8.5702999], ["61377584", 52.0396499, 8.5693799], ["61377586", 52.03937, 8.5698099], ["51573121", 52.0390989, 8.5686869]], "52.0393320825,8.5708351247": [["61377585", 52.0399799, 8.5713199], ["61377585", 52.03982, 8.5710199], ["61377585", 52.03967, 8.57069], ["61377585", 52.0395199, 8.5702999]], "52.0400993619,8.57180692255": [["61377585", 52.03982, 8.5710199], ["61377585", 52.0399799, 8.5713199], ["51572885", 52.04062, 8.5723999], ["51573020", 52.0398799, 8.57084]], "52.040659273,8.57244403102": [["51572832", 52.04098, 8.57301], ["51572885", 52.04062, 8.5723999], ["51572974", 52.04062, 8.5723999], ["51572974", 52.03995, 8.57317]], "52.0409610216,8.57285675593": [["51572832", 52.04098, 8.57301], ["51572800", 52.04133, 8.5736199], ["51572885", 52.04062, 8.5723999], ["51572822", 52.0414499, 8.57344]], "52.0415701345,8.57396392152": [["51572800", 52.0417838, 8.574408], ["51572800", 52.04133, 8.5736199], ["51572800", 52.041612, 8.5741098], ["51572832", 52.04098, 8.57301]], "52.0419764891,8.57467671856": [["51572800", 52.041612, 8.5741098], ["51572800", 52.0417838, 8.574408], ["51572652", 52.0422399, 8.5751999], ["51572785", 52.0421671, 8.5747251]], "52.0425531641,8.5755911842": [["51572571", 52.04285, 8.5762399], ["51572652", 52.0425432, 8.575717], ["51572652", 52.0422399, 8.5751999], ["51572652", 52.0426979, 8.5759808]], "52.0431475248,8.57652601786": [["51572785", 52.0426615, 8.5756111], ["51572785", 52.04294, 8.5761099], ["51572559", 52.0433498, 8.5768253], ["51572652", 52.0426979, 8.5759808]], "52.04365924,8.57740502805": [["51572571", 52.0437864, 8.5778722], ["51572571", 52.043511, 8.5773923], ["51572571", 52.0432845, 8.5769975], ["51572571", 52.0431131, 8.5766987]], "52.0447033737,8.57903363183": [["51572450", 52.0439399, 8.57814], ["61373382", 52.0450127, 8.5798801], ["61373382", 52.0448882, 8.5796697], ["61373382", 52.0447699, 8.57947]], "52.0450810622,8.58009612188": [["61373383", 52.04548, 8.5806699], ["61373382", 52.0450127, 8.5798801], ["61373382", 52.0448882, 8.5796697], ["61373382", 52.0447699, 8.57947]], "52.0459355973,8.58139959164": [["61373367", 52.0466399, 8.5823], ["61373367", 52.0461799, 8.58168], ["61373383", 52.04548, 8.5806699], ["51572259", 52.0458799, 8.58046]], "52.0465835184,8.58205991797": [["61377596", 52.04695, 8.58256], ["61377596", 52.0465, 8.5819499], ["51572258", 52.04623, 8.58158], ["61373367", 52.0461799, 8.58168]], "52.0472002588,8.58289148659": [["61377596", 52.04695, 8.58256], ["61377596", 52.0474199, 8.5831999], ["61377596", 52.0465, 8.5819499], ["61377596", 52.0479, 8.5838299]], "52.0480340905,8.5840428248": [["61377596", 52.0474199, 8.5831999], ["61377596", 52.0479, 8.5838299], ["61377596", 52.04829, 8.58431], ["61373367", 52.0484799, 8.58476]], "52.0483194944,8.58437634073": [["61377596", 52.0479, 8.5838299], ["61377596", 52.04846, 8.58454], ["61377596", 52.04829, 8.58431], ["61377596", 52.0487801, 8.5849901]], "52.0486930758,8.58505711891": [["61373367", 52.0488099, 8.5852399], ["61373367", 52.0484799, 8.58476], ["61373381", 52.04922, 8.58587], ["61377596", 52.0487801, 8.5849901]], "52.0488635637,8.58540714718": [["61377600", 52.0492299, 8.58546], ["61373367", 52.0488099, 8.5852399], ["61373367", 52.0484799, 8.58476], ["61373381", 52.04922, 8.58587]], "52.0489006955,8.58587712049": [["61377600", 52.04948, 8.5853399], ["61377600", 52.04935, 8.5854299], ["51571955", 52.0490999, 8.58607], ["51571955", 52.0488699, 8.58631]], "52.0488396753,8.58633401804": [["51571955", 52.0488699, 8.58631], ["51571955", 52.0485799, 8.58644], ["51572014", 52.04791, 8.5867799], ["51571955", 52.0490999, 8.58607]], "52.0488685928,8.58672754839": [["61377598", 52.04929, 8.58574], ["51571880", 52.04929, 8.58574], ["51571880", 52.04922, 8.58587], ["51571955", 52.0490999, 8.58607]], "52.0489387494,8.5870768223": [["51571954", 52.04891, 8.5879899], ["51571954", 52.0485799, 8.58644], ["51571955", 52.0488699, 8.58631], ["51571955", 52.0488699, 8.58631]], "52.049011169,8.5874520801": [["51571954", 52.04891, 8.5879899], ["51571914", 52.0497199, 8.58758], ["51571914", 52.04891, 8.5879899], ["61373381", 52.0498899, 8.58697]], "52.0490399189,8.58767788857": [["51571914", 52.0497199, 8.58758], ["51571914", 52.04891, 8.5879899], ["51571954", 52.04891, 8.5879899], ["61373381", 52.0498899, 8.58697]], "52.04900329,8.58775584027": [["51571914", 52.0497199, 8.58758], ["51571914", 52.04891, 8.5879899], ["51571954", 52.04891, 8.5879899], ["61373381", 52.0498899, 8.58697]], "52.0489646494,8.58778182417": [["51571954", 52.04891, 8.5879899], ["51571914", 52.0497199, 8.58758], ["51571914", 52.04891, 8.5879899], ["61373381", 52.0498899, 8.58697]], "52.0488904696,8.5878312774": [["51571954", 52.04891, 8.5879899], ["51571914", 52.0497199, 8.58758], ["51571914", 52.04891, 8.5879899], ["61373381", 52.0498899, 8.58697]], "52.0488605462,8.58783278614": [["51571954", 52.04891, 8.5879899], ["51571914", 52.0497199, 8.58758], ["51571914", 52.04891, 8.5879899]], "52.0489061438,8.58793538064": [["51571954", 52.04891, 8.5879899], ["51571914", 52.0497199, 8.58758], ["51571914", 52.04891, 8.5879899], ["61373381", 52.0498899, 8.58697]], "52.0489916392,8.58793026768": [["51571914", 52.0497199, 8.58758], ["51571914", 52.04891, 8.5879899], ["51571954", 52.04891, 8.5879899], ["61373381", 52.0498899, 8.58697]], "52.0489772223,8.58793051913": [["51571914", 52.0497199, 8.58758], ["51571914", 52.04891, 8.5879899], ["51571954", 52.04891, 8.5879899], ["61373381", 52.0498899, 8.58697]], "52.0489332173,8.58795071952": [["51571914", 52.0497199, 8.58758], ["51571914", 52.04891, 8.5879899], ["51571954", 52.04891, 8.5879899], ["61373381", 52.0498899, 8.58697]], "52.0489275176,8.58793806285": [["51571914", 52.0497199, 8.58758], ["51571914", 52.04891, 8.5879899], ["51571954", 52.04891, 8.5879899], ["61373381", 52.0498899, 8.58697]], "52.04891067,8.58791886829": [["51571954", 52.04891, 8.5879899], ["51571914", 52.0497199, 8.58758], ["51571914", 52.04891, 8.5879899], ["61373381", 52.0498899, 8.58697]], "52.0488742925,8.58789405786": [["51571954", 52.04891, 8.5879899], ["51571914", 52.0497199, 8.58758], ["51571914", 52.04891, 8.5879899]], "52.0488820877,8.58790453523": [["51571954", 52.04891, 8.5879899], ["51571914", 52.0497199, 8.58758], ["51571914", 52.04891, 8.5879899]], "52.0488650724,8.58798944391": [["51571914", 52.0497199, 8.58758], ["51571914", 52.04891, 8.5879899], ["51571954", 52.04891, 8.5879899]], "52.0488724485,8.58803864568": [["51571914", 52.0497199, 8.58758], ["51571914", 52.04891, 8.5879899], ["51571954", 52.04891, 8.5879899]], "52.0489073172,8.58803059906": [["51571954", 52.04891, 8.5879899], ["51571914", 52.0497199, 8.58758], ["51571914", 52.04891, 8.5879899]], "52.0489180461,8.58797091991": [["51571914", 52.0497199, 8.58758], ["51571914", 52.04891, 8.5879899], ["51571954", 52.04891, 8.5879899]], "52.0489375759,8.58793881722": [["51571914", 52.0497199, 8.58758], ["51571914", 52.04891, 8.5879899], ["51571954", 52.04891, 8.5879899], ["61373381", 52.0498899, 8.58697]], "52.0489382464,8.58789891936": [["51571954", 52.04891, 8.5879899], ["51571914", 52.0497199, 8.58758], ["51571914", 52.04891, 8.5879899], ["61373381", 52.0498899, 8.58697]], "52.0489268471,8.58785793185": [["51571954", 52.04891, 8.5879899], ["51571914", 52.0497199, 8.58758], ["51571914", 52.04891, 8.5879899], ["61373381", 52.0498899, 8.58697]], "52.0488999411,8.5878035333": [["51571954", 52.04891, 8.5879899], ["51571914", 52.0497199, 8.58758], ["51571914", 52.04891, 8.5879899], ["61373381", 52.0498899, 8.58697]], "52.0488643181,8.58780344948": [["51571954", 52.04891, 8.5879899], ["51571914", 52.0497199, 8.58758], ["51571914", 52.04891, 8.5879899]], "52.0487915631,8.58780453913": [["51571954", 52.04891, 8.5879899], ["51571914", 52.0497199, 8.58758], ["51571914", 52.04891, 8.5879899]], "52.0487686805,8.58782717027": [["51571954", 52.04891, 8.5879899], ["51571914", 52.0497199, 8.58758], ["51571914", 52.04891, 8.5879899]], "52.0487140305,8.58783387579": [["51571954", 52.04891, 8.5879899], ["51571914", 52.04891, 8.5879899]], "52.0487302914,8.58783094212": [["51571954", 52.04891, 8.5879899], ["51571914", 52.0497199, 8.58758], ["51571914", 52.04891, 8.5879899]], "52.0488321315,8.58783286996": [["51571954", 52.04891, 8.5879899], ["51571914", 52.0497199, 8.58758], ["51571914", 52.04891, 8.5879899]], "52.0488287788,8.58779205009": [["51571954", 52.04891, 8.5879899], ["51571914", 52.0497199, 8.58758], ["51571914", 52.04891, 8.5879899]], "52.0489132684,8.58778693713": [["51571954", 52.04891, 8.5879899], ["51571914", 52.0497199, 8.58758], ["51571914", 52.04891, 8.5879899], ["61373381", 52.0498899, 8.58697]], "52.048956519,8.58780931681": [["51571954", 52.04891, 8.5879899], ["51571914", 52.0497199, 8.58758], ["51571914", 52.04891, 8.5879899], ["61373381", 52.0498899, 8.58697]], "52.0489844307,8.58782096766": [["51571914", 52.0497199, 8.58758], ["51571914", 52.04891, 8.5879899], ["51571954", 52.04891, 8.5879899], ["61373381", 52.0498899, 8.58697]], "52.0489434432,8.58784376644": [["51571954", 52.04891, 8.5879899], ["51571914", 52.0497199, 8.58758], ["51571914", 52.04891, 8.5879899], ["61373381", 52.0498899, 8.58697]], "52.0489254221,8.58785985969": [["51571954", 52.04891, 8.5879899], ["51571914", 52.0497199, 8.58758], ["51571914", 52.04891, 8.5879899], ["61373381", 52.0498899, 8.58697]], "52.0489036292,8.58787243254": [["51571954", 52.04891, 8.5879899], ["51571914", 52.0497199, 8.58758], ["51571914", 52.04891, 8.5879899], ["61373381", 52.0498899, 8.58697]], "52.0488650724,8.5878973268": [["51571954", 52.04891, 8.5879899], ["51571914", 52.0497199, 8.58758], ["51571914", 52.04891, 8.5879899]], "52.048846297,8.58789841644": [["51571954", 52.04891, 8.5879899], ["51571914", 52.0497199, 8.58758], ["51571914", 52.04891, 8.5879899]], "52.0488522481,8.58788517304": [["51571954", 52.04891, 8.5879899], ["51571914", 52.0497199, 8.58758], ["51571914", 52.04891, 8.5879899]]}}