{"2871675": {"51.2848910596,9.55420872197": [["567338184", 51.28542, 9.55494], ["567338183", 51.28542, 9.55494], ["567338183", 51.28488, 9.55428], ["52565579", 51.2845099, 9.55382]], "51.2839372829,9.55523123033": [["799853729", 51.2834299, 9.55591]], "51.2835159246,9.5557833463": [["799853729", 51.2828399, 9.5566899], ["799853729", 51.2834299, 9.55591]], "51.2831386551,9.55628072843": [["799853729", 51.28242, 9.55726], ["799853729", 51.2828399, 9.5566899], ["799853729", 51.2834299, 9.55591]], "51.282786699,9.55674181692": [["799853729", 51.2828399, 9.5566899], ["799853729", 51.28242, 9.55726], ["799853729", 51.2834299, 9.55591]], "51.2821385264,9.55708212219": [["576426713", 51.28157, 9.55782], ["799853729", 51.2828399, 9.5566899], ["799853729", 51.28242, 9.55726]], "51.2818259653,9.5574745629": [["576426713", 51.28157, 9.55782], ["799853729", 51.28242, 9.55726]], "51.2814745959,9.55794042908": [["576426715", 51.28088, 9.5587199], ["576426713", 51.28157, 9.55782], ["799853729", 51.28242, 9.55726], ["707658322", 51.28066, 9.5570199]], "51.2811345421,9.5583941415": [["576426713", 51.28157, 9.55782], ["576426715", 51.28088, 9.5587199], ["576426702", 51.2803699, 9.5593799], ["576426702", 51.28042, 9.5593199]]}, "2871540": {"51.286761649,9.52919863164": [["550084378", 51.28633, 9.5283299], ["550084378", 51.28702, 9.52956], ["550084378", 51.28716, 9.53008]], "51.2871081568,9.53016565181": [["550084378", 51.28716, 9.53008], ["550084378", 51.28702, 9.52956], ["550084378", 51.2871999, 9.5303699], ["550084378", 51.2871999, 9.5309]], "51.2871472165,9.53132453375": [["550084378", 51.28712, 9.53202], ["550084378", 51.2871999, 9.5309]], "51.2882449944,9.53451108187": [["707658334", 51.2879199, 9.5337], ["707658334", 51.2881, 9.5341399], ["779345331", 51.28872, 9.53541]], "51.2889150437,9.53592913225": [["779345331", 51.28923, 9.53645], ["779345331", 51.28872, 9.53541]], "51.2892663293,9.53663958237": [["779345331", 51.28923, 9.53645]], "51.2898756936,9.53949948773": [["52572328", 51.2897899, 9.53961], ["52566630", 51.2895699, 9.5398], ["52572265", 51.2907499, 9.53876]], "51.2894070614,9.53991866671": [["52566637", 51.28873, 9.54052], ["52566630", 51.2895699, 9.5398], ["52572328", 51.2897899, 9.53961]], "51.2889209948,9.54037455842": [["52572328", 51.2897899, 9.53961], ["52566630", 51.2895699, 9.5398], ["52566637", 51.28873, 9.54052]], "51.2879574951,9.54134945758": [["52572485", 51.28781, 9.54144], ["52572526", 51.2871299, 9.5422], ["52574567", 51.28777, 9.54163], ["52566637", 51.28873, 9.54052]], "51.2869546842,9.54239753075": [["52572526", 51.2871299, 9.5422], ["52574567", 51.28777, 9.54163], ["52572485", 51.28781, 9.54144]]}}