{"2437734": {"51.8377379235,9.46385524236": [["79671330", 51.8370899, 9.46418], ["764778659", 51.8370899, 9.46418], ["79671886", 51.8370899, 9.46418]], "51.8377379235,9.46385624819": [["79671330", 51.8370899, 9.46418], ["764778659", 51.8370899, 9.46418], ["79671886", 51.8370899, 9.46418]], "51.8377379235,9.46385691874": [["79671330", 51.8370899, 9.46418], ["764778659", 51.8370899, 9.46418], ["79671886", 51.8370899, 9.46418]], "51.837730296,9.46388575248": [["79671330", 51.8370899, 9.46418], ["764778659", 51.8370899, 9.46418], ["79671886", 51.8370899, 9.46418]], "51.8377303798,9.46388633922": [["79671330", 51.8370899, 9.46418], ["764778659", 51.8370899, 9.46418], ["79671886", 51.8370899, 9.46418]], "51.8377308827,9.46388659067": [["79671330", 51.8370899, 9.46418], ["764778659", 51.8370899, 9.46418], ["79671886", 51.8370899, 9.46418]], "51.8377317209,9.46388709359": [["79671330", 51.8370899, 9.46418], ["764778659", 51.8370899, 9.46418], ["79671886", 51.8370899, 9.46418]], "51.8377026357,9.46383085102": [["79671330", 51.8370899, 9.46418], ["764778659", 51.8370899, 9.46418], ["79671886", 51.8370899, 9.46418]], "51.8375319801,9.46373303421": [["79671330", 51.8370899, 9.46418], ["764778659", 51.8370899, 9.46418], ["764778659", 51.8366, 9.46338], ["79671886", 51.8370899, 9.46418]], "51.8373998813,9.46390897036": [["79671330", 51.8370899, 9.46418], ["764778659", 51.8370899, 9.46418], ["764778658", 51.8366, 9.46338]], "51.8362076394,9.46264313534": [["540654323", 51.8361699, 9.46266], ["764778658", 51.8366, 9.46338], ["79671888", 51.83611, 9.4625799]], "51.8352478277,9.46104537696": [["79671887", 51.8348199, 9.4604], ["79671887", 51.83497, 9.46066]], "51.8347148225,9.46017156355": [["79671887", 51.83497, 9.46066], ["79671887", 51.8348199, 9.4604]], "51.8331463169,9.45755649358": [["79671890", 51.83345, 9.4582199], ["79671889", 51.83329, 9.45791], ["79671889", 51.8325, 9.45672]], "51.8321316876,9.4555478543": [["572244048", 51.83185, 9.4548299], ["572244048", 51.8322299, 9.4561], ["572244048", 51.83237, 9.45642]], "51.8311434612,9.45204413496": [["79671893", 51.8310499, 9.45169], ["79671894", 51.8311699, 9.4523699], ["79671809", 51.83129, 9.4528599], ["79671802", 51.8309, 9.45105]], "51.8304112181,9.44950894453": [["79671340", 51.83057, 9.4492499], ["764778651", 51.83025, 9.4496499], ["79671340", 51.8307, 9.44908], ["79671339", 51.8313, 9.4485299]], "51.826164024,9.44979267195": [["79680793", 51.82607, 9.44977], ["79672927", 51.8256899, 9.4500399], ["79680789", 51.8262799, 9.4499], ["79680789", 51.82667, 9.45006]], "51.8254371453,9.44943493232": [["79680793", 51.82607, 9.44977], ["79680792", 51.82485, 9.4491199], ["79680789", 51.8262799, 9.4499], ["79672927", 51.8256899, 9.4500399]], "51.8246830255,9.44903302006": [["79680792", 51.82485, 9.4491199], ["79680791", 51.82443, 9.44891], ["79680791", 51.8242799, 9.44884], ["79672948", 51.82388, 9.44872]], "51.8231916334,9.44864904508": [["79672291", 51.82296, 9.44868], ["79672291", 51.8231399, 9.44868], ["79672948", 51.8236199, 9.44868], ["79672948", 51.82388, 9.44872]], "51.8215220422,9.44866924547": [["79672290", 51.8212999, 9.4487299], ["79672290", 51.8208699, 9.4487299], ["79672291", 51.82187, 9.44872], ["79672266", 51.8208699, 9.44881]], "51.8197925203,9.44874417968": [["764778646", 51.8190999, 9.44878], ["764778647", 51.8191899, 9.44878], ["79672294", 51.81981, 9.44878]], "51.8190226424,9.44877167232": [["764778646", 51.8190999, 9.44878], ["764778647", 51.8191899, 9.44878], ["79672288", 51.8184699, 9.44882], ["79672294", 51.81981, 9.44878]], "51.8183322251,9.44879338145": [["79680795", 51.8176899, 9.44887], ["764778646", 51.8190999, 9.44878], ["764778647", 51.8191899, 9.44878], ["79672288", 51.81797, 9.44884]]}, "2437687": {"51.8271527532,9.45010271855": [["79680789", 51.82667, 9.45006], ["79680789", 51.8262799, 9.4499], ["79680790", 51.82683, 9.45012], ["764778641", 51.8276699, 9.45048]], "51.8280448392,9.45034478791": [["764778641", 51.82804, 9.4505399], ["764778642", 51.8282899, 9.45046], ["764778642", 51.82866, 9.4503399], ["764778641", 51.8279299, 9.45055]], "51.8303453363,9.44948555902": [["79671340", 51.8307, 9.44908], ["79671340", 51.8313, 9.4485299], ["764778651", 51.8306, 9.4494799], ["764778650", 51.83025, 9.4496499]], "51.8306206819,9.44995972328": [["79671802", 51.83067, 9.44973], ["79671802", 51.8306, 9.4494799], ["764778651", 51.83025, 9.4496499], ["79671340", 51.83057, 9.4492499]], "51.8307800218,9.45071593858": [["79671893", 51.8309, 9.45105], ["79671802", 51.83067, 9.44973], ["79671894", 51.8310499, 9.45169]], "51.8314113468,9.45338683203": [["572244048", 51.83129, 9.4528599], ["572244048", 51.83149, 9.4537]], "51.8334775697,9.45811632089": [["79671890", 51.83329, 9.45791], ["79671890", 51.83345, 9.4582199], ["79671891", 51.8338299, 9.45883]], "51.8341563363,9.45925718173": [["79671887", 51.8340299, 9.45915], ["79671891", 51.8338299, 9.45883]], "51.8348114658,9.46033802815": [["79671887", 51.8348199, 9.4604], ["79671888", 51.83497, 9.46066]], "51.8354232609,9.46135785431": [["79671888", 51.83497, 9.46066], ["79671887", 51.8348199, 9.4604]], "51.836057771,9.46241933852": [["764778658", 51.8361699, 9.46266], ["764778659", 51.8366, 9.46338], ["540654323", 51.83611, 9.4625799]], "51.836709464,9.46350722574": [["79671886", 51.8370899, 9.46418], ["764778659", 51.8366, 9.46338], ["764778658", 51.8361699, 9.46266], ["540654323", 51.83611, 9.4625799]], "51.8378809188,9.464286156": [["764778659", 51.8370899, 9.46418], ["79671886", 51.8370899, 9.46418], ["79671330", 51.8370899, 9.46418]], "51.8378884625,9.46428313851": [["764778659", 51.8370899, 9.46418], ["79671886", 51.8370899, 9.46418], ["79671330", 51.8370899, 9.46418]], "51.8377765641,9.4639329426": [["79671330", 51.8370899, 9.46418], ["764778659", 51.8370899, 9.46418]], "51.8377616443,9.46391777135": [["79671330", 51.8370899, 9.46418], ["764778659", 51.8370899, 9.46418], ["79671886", 51.8370899, 9.46418]], "51.8377600517,9.46392212994": [["79671330", 51.8370899, 9.46418], ["764778659", 51.8370899, 9.46418], ["79671886", 51.8370899, 9.46418]], "51.8377560284,9.46392917074": [["79671330", 51.8370899, 9.46418], ["764778659", 51.8370899, 9.46418], ["79671886", 51.8370899, 9.46418]], "51.8377601355,9.46392514743": [["79671330", 51.8370899, 9.46418], ["764778659", 51.8370899, 9.46418], ["79671886", 51.8370899, 9.46418]], "51.8377642427,9.46389614604": [["79671330", 51.8370899, 9.46418], ["764778659", 51.8370899, 9.46418], ["79671886", 51.8370899, 9.46418]], "51.8377411924,9.46390612051": [["79671330", 51.8370899, 9.46418], ["764778659", 51.8370899, 9.46418], ["79671886", 51.8370899, 9.46418]], "51.8377369177,9.46389044635": [["79671330", 51.8370899, 9.46418], ["764778659", 51.8370899, 9.46418], ["79671886", 51.8370899, 9.46418]], "51.8377531786,9.46386404335": [["79671330", 51.8370899, 9.46418], ["764778659", 51.8370899, 9.46418], ["79671886", 51.8370899, 9.46418]], "51.8377461378,9.46387192234": [["79671330", 51.8370899, 9.46418], ["764778659", 51.8370899, 9.46418], ["79671886", 51.8370899, 9.46418]], "51.8377394322,9.4638778735": [["79671330", 51.8370899, 9.46418], ["764778659", 51.8370899, 9.46418], ["79671886", 51.8370899, 9.46418]], "51.8377353251,9.46386639029": [["79671330", 51.8370899, 9.46418], ["764778659", 51.8370899, 9.46418], ["79671886", 51.8370899, 9.46418]]}}