{"3589844": {"52.4196264893,9.69473669305": [["51908705", 52.4195599, 9.6947199], ["586513947", 52.4195599, 9.6947199], ["586513947", 52.41951, 9.69457], ["51908826", 52.4195599, 9.6947199]], "52.4179791939,9.69753792509": [["51909023", 52.4183, 9.69683], ["51909023", 52.4183, 9.69683], ["51909023", 52.41814, 9.6970799], ["51909023", 52.41796, 9.69736]], "52.4174140859,9.69831702299": [["781527425", 52.41673, 9.69927], ["51909023", 52.41721, 9.69854], ["51909054", 52.41711, 9.6987], ["51909023", 52.41796, 9.69736]], "52.4161740672,9.69984076917": [["51909610", 52.4163, 9.69992], ["51909610", 52.4162, 9.69973], ["51909610", 52.4162, 9.69973], ["51909610", 52.41613, 9.6996099]], "52.415245017,9.70147775486": [["51923777", 52.41472, 9.7023399], ["51909303", 52.41568, 9.70087]], "52.4147640634,9.70220823772": [["51923777", 52.41472, 9.7023399], ["51909376", 52.41481, 9.7024999], ["51909376", 52.41489, 9.70264], ["51909376", 52.41498, 9.70277]], "52.413712889,9.70370784402": [["554760975", 52.41367, 9.70347]], "52.4133330211,9.70427353866": [["554760975", 52.41367, 9.70347], ["723617654", 52.41276, 9.7052599], ["554760975", 52.41278, 9.7047599]], "52.4130116589,9.7047537379": [["51923840", 52.41268, 9.70544], ["723617654", 52.41276, 9.7052599], ["51923840", 52.4125999, 9.70557], ["554760975", 52.41233, 9.70518]], "52.4126166198,9.70523544587": [["723630407", 52.41176, 9.70603], ["723630407", 52.41215, 9.7057], ["723630407", 52.41223, 9.70564], ["51923844", 52.41276, 9.7052599]], "52.4104378279,9.70704836771": [["51910316", 52.41045, 9.70715], ["51923892", 52.41052, 9.70737], ["51923907", 52.41002, 9.7078]], "52.4097976182,9.70766946673": [["51923892", 52.41052, 9.70737], ["51923907", 52.41002, 9.7078], ["51910316", 52.41045, 9.70715]], "52.408606885,9.70872332342": [["51923962", 52.4085299, 9.7090899], ["723630409", 52.40805, 9.7095], ["51923982", 52.40805, 9.7095]], "52.4082973413,9.70893655904": [["723630410", 52.40799, 9.7092599], ["51923983", 52.40846, 9.7088599], ["723630409", 52.40805, 9.7095], ["51923962", 52.4085299, 9.7090899]], "52.4082296994,9.70895952545": [["723630409", 52.40805, 9.7095], ["51923962", 52.4085299, 9.7090899], ["51923982", 52.40805, 9.7095]], "52.4079529289,9.70918499865": [["51923982", 52.40805, 9.7095], ["723630409", 52.40805, 9.7095], ["51923962", 52.4085299, 9.7090899]], "52.407549927,9.70953812823": [["723630409", 52.40805, 9.7095], ["51923962", 52.4085299, 9.7090899], ["51923982", 52.40805, 9.7095]], "52.4070639443,9.70992922783": [["723630409", 52.40805, 9.7095], ["51923982", 52.40805, 9.7095]], "52.4065219704,9.71037824638": []}, "3590103": {"52.4060137756,9.71056742594": [], "52.4060386699,9.710367769": [], "52.4060457945,9.71045007929": [], "52.4060161225,9.710457623": [], "52.4059258495,9.7104197368": [], "52.4059161264,9.7104025539": [], "52.4058882985,9.71043432131": [], "52.4055602308,9.71047732048": [], "52.4056209996,9.71049777232": [], "52.4057400227,9.71060036682": [], "52.4057256896,9.71025042236": [], "52.4057439622,9.71012536436": [], "52.4057315569,9.71021689475": [], "52.4057225883,9.71027422696": [], "52.4056582991,9.71023994498": [], "52.4056371767,9.71010281704": [], "52.4056377634,9.71026609652": [], "52.405666681,9.71024673432": [], "52.4056750629,9.71026048064": [], "52.4056162219,9.71026265994": []}, "3627475": {"52.0515429229,8.77873532474": [["763534912", 52.0513299, 8.77942], ["763534912", 52.05157, 8.77872], ["763534911", 52.0512299, 8.7797], ["763534912", 52.05181, 8.77794]], "52.0500624273,8.78253827803": [["763534911", 52.05017, 8.78244], ["61217334", 52.04961, 8.78341], ["61217334", 52.04978, 8.78296], ["61217334", 52.0499799, 8.7823]], "52.0482706279,8.78716751933": [["587010765", 52.04865, 8.7861899], ["756448306", 52.04901, 8.7872699], ["587010764", 52.0483799, 8.78696], ["763534927", 52.04827, 8.78729]], "52.0477394667,8.78872931935": [["763534926", 52.0480499, 8.78791], ["763534925", 52.0475199, 8.78969], ["763534926", 52.0480499, 8.78791], ["763534926", 52.04783, 8.78861]], "52.0472303499,8.79057652317": [["763534925", 52.0475199, 8.78969], ["763534925", 52.0471699, 8.79107]], "52.0467811637,8.79255373031": [["763534925", 52.04685, 8.79248]], "52.0464149583,8.79449472763": [["763534925", 52.0465, 8.79432], ["763534925", 52.0463099, 8.79544]], "52.046139529,8.79604982212": [["763534925", 52.0463099, 8.79544], ["763534924", 52.04613, 8.7966899]], "52.0456941985,8.79931222647": [["763059403", 52.0457902, 8.7992649], ["763059403", 52.04574, 8.7996499], ["763059403", 52.0458683, 8.798666], ["763059402", 52.0456599, 8.80025]], "52.0445273537,8.80678494461": [["763059394", 52.04448, 8.80742], ["76188145", 52.04469, 8.8064499], ["61217331", 52.04436, 8.8068099], ["61217331", 52.0444399, 8.8063499]], "52.0440564584,8.80886449479": [["61217331", 52.0441499, 8.80817], ["61217331", 52.04376, 8.80978], ["763059394", 52.04396, 8.80964]], "52.0426245779,8.81415138021": [["763059395", 52.04262, 8.81448], ["61215817", 52.04308, 8.81349]], "52.0410681423,8.81970715709": [["763059410", 52.04117, 8.81952], ["61217331", 52.04107, 8.81946]], "52.0399384294,8.82360122167": [["792750747", 52.04002, 8.82344]], "52.0389026776,8.827121621": [["76188138", 52.03885, 8.8274899]], "52.03833187,8.82885558531": [["76185413", 52.03848, 8.8292199], ["76185413", 52.03844, 8.82911], ["76188137", 52.03855, 8.8284999], ["76185416", 52.03839, 8.82907]], "52.0361237414,8.82885022089": [["74848677", 52.0351499, 8.82815], ["74848677", 52.03629, 8.82902], ["74848677", 52.0360999, 8.82892], ["74848677", 52.03684, 8.82911]], "52.0346884243,8.82790843025": [["74848690", 52.0345299, 8.8278799], ["74848677", 52.0349799, 8.82803], ["74848677", 52.0351499, 8.82815], ["74848677", 52.03565, 8.82859]], "52.0338991843,8.8277166523": [["74848690", 52.0345299, 8.8278799]], "52.033084631,8.8275109604": [["74848690", 52.0322999, 8.82731], ["74890243", 52.03214, 8.8273]], "52.0319542475,8.82726252079": [["74848690", 52.0322999, 8.82731], ["74890243", 52.03204, 8.8273], ["74890243", 52.03214, 8.8273], ["74848689", 52.03202, 8.82819]], "52.0267651789,8.82604706101": [["74891696", 52.0275299, 8.82636], ["74848719", 52.0268099, 8.8262099], ["74848718", 52.02578, 8.8260099]], "52.0263070241,8.82595016621": [["74848719", 52.0268099, 8.8262099], ["74848718", 52.02578, 8.8260099]], "52.0260159206,8.82587799802": [["74891696", 52.0268099, 8.8262099], ["74848719", 52.0268099, 8.8262099], ["74848719", 52.02578, 8.8260099], ["74848718", 52.02591, 8.8254]], "52.0257076342,8.82658584975": [["74848718", 52.02578, 8.8260099], ["74848719", 52.02578, 8.8260099], ["74890264", 52.0248699, 8.82599], ["759539414", 52.02528, 8.8274199]], "52.0254224818,8.82707325742": [["74890264", 52.0251099, 8.82671], ["759539414", 52.0253399, 8.82774], ["759539414", 52.02528, 8.8274199], ["74890264", 52.02528, 8.8274199]], "52.0253223181,8.82764884271": [["759539414", 52.02528, 8.8274199], ["74890264", 52.02525, 8.8272599], ["74890264", 52.0251099, 8.82671]], "52.0246785879,8.83045552298": [["74848729", 52.02467, 8.83128], ["74848729", 52.0247, 8.8306099], ["74848729", 52.02467, 8.83128], ["74848725", 52.0247, 8.8306099]], "52.0246040728,8.83112959564": [["74848729", 52.02467, 8.83128], ["74848729", 52.0247, 8.8306099], ["74848725", 52.0243199, 8.83062], ["74848725", 52.0245099, 8.83063]]}}