{"5175479": {"52.1613879316,9.94975182228": [["51898598", 52.1612899, 9.94965], ["51898639", 52.1612899, 9.94965], ["51898660", 52.1612899, 9.94965]], "52.1613694914,9.94974327274": [["51898598", 52.1612899, 9.94965], ["51898639", 52.1612899, 9.94965], ["51898660", 52.1612899, 9.94965]], "52.1613711677,9.94972743094": [["51898598", 52.1612899, 9.94965], ["51898639", 52.1612899, 9.94965], ["51898660", 52.1612899, 9.94965]], "52.161363624,9.94972608984": [["51898598", 52.1612899, 9.94965], ["51898639", 52.1612899, 9.94965], ["51898660", 52.1612899, 9.94965]], "52.1613582596,9.94968703017": [["51898598", 52.1612899, 9.94965], ["51898639", 52.1612899, 9.94965], ["51898660", 52.1612899, 9.94965]], "52.1613523923,9.94968242012": [["51898598", 52.1612899, 9.94965], ["51898639", 52.1612899, 9.94965], ["51898660", 52.1612899, 9.94965]], "52.1613494586,9.94968124665": [["51898598", 52.1612899, 9.94965], ["51898639", 52.1612899, 9.94965], ["51898660", 52.1612899, 9.94965]], "52.1613478661,9.94968133047": [["51898598", 52.1612899, 9.94965], ["51898639", 52.1612899, 9.94965], ["51898660", 52.1612899, 9.94965]], "52.1613451838,9.94968032464": [["51898598", 52.1612899, 9.94965], ["51898639", 52.1612899, 9.94965], ["51898660", 52.1612899, 9.94965]], "52.1613495424,9.94968359359": [["51898598", 52.1612899, 9.94965], ["51898639", 52.1612899, 9.94965], ["51898660", 52.1612899, 9.94965]], "52.1613541525,9.94968552142": [["51898598", 52.1612899, 9.94965], ["51898639", 52.1612899, 9.94965], ["51898660", 52.1612899, 9.94965]], "52.1613652166,9.94968828745": [["51898598", 52.1612899, 9.94965], ["51898639", 52.1612899, 9.94965], ["51898660", 52.1612899, 9.94965]], "52.1613692399,9.94969038293": [["51898598", 52.1612899, 9.94965], ["51898639", 52.1612899, 9.94965], ["51898660", 52.1612899, 9.94965]], "52.161372425,9.94969314896": [["51898598", 52.1612899, 9.94965], ["51898639", 52.1612899, 9.94965], ["51898660", 52.1612899, 9.94965]], "52.1613766998,9.94969549589": [["51898598", 52.1612899, 9.94965], ["51898639", 52.1612899, 9.94965], ["51898660", 52.1612899, 9.94965]], "52.1613771189,9.94969616644": [["51898598", 52.1612899, 9.94965], ["51898639", 52.1612899, 9.94965], ["51898660", 52.1612899, 9.94965]], "52.1613787953,9.94967093691": [["51898598", 52.1612899, 9.94965], ["51898639", 52.1612899, 9.94965], ["51898660", 52.1612899, 9.94965]], "52.161382651,9.94967428967": [["51898598", 52.1612899, 9.94965], ["51898639", 52.1612899, 9.94965], ["51898660", 52.1612899, 9.94965]], "52.1613957267,9.94968376122": [["51898598", 52.1612899, 9.94965], ["51898639", 52.1612899, 9.94965], ["51898660", 52.1612899, 9.94965]], "52.161403941,9.94969063438": [["51898598", 52.1612899, 9.94965], ["51898639", 52.1612899, 9.94965], ["51898660", 52.1612899, 9.94965]], "52.161410898,9.94970086031": [["51898598", 52.1612899, 9.94965], ["51898639", 52.1612899, 9.94965], ["51898660", 52.1612899, 9.94965]], "52.1614263207,9.94971485808": [["51898598", 52.1612899, 9.94965], ["51898639", 52.1612899, 9.94965], ["51898660", 52.1612899, 9.94965]], "52.1614296734,9.94977026246": [["51898598", 52.1612899, 9.94965], ["51898639", 52.1612899, 9.94965], ["51898660", 52.1612899, 9.94965]], "52.1614346188,9.94980295189": [["51898598", 52.1612899, 9.94965], ["51898639", 52.1612899, 9.94965], ["51898660", 52.1612899, 9.94965]], "52.1614288352,9.94980253279": [["51898598", 52.1612899, 9.94965], ["51898639", 52.1612899, 9.94965], ["51898660", 52.1612899, 9.94965]], "52.161418274,9.94983019307": [["51898639", 52.1612899, 9.94965], ["51898598", 52.1612899, 9.94965], ["51898660", 52.1612899, 9.94965]], "52.1614192799,9.94984813035": [["51898639", 52.1612899, 9.94965], ["51898598", 52.1612899, 9.94965], ["51898660", 52.1612899, 9.94965]], "52.1614166815,9.94985332713": [["51898639", 52.1612899, 9.94965], ["51898598", 52.1612899, 9.94965], ["51898660", 52.1612899, 9.94965]], "52.1613732632,9.94980722666": [["51898639", 52.1612899, 9.94965], ["51898598", 52.1612899, 9.94965], ["51898660", 52.1612899, 9.94965]], "52.1613864228,9.94985559024": [["51898639", 52.1612899, 9.94965], ["51898598", 52.1612899, 9.94965], ["51898660", 52.1612899, 9.94965]], "52.1613992471,9.94982667267": [["51898639", 52.1612899, 9.94965], ["51898598", 52.1612899, 9.94965], ["51898660", 52.1612899, 9.94965]], "52.1612944733,9.94974109344": [["51898639", 52.1612899, 9.94965]], "52.1613311861,9.94971913286": [["51898639", 52.1612899, 9.94965], ["51898598", 52.1612899, 9.94965], ["51898660", 52.1612899, 9.94965]], "52.1613877639,9.94968518615": [["51898598", 52.1612899, 9.94965], ["51898639", 52.1612899, 9.94965], ["51898660", 52.1612899, 9.94965]], "52.1614323556,9.94971351698": [["51898598", 52.1612899, 9.94965], ["51898639", 52.1612899, 9.94965], ["51898660", 52.1612899, 9.94965]], "52.1615083795,9.94975282811": [["51898598", 52.1612899, 9.94965], ["51898639", 52.1612899, 9.94965], ["51898660", 52.1612899, 9.94965]], "52.1615331899,9.94979239069": [["51898598", 52.1612899, 9.94965], ["51898639", 52.1612899, 9.94965], ["51898660", 52.1612899, 9.94965]], "52.1615487803,9.94981158525": [["51898598", 52.1612899, 9.94965], ["51898639", 52.1612899, 9.94965], ["51898660", 52.1612899, 9.94965]], "52.1615698189,9.94982365519": [["51898598", 52.1612899, 9.94965], ["51898639", 52.1612899, 9.94965], ["51898660", 52.1612899, 9.94965]], "52.161558168,9.94984259829": [["51898598", 52.1612899, 9.94965], ["51898639", 52.1612899, 9.94965], ["51898660", 52.1612899, 9.94965]], "52.1615580842,9.94986925274": [["51898598", 52.1612899, 9.94965], ["51898639", 52.1612899, 9.94965], ["51898660", 52.1612899, 9.94965]], "52.1615654603,9.94986707345": [["51898598", 52.1612899, 9.94965], ["51898639", 52.1612899, 9.94965], ["51898660", 52.1612899, 9.94965]], "52.1615117323,9.94983421639": [["51898598", 52.1612899, 9.94965], ["51898639", 52.1612899, 9.94965], ["51898660", 52.1612899, 9.94965]], "52.1615820564,9.94984653778": [["51898598", 52.1625799, 9.94965], ["51898598", 52.1612899, 9.94965], ["51898639", 52.1612899, 9.94965], ["51898660", 52.1612899, 9.94965]], "52.1615866665,9.94984293357": [["51898598", 52.1625799, 9.94965], ["51898598", 52.1612899, 9.94965], ["51898639", 52.1612899, 9.94965], ["51898660", 52.1612899, 9.94965]], "52.1615783684,9.94983212091": [["51898598", 52.1612899, 9.94965], ["51898639", 52.1612899, 9.94965], ["51898660", 52.1612899, 9.94965]], "52.1615532227,9.94980747811": [["51898598", 52.1612899, 9.94965], ["51898639", 52.1612899, 9.94965], ["51898660", 52.1612899, 9.94965]], "52.1615382191,9.94982122444": [["51898598", 52.1612899, 9.94965], ["51898639", 52.1612899, 9.94965], ["51898660", 52.1612899, 9.94965]], "52.1615329385,9.94981946424": [["51898598", 52.1612899, 9.94965], ["51898639", 52.1612899, 9.94965], ["51898660", 52.1612899, 9.94965]], "52.1615087986,9.9498206377": [["51898598", 52.1612899, 9.94965], ["51898639", 52.1612899, 9.94965], ["51898660", 52.1612899, 9.94965]], "52.1615093853,9.94982734323": [["51898598", 52.1612899, 9.94965], ["51898639", 52.1612899, 9.94965], ["51898660", 52.1612899, 9.94965]], "52.1615168452,9.949831618": [["51898598", 52.1612899, 9.94965], ["51898639", 52.1612899, 9.94965], ["51898660", 52.1612899, 9.94965]], "52.1615348663,9.94991191663": [["51898598", 52.1612899, 9.94965], ["51898639", 52.1612899, 9.94965], ["51898660", 52.1612899, 9.94965]], "52.1615584195,9.94995743036": [["51898598", 52.1612899, 9.94965], ["51898639", 52.1612899, 9.94965], ["51898660", 52.1612899, 9.94965]], "52.1615251433,9.94992859662": [["51898598", 52.1612899, 9.94965], ["51898639", 52.1612899, 9.94965], ["51898660", 52.1612899, 9.94965]], "52.1615018416,9.94990697131": [["51898598", 52.1612899, 9.94965], ["51898639", 52.1612899, 9.94965], ["51898660", 52.1612899, 9.94965]], "52.1614536457,9.94989498518": [["51898639", 52.1612899, 9.94965], ["51898598", 52.1612899, 9.94965], ["51898660", 52.1612899, 9.94965]], "52.1614170168,9.94987922721": [["51898639", 52.1612899, 9.94965], ["51898598", 52.1612899, 9.94965], ["51898660", 52.1612899, 9.94965]], "52.1614059526,9.94989171624": [["51898639", 52.1612899, 9.94965], ["51898598", 52.1612899, 9.94965], ["51898660", 52.1612899, 9.94965]], "52.1613880992,9.94989012368": [["51898639", 52.1612899, 9.94965], ["51898598", 52.1612899, 9.94965], ["51898660", 52.1612899, 9.94965]], "52.1614101436,9.94990864769": [["51898639", 52.1612899, 9.94965], ["51898598", 52.1612899, 9.94965], ["51898660", 52.1612899, 9.94965]], "52.1614720859,9.94997327216": [["51898639", 52.1612899, 9.94965], ["51898598", 52.1612899, 9.94965], ["51898660", 52.1612899, 9.94965]], "52.1615097206,9.94997821748": [["51898639", 52.1612899, 9.94965], ["51898598", 52.1612899, 9.94965], ["51898660", 52.1612899, 9.94965]], "52.161534531,9.94997402653": [["51898639", 52.1612899, 9.94965], ["51898598", 52.1612899, 9.94965], ["51898660", 52.1612899, 9.94965]], "52.1615394764,9.94992692024": [["51898598", 52.1612899, 9.94965], ["51898639", 52.1612899, 9.94965], ["51898660", 52.1612899, 9.94965]], "52.1615235507,9.94986447506": [["51898598", 52.1612899, 9.94965], ["51898639", 52.1612899, 9.94965], ["51898660", 52.1612899, 9.94965]], "52.1614522208,9.94981787167": [["51898598", 52.1612899, 9.94965], ["51898639", 52.1612899, 9.94965], ["51898660", 52.1612899, 9.94965]], "52.1614774503,9.94980689138": [["51898598", 52.1612899, 9.94965], ["51898639", 52.1612899, 9.94965], ["51898660", 52.1612899, 9.94965]], "52.1614852455,9.94981074706": [["51898598", 52.1612899, 9.94965], ["51898639", 52.1612899, 9.94965], ["51898660", 52.1612899, 9.94965]], "52.1614861675,9.94980798103": [["51898598", 52.1612899, 9.94965], ["51898639", 52.1612899, 9.94965], ["51898660", 52.1612899, 9.94965]], "52.1614875924,9.94981066324": [["51898598", 52.1612899, 9.94965], ["51898639", 52.1612899, 9.94965], ["51898660", 52.1612899, 9.94965]], "52.1614869218,9.94981217198": [["51898598", 52.1612899, 9.94965], ["51898639", 52.1612899, 9.94965], ["51898660", 52.1612899, 9.94965]], "52.1614862513,9.94981192052": [["51898598", 52.1612899, 9.94965], ["51898639", 52.1612899, 9.94965], ["51898660", 52.1612899, 9.94965]], "52.1614847425,9.94981024414": [["51898598", 52.1612899, 9.94965], ["51898639", 52.1612899, 9.94965], ["51898660", 52.1612899, 9.94965]], "52.1614827309,9.94980789721": [["51898598", 52.1612899, 9.94965], ["51898639", 52.1612899, 9.94965], ["51898660", 52.1612899, 9.94965]]}}