{"5084505": {"52.3321165703,9.83542467467": [["51962635", 52.3322199, 9.8353099], ["51962643", 52.3322199, 9.8353099], ["51962643", 52.33204, 9.8351699]], "52.3321634252,9.83544412069": [["51962635", 52.3322199, 9.8353099], ["51962643", 52.3322199, 9.8353099], ["51962643", 52.33204, 9.8351699]], "52.3320915923,9.83540631831": [["51962635", 52.3322199, 9.8353099], ["51962643", 52.3322199, 9.8353099]], "52.3321568873,9.83542132191": [["51962643", 52.33204, 9.8351699]], "52.3322506808,9.83546172269": [["51962635", 52.3322199, 9.8353099], ["51962643", 52.3322199, 9.8353099], ["51962643", 52.33204, 9.8351699]], "52.3321632575,9.83542408794": [["51962635", 52.3322199, 9.8353099], ["51962643", 52.3322199, 9.8353099]], "52.3320156522,9.83535862528": [["51962643", 52.3322199, 9.8353099], ["51962635", 52.3322199, 9.8353099]], "52.3322511837,9.83545325696": [["51962635", 52.3322199, 9.8353099], ["51962643", 52.3322199, 9.8353099], ["51962643", 52.33204, 9.8351699]], "52.3322556261,9.83545904048": [["51962643", 52.3322199, 9.8353099], ["51962635", 52.3322199, 9.8353099]], "52.3321776744,9.83543557115": [["51962643", 52.33204, 9.8351699]], "52.3325036466,9.83550572768": [["51962643", 52.3322199, 9.8353099], ["51962643", 52.33204, 9.8351699], ["51962635", 52.3322199, 9.8353099]], "52.3325072508,9.83547345735": [["51962643", 52.3322199, 9.8353099], ["51962643", 52.33204, 9.8351699], ["51962635", 52.3322199, 9.8353099]], "52.3325191531,9.83549315482": [["51962643", 52.3322199, 9.8353099], ["51962643", 52.33204, 9.8351699], ["51962635", 52.3322199, 9.8353099]], "52.3325441312,9.83547572047": [["51962643", 52.3322199, 9.8353099], ["51962643", 52.33204, 9.8351699], ["51962635", 52.3322199, 9.8353099]], "52.3325616494,9.83550782315": [["51962643", 52.3322199, 9.8353099], ["51962643", 52.33204, 9.8351699], ["51962635", 52.3322199, 9.8353099]], "52.3325626552,9.83560572378": [["51962643", 52.3322199, 9.8353099], ["51962643", 52.33204, 9.8351699], ["51962635", 52.3322199, 9.8353099]]}}